 0.00000000e+00 -2.22334820e-38  0.00000000e+00  4.24457383e-36 
 1.00000000e-02  9.09091263e-15  1.00000000e-02  9.09090909e-03 
 2.00000000e-02  1.81818263e-14  2.00000000e-02  1.81818182e-02 
 3.00000000e-02  2.72727403e-14  3.00000000e-02  2.72727273e-02 
 4.00000000e-02  3.63636551e-14  4.00000000e-02  3.63636364e-02 
 5.00000000e-02  4.54545706e-14  5.00000000e-02  4.54545454e-02 
 6.00000000e-02  5.45454871e-14  6.00000000e-02  5.45454545e-02 
 7.00000000e-02  6.36364046e-14  7.00000000e-02  6.36363636e-02 
 8.00000000e-02  7.27273233e-14  8.00000000e-02  7.27272727e-02 
 9.00000000e-02  8.18182434e-14  9.00000000e-02  8.18181818e-02 
 1.00000000e-01  9.09091651e-14  1.00000000e-01  9.09090909e-02 
 1.10000000e-01  1.00000089e-13  1.10000000e-01  1.00000000e-01 
 1.20000000e-01  1.09091014e-13  1.20000000e-01  1.09090909e-01 
 1.30000000e-01  1.18181942e-13  1.30000000e-01  1.18181818e-01 
 1.40000000e-01  1.27272872e-13  1.40000000e-01  1.27272727e-01 
 1.50000000e-01  1.36363806e-13  1.50000000e-01  1.36363636e-01 
 1.60000000e-01  1.45454743e-13  1.60000000e-01  1.45454545e-01 
 1.70000000e-01  1.54545684e-13  1.70000000e-01  1.54545455e-01 
 1.80000000e-01  1.63636630e-13  1.80000000e-01  1.63636364e-01 
 1.90000000e-01  1.72727580e-13  1.90000000e-01  1.72727273e-01 
 2.00000000e-01  1.81818537e-13  2.00000000e-01  1.81818182e-01 
 2.10000000e-01  1.90909501e-13  2.10000000e-01  1.90909091e-01 
 2.20000000e-01  2.00000472e-13  2.20000000e-01  2.00000000e-01 
 2.30000000e-01  2.09091452e-13  2.30000000e-01  2.09090909e-01 
 2.40000000e-01  2.18182442e-13  2.40000000e-01  2.18181818e-01 
 2.50000000e-01  2.27273444e-13  2.50000000e-01  2.27272727e-01 
 2.60000000e-01  2.36364459e-13  2.60000000e-01  2.36363636e-01 
 2.70000000e-01  2.45455489e-13  2.70000000e-01  2.45454545e-01 
 2.80000000e-01  2.54546537e-13  2.80000000e-01  2.54545454e-01 
 2.90000000e-01  2.63637604e-13  2.90000000e-01  2.63636364e-01 
 3.00000000e-01  2.72728693e-13  3.00000000e-01  2.72727273e-01 
 3.10000000e-01  2.81819809e-13  3.10000000e-01  2.81818182e-01 
 3.20000000e-01  2.90910953e-13  3.20000000e-01  2.90909091e-01 
 3.30000000e-01  3.00002132e-13  3.30000000e-01  3.00000000e-01 
 3.40000000e-01  3.09093348e-13  3.40000000e-01  3.09090909e-01 
 3.50000000e-01  3.18184609e-13  3.50000000e-01  3.18181818e-01 
 3.60000000e-01  3.27275919e-13  3.60000000e-01  3.27272727e-01 
 3.70000000e-01  3.36367287e-13  3.70000000e-01  3.36363636e-01 
 3.80000000e-01  3.45458720e-13  3.80000000e-01  3.45454545e-01 
 3.90000000e-01  3.54550228e-13  3.90000000e-01  3.54545454e-01 
 4.00000000e-01  3.63641821e-13  4.00000000e-01  3.63636364e-01 
 4.10000000e-01  3.72733512e-13  4.10000000e-01  3.72727273e-01 
 4.20000000e-01  3.81825314e-13  4.20000000e-01  3.81818182e-01 
 4.30000000e-01  3.90917243e-13  4.30000000e-01  3.90909091e-01 
 4.40000000e-01  4.00009318e-13  4.40000000e-01  4.00000000e-01 
 4.50000000e-01  4.09101559e-13  4.50000000e-01  4.09090909e-01 
 4.60000000e-01  4.18193990e-13  4.60000000e-01  4.18181818e-01 
 4.70000000e-01  4.27286637e-13  4.70000000e-01  4.27272727e-01 
 4.80000000e-01  4.36379532e-13  4.80000000e-01  4.36363636e-01 
 4.90000000e-01  4.45472711e-13  4.90000000e-01  4.45454545e-01 
 5.00000000e-01  4.54566212e-13  5.00000000e-01  4.54545454e-01 
 5.10000000e-01  4.63660083e-13  5.10000000e-01  4.63636364e-01 
 5.20000000e-01  4.72754376e-13  5.20000000e-01  4.72727273e-01 
 5.30000000e-01  4.81849152e-13  5.30000000e-01  4.81818182e-01 
 5.40000000e-01  4.90944478e-13  5.40000000e-01  4.90909091e-01 
 5.50000000e-01  5.00040434e-13  5.50000000e-01  5.00000000e-01 
 5.60000000e-01  5.09137110e-13  5.60000000e-01  5.09090909e-01 
 5.70000000e-01  5.18234607e-13  5.70000000e-01  5.18181818e-01 
 5.80000000e-01  5.27333042e-13  5.80000000e-01  5.27272727e-01 
 5.90000000e-01  5.36432551e-13  5.90000000e-01  5.36363636e-01 
 6.00000000e-01  5.45533285e-13  6.00000000e-01  5.45454545e-01 
 6.10000000e-01  5.54635419e-13  6.10000000e-01  5.54545454e-01 
 6.20000000e-01  5.63739153e-13  6.20000000e-01  5.63636364e-01 
 6.30000000e-01  5.72844714e-13  6.30000000e-01  5.72727273e-01 
 6.40000000e-01  5.81952364e-13  6.40000000e-01  5.81818182e-01 
 6.50000000e-01  5.91062399e-13  6.50000000e-01  5.90909091e-01 
 6.60000000e-01  6.00175160e-13  6.60000000e-01  6.00000000e-01 
 6.70000000e-01  6.09291035e-13  6.70000000e-01  6.09090909e-01 
 6.80000000e-01  6.18410468e-13  6.80000000e-01  6.18181818e-01 
 6.90000000e-01  6.27533966e-13  6.90000000e-01  6.27272727e-01 
 7.00000000e-01  6.36662109e-13  7.00000000e-01  6.36363636e-01 
 7.10000000e-01  6.45795557e-13  7.10000000e-01  6.45454545e-01 
 7.20000000e-01  6.54935068e-13  7.20000000e-01  6.54545454e-01 
 7.30000000e-01  6.64081505e-13  7.30000000e-01  6.63636364e-01 
 7.40000000e-01  6.73235855e-13  7.40000000e-01  6.72727273e-01 
 7.50000000e-01  6.82399247e-13  7.50000000e-01  6.81818182e-01 
 7.60000000e-01  6.91572968e-13  7.60000000e-01  6.90909091e-01 
 7.70000000e-01  7.00758490e-13  7.70000000e-01  7.00000000e-01 
 7.80000000e-01  7.09957496e-13  7.80000000e-01  7.09090909e-01 
 7.90000000e-01  7.19171907e-13  7.90000000e-01  7.18181818e-01 
 8.00000000e-01  7.28403918e-13  8.00000000e-01  7.27272727e-01 
 8.10000000e-01  7.37656038e-13  8.10000000e-01  7.36363636e-01 
 8.20000000e-01  7.46931133e-13  8.20000000e-01  7.45454545e-01 
 8.30000000e-01  7.56232475e-13  8.30000000e-01  7.54545454e-01 
 8.40000000e-01  7.65563807e-13  8.40000000e-01  7.63636363e-01 
 8.50000000e-01  7.74929402e-13  8.50000000e-01  7.72727273e-01 
 8.60000000e-01  7.84334142e-13  8.60000000e-01  7.81818182e-01 
 8.70000000e-01  7.93783607e-13  8.70000000e-01  7.90909091e-01 
 8.80000000e-01  8.03284169e-13  8.80000000e-01  8.00000000e-01 
 8.90000000e-01  8.12843112e-13  8.90000000e-01  8.09090909e-01 
 9.00000000e-01  8.22468755e-13  9.00000000e-01  8.18181818e-01 
 9.10000000e-01  8.32170603e-13  9.10000000e-01  8.27272727e-01 
 9.20000000e-01  8.41959517e-13  9.20000000e-01  8.36363636e-01 
 9.30000000e-01  8.51847903e-13  9.30000000e-01  8.45454545e-01 
 9.40000000e-01  8.61849939e-13  9.40000000e-01  8.54545454e-01 
 9.50000000e-01  8.71981821e-13  9.50000000e-01  8.63636363e-01 
 9.60000000e-01  8.82262052e-13  9.60000000e-01  8.72727273e-01 
 9.70000000e-01  8.92711775e-13  9.70000000e-01  8.81818182e-01 
 9.80000000e-01  9.03355144e-13  9.80000000e-01  8.90909091e-01 
 9.90000000e-01  9.14219755e-13  9.90000000e-01  9.00000000e-01 
 1.00000000e+00  9.25337138e-13  1.00000000e+00  9.09090909e-01 
 1.01000000e+00  9.36743315e-13  1.01000000e+00  9.18181818e-01 
 1.02000000e+00  9.48479444e-13  1.02000000e+00  9.27272727e-01 
 1.03000000e+00  9.60592545e-13  1.03000000e+00  9.36363636e-01 
 1.04000000e+00  9.73136341e-13  1.04000000e+00  9.45454545e-01 
 1.05000000e+00  9.86172211e-13  1.05000000e+00  9.54545454e-01 
 1.06000000e+00  9.99770281e-13  1.06000000e+00  9.63636363e-01 
 1.07000000e+00  1.01401067e-12  1.07000000e+00  9.72727273e-01 
 1.08000000e+00  1.02898492e-12  1.08000000e+00  9.81818182e-01 
 1.09000000e+00  1.04479760e-12  1.09000000e+00  9.90909091e-01 
 1.10000000e+00  1.06156822e-12  1.10000000e+00  1.00000000e+00 
 1.11000000e+00  1.07943327e-12  1.11000000e+00  1.00909091e+00 
 1.12000000e+00  1.09854874e-12  1.12000000e+00  1.01818182e+00 
 1.13000000e+00  1.11909281e-12  1.13000000e+00  1.02727273e+00 
 1.14000000e+00  1.14126909e-12  1.14000000e+00  1.03636364e+00 
 1.15000000e+00  1.16531017e-12  1.15000000e+00  1.04545455e+00 
 1.16000000e+00  1.19148182e-12  1.16000000e+00  1.05454545e+00 
 1.17000000e+00  1.22008765e-12  1.17000000e+00  1.06363636e+00 
 1.18000000e+00  1.25147458e-12  1.18000000e+00  1.07272727e+00 
 1.19000000e+00  1.28603893e-12  1.19000000e+00  1.08181818e+00 
 1.20000000e+00  1.32423352e-12  1.20000000e+00  1.09090909e+00 
 1.21000000e+00  1.36657571e-12  1.21000000e+00  1.10000000e+00 
 1.22000000e+00  1.41365656e-12  1.22000000e+00  1.10909091e+00 
 1.23000000e+00  1.46615140e-12  1.23000000e+00  1.11818182e+00 
 1.24000000e+00  1.52483177e-12  1.24000000e+00  1.12727273e+00 
 1.25000000e+00  1.59057917e-12  1.25000000e+00  1.13636364e+00 
 1.26000000e+00  1.66440075e-12  1.26000000e+00  1.14545455e+00 
 1.27000000e+00  1.74744715e-12  1.27000000e+00  1.15454545e+00 
 1.28000000e+00  1.84103301e-12  1.28000000e+00  1.16363636e+00 
 1.29000000e+00  1.94666032e-12  1.29000000e+00  1.17272727e+00 
 1.30000000e+00  2.06604512e-12  1.30000000e+00  1.18181818e+00 
 1.31000000e+00  2.20114801e-12  1.31000000e+00  1.19090909e+00 
 1.32000000e+00  2.35420897e-12  1.32000000e+00  1.20000000e+00 
 1.33000000e+00  2.52778723e-12  1.33000000e+00  1.20909091e+00 
 1.34000000e+00  2.72480673e-12  1.34000000e+00  1.21818182e+00 
 1.35000000e+00  2.94860811e-12  1.35000000e+00  1.22727273e+00 
 1.36000000e+00  3.20300806e-12  1.36000000e+00  1.23636364e+00 
 1.37000000e+00  3.49236723e-12  1.37000000e+00  1.24545454e+00 
 1.38000000e+00  3.82166767e-12  1.38000000e+00  1.25454545e+00 
 1.39000000e+00  4.19660146e-12  1.39000000e+00  1.26363636e+00 
 1.40000000e+00  4.62367184e-12  1.40000000e+00  1.27272727e+00 
 1.41000000e+00  5.11030885e-12  1.41000000e+00  1.28181818e+00 
 1.42000000e+00  5.66500138e-12  1.42000000e+00  1.29090909e+00 
 1.43000000e+00  6.29744808e-12  1.43000000e+00  1.30000000e+00 
 1.44000000e+00  7.01872977e-12  1.44000000e+00  1.30909091e+00 
 1.45000000e+00  7.84150640e-12  1.45000000e+00  1.31818182e+00 
 1.46000000e+00  8.78024211e-12  1.46000000e+00  1.32727273e+00 
 1.47000000e+00  9.85146231e-12  1.47000000e+00  1.33636363e+00 
 1.48000000e+00  1.10740475e-11  1.48000000e+00  1.34545454e+00 
 1.49000000e+00  1.24695688e-11  1.49000000e+00  1.35454545e+00 
 1.50000000e+00  1.40626716e-11  1.50000000e+00  1.36363636e+00 
 1.51000000e+00  1.58815133e-11  1.51000000e+00  1.37272727e+00 
 1.52000000e+00  1.79582642e-11  1.52000000e+00  1.38181818e+00 
 1.53000000e+00  2.03296791e-11  1.53000000e+00  1.39090909e+00 
 1.54000000e+00  2.30377508e-11  1.54000000e+00  1.40000000e+00 
 1.55000000e+00  2.61304567e-11  1.55000000e+00  1.40909090e+00 
 1.56000000e+00  2.96626112e-11  1.56000000e+00  1.41818181e+00 
 1.57000000e+00  3.36968406e-11  1.57000000e+00  1.42727272e+00 
 1.58000000e+00  3.83046960e-11  1.58000000e+00  1.43636363e+00 
 1.59000000e+00  4.35679252e-11  1.59000000e+00  1.44545454e+00 
 1.60000000e+00  4.95799262e-11  1.60000000e+00  1.45454545e+00 
 1.61000000e+00  5.64474069e-11  1.61000000e+00  1.46363635e+00 
 1.62000000e+00  6.42922827e-11  1.62000000e+00  1.47272726e+00 
 1.63000000e+00  7.32538426e-11  1.63000000e+00  1.48181817e+00 
 1.64000000e+00  8.34912264e-11  1.64000000e+00  1.49090907e+00 
 1.65000000e+00  9.51862525e-11  1.65000000e+00  1.49999998e+00 
 1.66000000e+00  1.08546651e-10  1.66000000e+00  1.50909089e+00 
 1.67000000e+00  1.23809754e-10  1.67000000e+00  1.51818179e+00 
 1.68000000e+00  1.41246719e-10  1.68000000e+00  1.52727270e+00 
 1.69000000e+00  1.61167344e-10  1.69000000e+00  1.53636361e+00 
 1.70000000e+00  1.83925577e-10  1.70000000e+00  1.54545451e+00 
 1.71000000e+00  2.09925806e-10  1.71000000e+00  1.55454541e+00 
 1.72000000e+00  2.39630050e-10  1.72000000e+00  1.56363632e+00 
 1.73000000e+00  2.73566172e-10  1.73000000e+00  1.57272722e+00 
 1.74000000e+00  3.12337256e-10  1.74000000e+00  1.58181812e+00 
 1.75000000e+00  3.56632336e-10  1.75000000e+00  1.59090902e+00 
 1.76000000e+00  4.07238638e-10  1.76000000e+00  1.59999992e+00 
 1.77000000e+00  4.65055575e-10  1.77000000e+00  1.60909082e+00 
 1.78000000e+00  5.31110736e-10  1.78000000e+00  1.61818172e+00 
 1.79000000e+00  6.06578150e-10  1.79000000e+00  1.62727261e+00 
 1.80000000e+00  6.92799157e-10  1.80000000e+00  1.63636350e+00 
 1.81000000e+00  7.91306248e-10  1.81000000e+00  1.64545439e+00 
 1.82000000e+00  9.03850308e-10  1.82000000e+00  1.65454528e+00 
 1.83000000e+00  1.03243174e-09  1.83000000e+00  1.66363617e+00 
 1.84000000e+00  1.17933600e-09  1.84000000e+00  1.67272705e+00 
 1.85000000e+00  1.34717428e-09  1.85000000e+00  1.68181792e+00 
 1.86000000e+00  1.53892984e-09  1.86000000e+00  1.69090880e+00 
 1.87000000e+00  1.75801111e-09  1.87000000e+00  1.69999966e+00 
 1.88000000e+00  2.00831220e-09  1.88000000e+00  1.70909053e+00 
 1.89000000e+00  2.29428217e-09  1.89000000e+00  1.71818138e+00 
 1.90000000e+00  2.62100411e-09  1.90000000e+00  1.72727223e+00 
 1.91000000e+00  2.99428542e-09  1.91000000e+00  1.73636306e+00 
 1.92000000e+00  3.42076110e-09  1.92000000e+00  1.74545389e+00 
 1.93000000e+00  3.90801161e-09  1.93000000e+00  1.75454471e+00 
 1.94000000e+00  4.46469764e-09  1.94000000e+00  1.76363551e+00 
 1.95000000e+00  5.10071398e-09  1.95000000e+00  1.77272630e+00 
 1.96000000e+00  5.82736539e-09  1.96000000e+00  1.78181707e+00 
 1.97000000e+00  6.65756748e-09  1.97000000e+00  1.79090782e+00 
 1.98000000e+00  7.60607619e-09  1.98000000e+00  1.79999855e+00 
 1.99000000e+00  8.68975000e-09  1.99000000e+00  1.80908925e+00 
 2.00000000e+00  9.92784946e-09  2.00000000e+00  1.81817992e+00 
 2.01000000e+00  1.13423793e-08  2.01000000e+00  1.82727056e+00 
 2.02000000e+00  1.29584795e-08  2.02000000e+00  1.83636116e+00 
 2.03000000e+00  1.48048717e-08  2.03000000e+00  1.84545172e+00 
 2.04000000e+00  1.69143692e-08  2.04000000e+00  1.85454223e+00 
 2.05000000e+00  1.93244600e-08  2.05000000e+00  1.86363267e+00 
 2.06000000e+00  2.20779722e-08  2.06000000e+00  1.87272306e+00 
 2.07000000e+00  2.52238345e-08  2.07000000e+00  1.88181337e+00 
 2.08000000e+00  2.88179445e-08  2.08000000e+00  1.89090359e+00 
 2.09000000e+00  3.29241607e-08  2.09000000e+00  1.89999371e+00 
 2.10000000e+00  3.76154359e-08  2.10000000e+00  1.90908373e+00 
 2.11000000e+00  4.29751103e-08  2.11000000e+00  1.91817361e+00 
 2.12000000e+00  4.90983904e-08  2.12000000e+00  1.92726335e+00 
 2.13000000e+00  5.60940356e-08  2.13000000e+00  1.93635293e+00 
 2.14000000e+00  6.40862857e-08  2.14000000e+00  1.94544231e+00 
 2.15000000e+00  7.32170612e-08  2.15000000e+00  1.95453148e+00 
 2.16000000e+00  8.36484752e-08  2.16000000e+00  1.96362039e+00 
 2.17000000e+00  9.55657010e-08  2.17000000e+00  1.97270903e+00 
 2.18000000e+00  1.09180246e-07  2.18000000e+00  1.98179734e+00 
 2.19000000e+00  1.24733688e-07  2.19000000e+00  1.99088528e+00 
 2.20000000e+00  1.42501936e-07  2.20000000e+00  1.99997280e+00 
 2.21000000e+00  1.62800098e-07  2.21000000e+00  2.00905983e+00 
 2.22000000e+00  1.85988028e-07  2.22000000e+00  2.01814631e+00 
 2.23000000e+00  2.12476650e-07  2.23000000e+00  2.02723216e+00 
 2.24000000e+00  2.42735181e-07  2.24000000e+00  2.03631730e+00 
 2.25000000e+00  2.77299346e-07  2.25000000e+00  2.04540161e+00 
 2.26000000e+00  3.16780755e-07  2.26000000e+00  2.05448498e+00 
 2.27000000e+00  3.61877570e-07  2.27000000e+00  2.06356728e+00 
 2.28000000e+00  4.13386661e-07  2.28000000e+00  2.07264835e+00 
 2.29000000e+00  4.72217430e-07  2.29000000e+00  2.08172803e+00 
 2.30000000e+00  5.39407534e-07  2.30000000e+00  2.09080611e+00 
 2.31000000e+00  6.16140762e-07  2.31000000e+00  2.09988237e+00 
 2.32000000e+00  7.03767323e-07  2.32000000e+00  2.10895655e+00 
 2.33000000e+00  8.03826880e-07  2.33000000e+00  2.11802836e+00 
 2.34000000e+00  9.18074650e-07  2.34000000e+00  2.12709746e+00 
 2.35000000e+00  1.04851096e-06  2.35000000e+00  2.13616347e+00 
 2.36000000e+00  1.19741466e-06  2.36000000e+00  2.14522595e+00 
 2.37000000e+00  1.36738086e-06  2.37000000e+00  2.15428441e+00 
 2.38000000e+00  1.56136344e-06  2.38000000e+00  2.16333829e+00 
 2.39000000e+00  1.78272290e-06  2.39000000e+00  2.17238693e+00 
 2.40000000e+00  2.03528000e-06  2.40000000e+00  2.18142963e+00 
 2.41000000e+00  2.32337585e-06  2.41000000e+00  2.19046554e+00 
 2.42000000e+00  2.65193890e-06  2.42000000e+00  2.19949372e+00 
 2.43000000e+00  3.02655948e-06  2.43000000e+00  2.20851311e+00 
 2.44000000e+00  3.45357222e-06  2.44000000e+00  2.21752250e+00 
 2.45000000e+00  3.94014692e-06  2.45000000e+00  2.22652052e+00 
 2.46000000e+00  4.49438805e-06  2.46000000e+00  2.23550562e+00 
 2.47000000e+00  5.12544298e-06  2.47000000e+00  2.24447605e+00 
 2.48000000e+00  5.84361876e-06  2.48000000e+00  2.25342985e+00 
 2.49000000e+00  6.66050696e-06  2.49000000e+00  2.26236481e+00 
 2.50000000e+00  7.58911547e-06  2.50000000e+00  2.27127844e+00 
 2.51000000e+00  8.64400582e-06  2.51000000e+00  2.28016796e+00 
 2.52000000e+00  9.84143345e-06  2.52000000e+00  2.28903027e+00 
 2.53000000e+00  1.11994881e-05  2.53000000e+00  2.29786192e+00 
 2.54000000e+00  1.27382295e-05  2.54000000e+00  2.30665907e+00 
 2.55000000e+00  1.44798140e-05  2.55000000e+00  2.31541749e+00 
 2.56000000e+00  1.64486042e-05  2.56000000e+00  2.32413254e+00 
 2.57000000e+00  1.86712545e-05  2.57000000e+00  2.33279912e+00 
 2.58000000e+00  2.11767636e-05  2.58000000e+00  2.34141171e+00 
 2.59000000e+00  2.39964834e-05  2.59000000e+00  2.34996431e+00 
 2.60000000e+00  2.71640733e-05  2.60000000e+00  2.35845050e+00 
 2.61000000e+00  3.07153900e-05  2.61000000e+00  2.36686343e+00 
 2.62000000e+00  3.46883027e-05  2.62000000e+00  2.37519587e+00 
 2.63000000e+00  3.91224238e-05  2.63000000e+00  2.38344026e+00 
 2.64000000e+00  4.40587531e-05  2.64000000e+00  2.39158878e+00 
 2.65000000e+00  4.95392313e-05  2.65000000e+00  2.39963342e+00 
 2.66000000e+00  5.56062083e-05  2.66000000e+00  2.40756609e+00 
 2.67000000e+00  6.23018377e-05  2.67000000e+00  2.41537874e+00 
 2.68000000e+00  6.96674118e-05  2.68000000e+00  2.42306349e+00 
 2.69000000e+00  7.77426620e-05  2.69000000e+00  2.43061276e+00 
 2.70000000e+00  8.65650511e-05  2.70000000e+00  2.43801940e+00 
 2.71000000e+00  9.61690898e-05  2.71000000e+00  2.44527681e+00 
 2.72000000e+00  1.06585708e-04  2.72000000e+00  2.45237909e+00 
 2.73000000e+00  1.17841710e-04  2.73000000e+00  2.45932113e+00 
 2.74000000e+00  1.29959344e-04  2.74000000e+00  2.46609867e+00 
 2.75000000e+00  1.42955996e-04  2.75000000e+00  2.47270840e+00 
 2.76000000e+00  1.56844023e-04  2.76000000e+00  2.47914796e+00 
 2.77000000e+00  1.71630731e-04  2.77000000e+00  2.48541595e+00 
 2.78000000e+00  1.87318479e-04  2.78000000e+00  2.49151193e+00 
 2.79000000e+00  2.03904905e-04  2.79000000e+00  2.49743634e+00 
 2.80000000e+00  2.21383253e-04  2.80000000e+00  2.50319047e+00 
 2.81000000e+00  2.39742770e-04  2.81000000e+00  2.50877638e+00 
 2.82000000e+00  2.58969159e-04  2.82000000e+00  2.51419680e+00 
 2.83000000e+00  2.79045060e-04  2.83000000e+00  2.51945503e+00 
 2.84000000e+00  2.99950539e-04  2.84000000e+00  2.52455490e+00 
 2.85000000e+00  3.21663568e-04  2.85000000e+00  2.52950059e+00 
 2.86000000e+00  3.44160484e-04  2.86000000e+00  2.53429663e+00 
 2.87000000e+00  3.67416408e-04  2.87000000e+00  2.53894778e+00 
 2.88000000e+00  3.91405634e-04  2.88000000e+00  2.54345892e+00 
 2.89000000e+00  4.16101965e-04  2.89000000e+00  2.54783508e+00 
 2.90000000e+00  4.41479011e-04  2.90000000e+00  2.55208128e+00 
 2.91000000e+00  4.67510442e-04  2.91000000e+00  2.55620255e+00 
 2.92000000e+00  4.94170194e-04  2.92000000e+00  2.56020387e+00 
 2.93000000e+00  5.21432646e-04  2.93000000e+00  2.56409013e+00 
 2.94000000e+00  5.49272752e-04  2.94000000e+00  2.56786611e+00 
 2.95000000e+00  5.77666153e-04  2.95000000e+00  2.57153646e+00 
 2.96000000e+00  6.06589252e-04  2.96000000e+00  2.57510569e+00 
 2.97000000e+00  6.36019273e-04  2.97000000e+00  2.57857814e+00 
 2.98000000e+00  6.65934301e-04  2.98000000e+00  2.58195800e+00 
 2.99000000e+00  6.96313299e-04  2.99000000e+00  2.58524928e+00 
 3.00000000e+00  7.27136116e-04  3.00000000e+00  2.58845583e+00 
 3.01000000e+00  7.58383490e-04  3.01000000e+00  2.59158133e+00 
 3.02000000e+00  7.90037032e-04  3.02000000e+00  2.59462929e+00 
 3.03000000e+00  8.22079208e-04  3.03000000e+00  2.59760306e+00 
 3.04000000e+00  8.54493320e-04  3.04000000e+00  2.60050582e+00 
 3.05000000e+00  8.87263478e-04  3.05000000e+00  2.60334061e+00 
 3.06000000e+00  9.20374568e-04  3.06000000e+00  2.60611031e+00 
 3.07000000e+00  9.53812226e-04  3.07000000e+00  2.60881767e+00 
 3.08000000e+00  9.87562802e-04  3.08000000e+00  2.61146528e+00 
 3.09000000e+00  1.02161333e-03  3.09000000e+00  2.61405564e+00 
 3.10000000e+00  1.05595150e-03  3.10000000e+00  2.61659108e+00 
 3.11000000e+00  1.09056561e-03  3.11000000e+00  2.61907384e+00 
 3.12000000e+00  1.12544455e-03  3.12000000e+00  2.62150604e+00 
 3.13000000e+00  1.16057778e-03  3.13000000e+00  2.62388970e+00 
 3.14000000e+00  1.19595528e-03  3.14000000e+00  2.62622672e+00 
 3.15000000e+00  1.23156752e-03  3.15000000e+00  2.62851893e+00 
 3.16000000e+00  1.26740547e-03  3.16000000e+00  2.63076805e+00 
 3.17000000e+00  1.30346051e-03  3.17000000e+00  2.63297572e+00 
 3.18000000e+00  1.33972448e-03  3.18000000e+00  2.63514351e+00 
 3.19000000e+00  1.37618960e-03  3.19000000e+00  2.63727289e+00 
 3.20000000e+00  1.41284847e-03  3.20000000e+00  2.63936529e+00 
 3.21000000e+00  1.44969405e-03  3.21000000e+00  2.64142204e+00 
 3.22000000e+00  1.48671964e-03  3.22000000e+00  2.64344443e+00 
 3.23000000e+00  1.52391885e-03  3.23000000e+00  2.64543367e+00 
 3.24000000e+00  1.56128559e-03  3.24000000e+00  2.64739093e+00 
 3.25000000e+00  1.59881407e-03  3.25000000e+00  2.64931731e+00 
 3.26000000e+00  1.63649875e-03  3.26000000e+00  2.65121387e+00 
 3.27000000e+00  1.67433436e-03  3.27000000e+00  2.65308162e+00 
 3.28000000e+00  1.71231585e-03  3.28000000e+00  2.65492152e+00 
 3.29000000e+00  1.75043842e-03  3.29000000e+00  2.65673448e+00 
 3.30000000e+00  1.78869746e-03  3.30000000e+00  2.65852139e+00 
 3.31000000e+00  1.82708859e-03  3.31000000e+00  2.66028309e+00 
 3.32000000e+00  1.86560761e-03  3.32000000e+00  2.66202037e+00 
 3.33000000e+00  1.90425049e-03  3.33000000e+00  2.66373400e+00 
 3.34000000e+00  1.94301340e-03  3.34000000e+00  2.66542472e+00 
 3.35000000e+00  1.98189264e-03  3.35000000e+00  2.66709322e+00 
 3.36000000e+00  2.02088469e-03  3.36000000e+00  2.66874020e+00 
 3.37000000e+00  2.05998617e-03  3.37000000e+00  2.67036628e+00 
 3.38000000e+00  2.09919385e-03  3.38000000e+00  2.67197208e+00 
 3.39000000e+00  2.13850460e-03  3.39000000e+00  2.67355821e+00 
 3.40000000e+00  2.17791546e-03  3.40000000e+00  2.67512523e+00 
 3.41000000e+00  2.21742355e-03  3.41000000e+00  2.67667369e+00 
 3.42000000e+00  2.25702613e-03  3.42000000e+00  2.67820410e+00 
 3.43000000e+00  2.29672056e-03  3.43000000e+00  2.67971698e+00 
 3.44000000e+00  2.33650429e-03  3.44000000e+00  2.68121282e+00 
 3.45000000e+00  2.37637490e-03  3.45000000e+00  2.68269206e+00 
 3.46000000e+00  2.41633002e-03  3.46000000e+00  2.68415518e+00 
 3.47000000e+00  2.45636741e-03  3.47000000e+00  2.68560259e+00 
 3.48000000e+00  2.49648488e-03  3.48000000e+00  2.68703470e+00 
 3.49000000e+00  2.53668035e-03  3.49000000e+00  2.68845193e+00 
 3.50000000e+00  2.57695180e-03  3.50000000e+00  2.68985466e+00 
 3.51000000e+00  2.61729727e-03  3.51000000e+00  2.69124325e+00 
 3.52000000e+00  2.65771491e-03  3.52000000e+00  2.69261806e+00 
 3.53000000e+00  2.69820290e-03  3.53000000e+00  2.69397945e+00 
 3.54000000e+00  2.73875949e-03  3.54000000e+00  2.69532773e+00 
 3.55000000e+00  2.77938301e-03  3.55000000e+00  2.69666324e+00 
 3.56000000e+00  2.82007184e-03  3.56000000e+00  2.69798629e+00 
 3.57000000e+00  2.86082439e-03  3.57000000e+00  2.69929716e+00 
 3.58000000e+00  2.90163917e-03  3.58000000e+00  2.70059616e+00 
 3.59000000e+00  2.94251470e-03  3.59000000e+00  2.70188356e+00 
 3.60000000e+00  2.98344957e-03  3.60000000e+00  2.70315963e+00 
 3.61000000e+00  3.02444240e-03  3.61000000e+00  2.70442463e+00 
 3.62000000e+00  3.06549189e-03  3.62000000e+00  2.70567882e+00 
 3.63000000e+00  3.10659674e-03  3.63000000e+00  2.70692244e+00 
 3.64000000e+00  3.14775571e-03  3.64000000e+00  2.70815573e+00 
 3.65000000e+00  3.18896761e-03  3.65000000e+00  2.70937891e+00 
 3.66000000e+00  3.23023128e-03  3.66000000e+00  2.71059221e+00 
 3.67000000e+00  3.27154558e-03  3.67000000e+00  2.71179584e+00 
 3.68000000e+00  3.31290942e-03  3.68000000e+00  2.71299002e+00 
 3.69000000e+00  3.35432176e-03  3.69000000e+00  2.71417494e+00 
 3.70000000e+00  3.39578156e-03  3.70000000e+00  2.71535079e+00 
 3.71000000e+00  3.43728782e-03  3.71000000e+00  2.71651778e+00 
 3.72000000e+00  3.47883960e-03  3.72000000e+00  2.71767608e+00 
 3.73000000e+00  3.52043594e-03  3.73000000e+00  2.71882587e+00 
 3.74000000e+00  3.56207594e-03  3.74000000e+00  2.71996732e+00 
 3.75000000e+00  3.60375872e-03  3.75000000e+00  2.72110061e+00 
 3.76000000e+00  3.64548342e-03  3.76000000e+00  2.72222589e+00 
 3.77000000e+00  3.68724921e-03  3.77000000e+00  2.72334333e+00 
 3.78000000e+00  3.72905528e-03  3.78000000e+00  2.72445308e+00 
 3.79000000e+00  3.77090085e-03  3.79000000e+00  2.72555529e+00 
 3.80000000e+00  3.81278516e-03  3.80000000e+00  2.72665011e+00 
 3.81000000e+00  3.85470745e-03  3.81000000e+00  2.72773767e+00 
 3.82000000e+00  3.89666702e-03  3.82000000e+00  2.72881811e+00 
 3.83000000e+00  3.93866315e-03  3.83000000e+00  2.72989158e+00 
 3.84000000e+00  3.98069517e-03  3.84000000e+00  2.73095819e+00 
 3.85000000e+00  4.02276241e-03  3.85000000e+00  2.73201809e+00 
 3.86000000e+00  4.06486422e-03  3.86000000e+00  2.73307138e+00 
 3.87000000e+00  4.10699998e-03  3.87000000e+00  2.73411819e+00 
 3.88000000e+00  4.14916906e-03  3.88000000e+00  2.73515863e+00 
 3.89000000e+00  4.19137088e-03  3.89000000e+00  2.73619283e+00 
 3.90000000e+00  4.23360485e-03  3.90000000e+00  2.73722089e+00 
 3.91000000e+00  4.27587041e-03  3.91000000e+00  2.73824292e+00 
 3.92000000e+00  4.31816700e-03  3.92000000e+00  2.73925903e+00 
 3.93000000e+00  4.36049408e-03  3.93000000e+00  2.74026931e+00 
 3.94000000e+00  4.40285113e-03  3.94000000e+00  2.74127388e+00 
 3.95000000e+00  4.44523764e-03  3.95000000e+00  2.74227282e+00 
 3.96000000e+00  4.48765310e-03  3.96000000e+00  2.74326623e+00 
 3.97000000e+00  4.53009703e-03  3.97000000e+00  2.74425420e+00 
 3.98000000e+00  4.57256896e-03  3.98000000e+00  2.74523683e+00 
 3.99000000e+00  4.61506842e-03  3.99000000e+00  2.74621421e+00 
 4.00000000e+00  4.65759496e-03  4.00000000e+00  2.74718642e+00 
 4.01000000e+00  4.70014814e-03  4.01000000e+00  2.74815354e+00 
 4.02000000e+00  4.74272752e-03  4.02000000e+00  2.74911566e+00 
 4.03000000e+00  4.78533269e-03  4.03000000e+00  2.75007285e+00 
 4.04000000e+00  4.82796323e-03  4.04000000e+00  2.75102520e+00 
 4.05000000e+00  4.87061874e-03  4.05000000e+00  2.75197279e+00 
 4.06000000e+00  4.91329882e-03  4.06000000e+00  2.75291568e+00 
 4.07000000e+00  4.95600311e-03  4.07000000e+00  2.75385395e+00 
 4.08000000e+00  4.99873121e-03  4.08000000e+00  2.75478768e+00 
 4.09000000e+00  5.04148277e-03  4.09000000e+00  2.75571693e+00 
 4.10000000e+00  5.08425741e-03  4.10000000e+00  2.75664177e+00 
 4.11000000e+00  5.12705481e-03  4.11000000e+00  2.75756226e+00 
 4.12000000e+00  5.16987460e-03  4.12000000e+00  2.75847848e+00 
 4.13000000e+00  5.21271646e-03  4.13000000e+00  2.75939049e+00 
 4.14000000e+00  5.25558006e-03  4.14000000e+00  2.76029835e+00 
 4.15000000e+00  5.29846508e-03  4.15000000e+00  2.76120212e+00 
 4.16000000e+00  5.34137120e-03  4.16000000e+00  2.76210186e+00 
 4.17000000e+00  5.38429812e-03  4.17000000e+00  2.76299763e+00 
 4.18000000e+00  5.42724553e-03  4.18000000e+00  2.76388949e+00 
 4.19000000e+00  5.47021314e-03  4.19000000e+00  2.76477749e+00 
 4.20000000e+00  5.51320067e-03  4.20000000e+00  2.76566169e+00 
 4.21000000e+00  5.55620782e-03  4.21000000e+00  2.76654214e+00 
 4.22000000e+00  5.59923434e-03  4.22000000e+00  2.76741890e+00 
 4.23000000e+00  5.64227993e-03  4.23000000e+00  2.76829201e+00 
 4.24000000e+00  5.68534434e-03  4.24000000e+00  2.76916153e+00 
 4.25000000e+00  5.72842731e-03  4.25000000e+00  2.77002751e+00 
 4.26000000e+00  5.77152859e-03  4.26000000e+00  2.77089000e+00 
 4.27000000e+00  5.81464791e-03  4.27000000e+00  2.77174903e+00 
 4.28000000e+00  5.85778505e-03  4.28000000e+00  2.77260467e+00 
 4.29000000e+00  5.90093976e-03  4.29000000e+00  2.77345696e+00 
 4.30000000e+00  5.94411180e-03  4.30000000e+00  2.77430593e+00 
 4.31000000e+00  5.98730095e-03  4.31000000e+00  2.77515164e+00 
 4.32000000e+00  6.03050697e-03  4.32000000e+00  2.77599412e+00 
 4.33000000e+00  6.07372965e-03  4.33000000e+00  2.77683343e+00 
 4.34000000e+00  6.11696877e-03  4.34000000e+00  2.77766960e+00 
 4.35000000e+00  6.16022412e-03  4.35000000e+00  2.77850267e+00 
 4.36000000e+00  6.20349549e-03  4.36000000e+00  2.77933268e+00 
 4.37000000e+00  6.24678266e-03  4.37000000e+00  2.78015967e+00 
 4.38000000e+00  6.29008545e-03  4.38000000e+00  2.78098369e+00 
 4.39000000e+00  6.33340365e-03  4.39000000e+00  2.78180476e+00 
 4.40000000e+00  6.37673706e-03  4.40000000e+00  2.78262292e+00 
 4.41000000e+00  6.42008551e-03  4.41000000e+00  2.78343822e+00 
 4.42000000e+00  6.46344880e-03  4.42000000e+00  2.78425068e+00 
 4.43000000e+00  6.50682674e-03  4.43000000e+00  2.78506035e+00 
 4.44000000e+00  6.55021916e-03  4.44000000e+00  2.78586725e+00 
 4.45000000e+00  6.59362589e-03  4.45000000e+00  2.78667142e+00 
 4.46000000e+00  6.63704674e-03  4.46000000e+00  2.78747290e+00 
 4.47000000e+00  6.68048155e-03  4.47000000e+00  2.78827171e+00 
 4.48000000e+00  6.72393014e-03  4.48000000e+00  2.78906788e+00 
 4.49000000e+00  6.76739236e-03  4.49000000e+00  2.78986146e+00 
 4.50000000e+00  6.81086804e-03  4.50000000e+00  2.79065247e+00 
 4.51000000e+00  6.85435702e-03  4.51000000e+00  2.79144093e+00 
 4.52000000e+00  6.89785915e-03  4.52000000e+00  2.79222689e+00 
 4.53000000e+00  6.94137428e-03  4.53000000e+00  2.79301037e+00 
 4.54000000e+00  6.98490224e-03  4.54000000e+00  2.79379139e+00 
 4.55000000e+00  7.02844290e-03  4.55000000e+00  2.79456999e+00 
 4.56000000e+00  7.07199611e-03  4.56000000e+00  2.79534620e+00 
 4.57000000e+00  7.11556172e-03  4.57000000e+00  2.79612004e+00 
 4.58000000e+00  7.15913959e-03  4.58000000e+00  2.79689153e+00 
 4.59000000e+00  7.20272959e-03  4.59000000e+00  2.79766071e+00 
 4.60000000e+00  7.24633158e-03  4.60000000e+00  2.79842761e+00 
 4.61000000e+00  7.28994542e-03  4.61000000e+00  2.79919224e+00 
 4.62000000e+00  7.33357098e-03  4.62000000e+00  2.79995463e+00 
 4.63000000e+00  7.37720814e-03  4.63000000e+00  2.80071481e+00 
 4.64000000e+00  7.42085676e-03  4.64000000e+00  2.80147280e+00 
 4.65000000e+00  7.46451672e-03  4.65000000e+00  2.80222863e+00 
 4.66000000e+00  7.50818789e-03  4.66000000e+00  2.80298231e+00 
 4.67000000e+00  7.55187016e-03  4.67000000e+00  2.80373388e+00 
 4.68000000e+00  7.59556341e-03  4.68000000e+00  2.80448335e+00 
 4.69000000e+00  7.63926751e-03  4.69000000e+00  2.80523075e+00 
 4.70000000e+00  7.68298235e-03  4.70000000e+00  2.80597610e+00 
 4.71000000e+00  7.72670782e-03  4.71000000e+00  2.80671942e+00 
 4.72000000e+00  7.77044380e-03  4.72000000e+00  2.80746073e+00 
 4.73000000e+00  7.81419018e-03  4.73000000e+00  2.80820006e+00 
 4.74000000e+00  7.85794687e-03  4.74000000e+00  2.80893742e+00 
 4.75000000e+00  7.90171373e-03  4.75000000e+00  2.80967283e+00 
 4.76000000e+00  7.94549069e-03  4.76000000e+00  2.81040632e+00 
 4.77000000e+00  7.98927761e-03  4.77000000e+00  2.81113791e+00 
 4.78000000e+00  8.03307442e-03  4.78000000e+00  2.81186761e+00 
 4.79000000e+00  8.07688100e-03  4.79000000e+00  2.81259545e+00 
 4.80000000e+00  8.12069725e-03  4.80000000e+00  2.81332143e+00 
 4.81000000e+00  8.16452309e-03  4.81000000e+00  2.81404559e+00 
 4.82000000e+00  8.20835840e-03  4.82000000e+00  2.81476794e+00 
 4.83000000e+00  8.25220310e-03  4.83000000e+00  2.81548850e+00 
 4.84000000e+00  8.29605710e-03  4.84000000e+00  2.81620728e+00 
 4.85000000e+00  8.33992029e-03  4.85000000e+00  2.81692431e+00 
 4.86000000e+00  8.38379260e-03  4.86000000e+00  2.81763959e+00 
 4.87000000e+00  8.42767393e-03  4.87000000e+00  2.81835316e+00 
 4.88000000e+00  8.47156418e-03  4.88000000e+00  2.81906502e+00 
 4.89000000e+00  8.51546329e-03  4.89000000e+00  2.81977519e+00 
 4.90000000e+00  8.55937115e-03  4.90000000e+00  2.82048369e+00 
 4.91000000e+00  8.60328769e-03  4.91000000e+00  2.82119053e+00 
 4.92000000e+00  8.64721282e-03  4.92000000e+00  2.82189573e+00 
 4.93000000e+00  8.69114646e-03  4.93000000e+00  2.82259931e+00 
 4.94000000e+00  8.73508853e-03  4.94000000e+00  2.82330128e+00 
 4.95000000e+00  8.77903895e-03  4.95000000e+00  2.82400165e+00 
 4.96000000e+00  8.82299764e-03  4.96000000e+00  2.82470045e+00 
 4.97000000e+00  8.86696452e-03  4.97000000e+00  2.82539768e+00 
 4.98000000e+00  8.91093952e-03  4.98000000e+00  2.82609336e+00 
 4.99000000e+00  8.95492256e-03  4.99000000e+00  2.82678751e+00 
 5.00000000e+00  8.99891356e-03  5.00000000e+00  2.82748014e+00 
