 0.00000000e+00  3.66448638e-25  0.00000000e+00 -6.99583763e-23 
 1.00000000e-02  1.24815368e-09  1.00000000e-02  9.09067081e-03 
 2.00000000e-02  2.74645873e-09  2.00000000e-02  1.81812939e-02 
 3.00000000e-02  4.54511235e-09  3.00000000e-02  2.72718596e-02 
 4.00000000e-02  6.70433492e-09  4.00000000e-02  3.63623564e-02 
 5.00000000e-02  9.29640434e-09  5.00000000e-02  4.54527707e-02 
 6.00000000e-02  1.24080737e-08  6.00000000e-02  5.45430857e-02 
 7.00000000e-02  1.61434692e-08  7.00000000e-02  6.36332817e-02 
 8.00000000e-02  2.06275658e-08  8.00000000e-02  7.27233347e-02 
 9.00000000e-02  2.60103561e-08  9.00000000e-02  8.18132162e-02 
 1.00000000e-01  3.24718505e-08  1.00000000e-01  9.09028917e-02 
 1.10000000e-01  4.02280731e-08  1.10000000e-01  9.99923201e-02 
 1.20000000e-01  4.95382507e-08  1.20000000e-01  1.09081452e-01 
 1.30000000e-01  6.07134307e-08  1.30000000e-01  1.18170227e-01 
 1.40000000e-01  7.41268091e-08  1.40000000e-01  1.27258576e-01 
 1.50000000e-01  9.02261046e-08  1.50000000e-01  1.36346411e-01 
 1.60000000e-01  1.09548379e-07  1.60000000e-01  1.45433632e-01 
 1.70000000e-01  1.32737782e-07  1.70000000e-01  1.54520114e-01 
 1.80000000e-01  1.60566783e-07  1.80000000e-01  1.63605710e-01 
 1.90000000e-01  1.93961567e-07  1.90000000e-01  1.72690244e-01 
 2.00000000e-01  2.34032392e-07  2.00000000e-01  1.81773503e-01 
 2.10000000e-01  2.82109838e-07  2.10000000e-01  1.90855234e-01 
 2.20000000e-01  3.39788067e-07  2.20000000e-01  1.99935131e-01 
 2.30000000e-01  4.08976382e-07  2.30000000e-01  2.09012832e-01 
 2.40000000e-01  4.91960609e-07  2.40000000e-01  2.18087898e-01 
 2.50000000e-01  5.91476043e-07  2.50000000e-01  2.27159809e-01 
 2.60000000e-01  7.10794006e-07  2.60000000e-01  2.36227939e-01 
 2.70000000e-01  8.53824292e-07  2.70000000e-01  2.45291543e-01 
 2.80000000e-01  1.02523614e-06  2.80000000e-01  2.54349728e-01 
 2.90000000e-01  1.23060059e-06  2.90000000e-01  2.63401431e-01 
 3.00000000e-01  1.47655743e-06  3.00000000e-01  2.72445384e-01 
 3.10000000e-01  1.77100997e-06  3.10000000e-01  2.81480080e-01 
 3.20000000e-01  2.12335112e-06  3.20000000e-01  2.90503724e-01 
 3.30000000e-01  2.54472404e-06  3.30000000e-01  2.99514189e-01 
 3.40000000e-01  3.04832003e-06  3.40000000e-01  3.08508957e-01 
 3.50000000e-01  3.64971557e-06  3.50000000e-01  3.17485054e-01 
 3.60000000e-01  4.36724888e-06  3.60000000e-01  3.26438980e-01 
 3.70000000e-01  5.22243378e-06  3.70000000e-01  3.35366626e-01 
 3.80000000e-01  6.24040518e-06  3.80000000e-01  3.44263195e-01 
 3.90000000e-01  7.45038590e-06  3.90000000e-01  3.53123108e-01 
 4.00000000e-01  8.88615772e-06  4.00000000e-01  3.61939915e-01 
 4.10000000e-01  1.05865120e-05  4.10000000e-01  3.70706211e-01 
 4.20000000e-01  1.25956456e-05  4.20000000e-01  3.79413559e-01 
 4.30000000e-01  1.49634579e-05  4.30000000e-01  3.88052431e-01 
 4.40000000e-01  1.77456949e-05  4.40000000e-01  3.96612186e-01 
 4.50000000e-01  2.10038791e-05  4.50000000e-01  4.05081078e-01 
 4.60000000e-01  2.48049604e-05  4.60000000e-01  4.13446326e-01 
 4.70000000e-01  2.92206309e-05  4.70000000e-01  4.21694243e-01 
 4.80000000e-01  3.43262581e-05  4.80000000e-01  4.29810442e-01 
 4.90000000e-01  4.01994245e-05  4.90000000e-01  4.37780110e-01 
 5.00000000e-01  4.69180968e-05  5.00000000e-01  4.45588363e-01 
 5.10000000e-01  5.45584998e-05  5.10000000e-01  4.53220650e-01 
 5.20000000e-01  6.31928184e-05  5.20000000e-01  4.60663189e-01 
 5.30000000e-01  7.28868884e-05  5.30000000e-01  4.67903412e-01 
 5.40000000e-01  8.36980630e-05  5.40000000e-01  4.74930370e-01 
 5.50000000e-01  9.56734309e-05  5.50000000e-01  4.81735072e-01 
 5.60000000e-01  1.08848534e-04  5.60000000e-01  4.88310734e-01 
 5.70000000e-01  1.23246669e-04  5.70000000e-01  4.94652909e-01 
 5.80000000e-01  1.38878807e-04  5.80000000e-01  5.00759500e-01 
 5.90000000e-01  1.55744073e-04  5.90000000e-01  5.06630677e-01 
 6.00000000e-01  1.73830700e-04  6.00000000e-01  5.12268685e-01 
 6.10000000e-01  1.93117329e-04  6.10000000e-01  5.17677601e-01 
 6.20000000e-01  2.13574520e-04  6.20000000e-01  5.22863046e-01 
 6.30000000e-01  2.35166330e-04  6.30000000e-01  5.27831883e-01 
 6.40000000e-01  2.57851878e-04  6.40000000e-01  5.32591914e-01 
 6.50000000e-01  2.81586789e-04  6.50000000e-01  5.37151613e-01 
 6.60000000e-01  3.06324488e-04  6.60000000e-01  5.41519870e-01 
 6.70000000e-01  3.32017299e-04  6.70000000e-01  5.45705788e-01 
 6.80000000e-01  3.58617358e-04  6.80000000e-01  5.49718504e-01 
 6.90000000e-01  3.86077343e-04  6.90000000e-01  5.53567053e-01 
 7.00000000e-01  4.14351026e-04  7.00000000e-01  5.57260259e-01 
 7.10000000e-01  4.43393693e-04  7.10000000e-01  5.60806659e-01 
 7.20000000e-01  4.73162425e-04  7.20000000e-01  5.64214446e-01 
 7.30000000e-01  5.03616292e-04  7.30000000e-01  5.67491435e-01 
 7.40000000e-01  5.34716453e-04  7.40000000e-01  5.70645041e-01 
 7.50000000e-01  5.66426198e-04  7.50000000e-01  5.73682271e-01 
 7.60000000e-01  5.98710947e-04  7.60000000e-01  5.76609728e-01 
 7.70000000e-01  6.31538207e-04  7.70000000e-01  5.79433615e-01 
 7.80000000e-01  6.64877504e-04  7.80000000e-01  5.82159749e-01 
 7.90000000e-01  6.98700299e-04  7.90000000e-01  5.84793579e-01 
 8.00000000e-01  7.32979898e-04  8.00000000e-01  5.87340201e-01 
 8.10000000e-01  7.67691347e-04  8.10000000e-01  5.89804379e-01 
 8.20000000e-01  8.02811331e-04  8.20000000e-01  5.92190564e-01 
 8.30000000e-01  8.38318073e-04  8.30000000e-01  5.94502913e-01 
 8.40000000e-01  8.74191231e-04  8.40000000e-01  5.96745311e-01 
 8.50000000e-01  9.10411800e-04  8.50000000e-01  5.98921384e-01 
 8.60000000e-01  9.46962025e-04  8.60000000e-01  6.01034523e-01 
 8.70000000e-01  9.83825306e-04  8.70000000e-01  6.03087896e-01 
 8.80000000e-01  1.02098612e-03  8.80000000e-01  6.05084468e-01 
 8.90000000e-01  1.05842995e-03  8.90000000e-01  6.07027010e-01 
 9.00000000e-01  1.09614318e-03  9.00000000e-01  6.08918120e-01 
 9.10000000e-01  1.13411309e-03  9.10000000e-01  6.10760228e-01 
 9.20000000e-01  1.17232773e-03  9.20000000e-01  6.12555616e-01 
 9.30000000e-01  1.21077589e-03  9.30000000e-01  6.14306421e-01 
 9.40000000e-01  1.24944705e-03  9.40000000e-01  6.16014653e-01 
 9.50000000e-01  1.28833134e-03  9.50000000e-01  6.17682199e-01 
 9.60000000e-01  1.32741946e-03  9.60000000e-01  6.19310831e-01 
 9.70000000e-01  1.36670266e-03  9.70000000e-01  6.20902220e-01 
 9.80000000e-01  1.40617271e-03  9.80000000e-01  6.22457938e-01 
 9.90000000e-01  1.44582184e-03  9.90000000e-01  6.23979467e-01 
 1.00000000e+00  1.48564274e-03  1.00000000e+00  6.25468203e-01 
 1.01000000e+00  1.52562850e-03  1.01000000e+00  6.26925467e-01 
 1.02000000e+00  1.56577259e-03  1.02000000e+00  6.28352505e-01 
 1.03000000e+00  1.60606884e-03  1.03000000e+00  6.29750495e-01 
 1.04000000e+00  1.64651140e-03  1.04000000e+00  6.31120550e-01 
 1.05000000e+00  1.68709476e-03  1.05000000e+00  6.32463728e-01 
 1.06000000e+00  1.72781367e-03  1.06000000e+00  6.33781027e-01 
 1.07000000e+00  1.76866316e-03  1.07000000e+00  6.35073396e-01 
 1.08000000e+00  1.80963853e-03  1.08000000e+00  6.36341735e-01 
 1.09000000e+00  1.85073530e-03  1.09000000e+00  6.37586897e-01 
 1.10000000e+00  1.89194922e-03  1.10000000e+00  6.38809695e-01 
 1.11000000e+00  1.93327624e-03  1.11000000e+00  6.40010900e-01 
 1.12000000e+00  1.97471252e-03  1.12000000e+00  6.41191247e-01 
 1.13000000e+00  2.01625439e-03  1.13000000e+00  6.42351434e-01 
 1.14000000e+00  2.05789837e-03  1.14000000e+00  6.43492129e-01 
 1.15000000e+00  2.09964113e-03  1.15000000e+00  6.44613965e-01 
 1.16000000e+00  2.14147950e-03  1.16000000e+00  6.45717550e-01 
 1.17000000e+00  2.18341045e-03  1.17000000e+00  6.46803460e-01 
 1.18000000e+00  2.22543108e-03  1.18000000e+00  6.47872248e-01 
 1.19000000e+00  2.26753864e-03  1.19000000e+00  6.48924442e-01 
 1.20000000e+00  2.30973047e-03  1.20000000e+00  6.49960546e-01 
 1.21000000e+00  2.35200406e-03  1.21000000e+00  6.50981044e-01 
 1.22000000e+00  2.39435697e-03  1.22000000e+00  6.51986396e-01 
 1.23000000e+00  2.43678690e-03  1.23000000e+00  6.52977047e-01 
 1.24000000e+00  2.47929162e-03  1.24000000e+00  6.53953419e-01 
 1.25000000e+00  2.52186900e-03  1.25000000e+00  6.54915919e-01 
 1.26000000e+00  2.56451699e-03  1.26000000e+00  6.55864937e-01 
 1.27000000e+00  2.60723365e-03  1.27000000e+00  6.56800848e-01 
 1.28000000e+00  2.65001708e-03  1.28000000e+00  6.57724011e-01 
 1.29000000e+00  2.69286549e-03  1.29000000e+00  6.58634771e-01 
 1.30000000e+00  2.73577712e-03  1.30000000e+00  6.59533460e-01 
 1.31000000e+00  2.77875031e-03  1.31000000e+00  6.60420396e-01 
 1.32000000e+00  2.82178345e-03  1.32000000e+00  6.61295887e-01 
 1.33000000e+00  2.86487499e-03  1.33000000e+00  6.62160228e-01 
 1.34000000e+00  2.90802346e-03  1.34000000e+00  6.63013704e-01 
 1.35000000e+00  2.95122740e-03  1.35000000e+00  6.63856587e-01 
 1.36000000e+00  2.99448544e-03  1.36000000e+00  6.64689143e-01 
 1.37000000e+00  3.03779625e-03  1.37000000e+00  6.65511625e-01 
 1.38000000e+00  3.08115854e-03  1.38000000e+00  6.66324279e-01 
 1.39000000e+00  3.12457107e-03  1.39000000e+00  6.67127341e-01 
 1.40000000e+00  3.16803265e-03  1.40000000e+00  6.67921040e-01 
 1.41000000e+00  3.21154212e-03  1.41000000e+00  6.68705596e-01 
 1.42000000e+00  3.25509836e-03  1.42000000e+00  6.69481223e-01 
 1.43000000e+00  3.29870030e-03  1.43000000e+00  6.70248125e-01 
 1.44000000e+00  3.34234689e-03  1.44000000e+00  6.71006503e-01 
 1.45000000e+00  3.38603713e-03  1.45000000e+00  6.71756549e-01 
 1.46000000e+00  3.42977004e-03  1.46000000e+00  6.72498447e-01 
 1.47000000e+00  3.47354468e-03  1.47000000e+00  6.73232379e-01 
 1.48000000e+00  3.51736014e-03  1.48000000e+00  6.73958519e-01 
 1.49000000e+00  3.56121554e-03  1.49000000e+00  6.74677034e-01 
 1.50000000e+00  3.60511001e-03  1.50000000e+00  6.75388089e-01 
 1.51000000e+00  3.64904273e-03  1.51000000e+00  6.76091842e-01 
 1.52000000e+00  3.69301290e-03  1.52000000e+00  6.76788446e-01 
 1.53000000e+00  3.73701974e-03  1.53000000e+00  6.77478049e-01 
 1.54000000e+00  3.78106250e-03  1.54000000e+00  6.78160796e-01 
 1.55000000e+00  3.82514043e-03  1.55000000e+00  6.78836827e-01 
 1.56000000e+00  3.86925284e-03  1.56000000e+00  6.79506276e-01 
 1.57000000e+00  3.91339903e-03  1.57000000e+00  6.80169277e-01 
 1.58000000e+00  3.95757833e-03  1.58000000e+00  6.80825956e-01 
 1.59000000e+00  4.00179009e-03  1.59000000e+00  6.81476437e-01 
 1.60000000e+00  4.04603369e-03  1.60000000e+00  6.82120841e-01 
 1.61000000e+00  4.09030850e-03  1.61000000e+00  6.82759286e-01 
 1.62000000e+00  4.13461394e-03  1.62000000e+00  6.83391884e-01 
 1.63000000e+00  4.17894942e-03  1.63000000e+00  6.84018747e-01 
 1.64000000e+00  4.22331438e-03  1.64000000e+00  6.84639981e-01 
 1.65000000e+00  4.26770828e-03  1.65000000e+00  6.85255693e-01 
 1.66000000e+00  4.31213057e-03  1.66000000e+00  6.85865982e-01 
 1.67000000e+00  4.35658075e-03  1.67000000e+00  6.86470948e-01 
 1.68000000e+00  4.40105830e-03  1.68000000e+00  6.87070688e-01 
 1.69000000e+00  4.44556274e-03  1.69000000e+00  6.87665295e-01 
 1.70000000e+00  4.49009359e-03  1.70000000e+00  6.88254860e-01 
 1.71000000e+00  4.53465038e-03  1.71000000e+00  6.88839472e-01 
 1.72000000e+00  4.57923266e-03  1.72000000e+00  6.89419219e-01 
 1.73000000e+00  4.62383999e-03  1.73000000e+00  6.89994183e-01 
 1.74000000e+00  4.66847194e-03  1.74000000e+00  6.90564448e-01 
 1.75000000e+00  4.71312808e-03  1.75000000e+00  6.91130094e-01 
 1.76000000e+00  4.75780801e-03  1.76000000e+00  6.91691198e-01 
 1.77000000e+00  4.80251133e-03  1.77000000e+00  6.92247837e-01 
 1.78000000e+00  4.84723765e-03  1.78000000e+00  6.92800085e-01 
 1.79000000e+00  4.89198659e-03  1.79000000e+00  6.93348014e-01 
 1.80000000e+00  4.93675779e-03  1.80000000e+00  6.93891695e-01 
 1.81000000e+00  4.98155087e-03  1.81000000e+00  6.94431198e-01 
 1.82000000e+00  5.02636548e-03  1.82000000e+00  6.94966590e-01 
 1.83000000e+00  5.07120129e-03  1.83000000e+00  6.95497935e-01 
 1.84000000e+00  5.11605796e-03  1.84000000e+00  6.96025299e-01 
 1.85000000e+00  5.16093515e-03  1.85000000e+00  6.96548744e-01 
 1.86000000e+00  5.20583255e-03  1.86000000e+00  6.97068331e-01 
 1.87000000e+00  5.25074984e-03  1.87000000e+00  6.97584121e-01 
 1.88000000e+00  5.29568672e-03  1.88000000e+00  6.98096171e-01 
 1.89000000e+00  5.34064289e-03  1.89000000e+00  6.98604539e-01 
 1.90000000e+00  5.38561806e-03  1.90000000e+00  6.99109280e-01 
 1.91000000e+00  5.43061193e-03  1.91000000e+00  6.99610449e-01 
 1.92000000e+00  5.47562424e-03  1.92000000e+00  7.00108099e-01 
 1.93000000e+00  5.52065470e-03  1.93000000e+00  7.00602284e-01 
 1.94000000e+00  5.56570306e-03  1.94000000e+00  7.01093052e-01 
 1.95000000e+00  5.61076904e-03  1.95000000e+00  7.01580456e-01 
 1.96000000e+00  5.65585240e-03  1.96000000e+00  7.02064542e-01 
 1.97000000e+00  5.70095288e-03  1.97000000e+00  7.02545360e-01 
 1.98000000e+00  5.74607023e-03  1.98000000e+00  7.03022956e-01 
 1.99000000e+00  5.79120423e-03  1.99000000e+00  7.03497375e-01 
 2.00000000e+00  5.83635462e-03  2.00000000e+00  7.03968663e-01 
 2.01000000e+00  5.88152120e-03  2.01000000e+00  7.04436863e-01 
 2.02000000e+00  5.92670371e-03  2.02000000e+00  7.04902018e-01 
 2.03000000e+00  5.97190196e-03  2.03000000e+00  7.05364171e-01 
 2.04000000e+00  6.01711572e-03  2.04000000e+00  7.05823362e-01 
 2.05000000e+00  6.06234478e-03  2.05000000e+00  7.06279632e-01 
 2.06000000e+00  6.10758894e-03  2.06000000e+00  7.06733021e-01 
 2.07000000e+00  6.15284798e-03  2.07000000e+00  7.07183567e-01 
 2.08000000e+00  6.19812172e-03  2.08000000e+00  7.07631309e-01 
 2.09000000e+00  6.24340995e-03  2.09000000e+00  7.08076283e-01 
 2.10000000e+00  6.28871249e-03  2.10000000e+00  7.08518525e-01 
 2.11000000e+00  6.33402914e-03  2.11000000e+00  7.08958073e-01 
 2.12000000e+00  6.37935973e-03  2.12000000e+00  7.09394960e-01 
 2.13000000e+00  6.42470408e-03  2.13000000e+00  7.09829222e-01 
 2.14000000e+00  6.47006200e-03  2.14000000e+00  7.10260892e-01 
 2.15000000e+00  6.51543332e-03  2.15000000e+00  7.10690003e-01 
 2.16000000e+00  6.56081788e-03  2.16000000e+00  7.11116587e-01 
 2.17000000e+00  6.60621550e-03  2.17000000e+00  7.11540677e-01 
 2.18000000e+00  6.65162603e-03  2.18000000e+00  7.11962303e-01 
 2.19000000e+00  6.69704930e-03  2.19000000e+00  7.12381497e-01 
 2.20000000e+00  6.74248516e-03  2.20000000e+00  7.12798289e-01 
 2.21000000e+00  6.78793344e-03  2.21000000e+00  7.13212707e-01 
 2.22000000e+00  6.83339400e-03  2.22000000e+00  7.13624781e-01 
 2.23000000e+00  6.87886669e-03  2.23000000e+00  7.14034541e-01 
 2.24000000e+00  6.92435137e-03  2.24000000e+00  7.14442012e-01 
 2.25000000e+00  6.96984788e-03  2.25000000e+00  7.14847224e-01 
 2.26000000e+00  7.01535608e-03  2.26000000e+00  7.15250202e-01 
 2.27000000e+00  7.06087585e-03  2.27000000e+00  7.15650974e-01 
 2.28000000e+00  7.10640704e-03  2.28000000e+00  7.16049565e-01 
 2.29000000e+00  7.15194951e-03  2.29000000e+00  7.16446002e-01 
 2.30000000e+00  7.19750315e-03  2.30000000e+00  7.16840308e-01 
 2.31000000e+00  7.24306781e-03  2.31000000e+00  7.17232510e-01 
 2.32000000e+00  7.28864336e-03  2.32000000e+00  7.17622630e-01 
 2.33000000e+00  7.33422970e-03  2.33000000e+00  7.18010694e-01 
 2.34000000e+00  7.37982668e-03  2.34000000e+00  7.18396724e-01 
 2.35000000e+00  7.42543420e-03  2.35000000e+00  7.18780743e-01 
 2.36000000e+00  7.47105213e-03  2.36000000e+00  7.19162775e-01 
 2.37000000e+00  7.51668036e-03  2.37000000e+00  7.19542841e-01 
 2.38000000e+00  7.56231877e-03  2.38000000e+00  7.19920963e-01 
 2.39000000e+00  7.60796724e-03  2.39000000e+00  7.20297162e-01 
 2.40000000e+00  7.65362568e-03  2.40000000e+00  7.20671461e-01 
 2.41000000e+00  7.69929396e-03  2.41000000e+00  7.21043880e-01 
 2.42000000e+00  7.74497199e-03  2.42000000e+00  7.21414438e-01 
 2.43000000e+00  7.79065965e-03  2.43000000e+00  7.21783157e-01 
 2.44000000e+00  7.83635685e-03  2.44000000e+00  7.22150057e-01 
 2.45000000e+00  7.88206347e-03  2.45000000e+00  7.22515156e-01 
 2.46000000e+00  7.92777942e-03  2.46000000e+00  7.22878474e-01 
 2.47000000e+00  7.97350461e-03  2.47000000e+00  7.23240030e-01 
 2.48000000e+00  8.01923892e-03  2.48000000e+00  7.23599842e-01 
 2.49000000e+00  8.06498228e-03  2.49000000e+00  7.23957929e-01 
 2.50000000e+00  8.11073457e-03  2.50000000e+00  7.24314309e-01 
 2.51000000e+00  8.15649572e-03  2.51000000e+00  7.24668999e-01 
 2.52000000e+00  8.20226563e-03  2.52000000e+00  7.25022017e-01 
 2.53000000e+00  8.24804420e-03  2.53000000e+00  7.25373380e-01 
 2.54000000e+00  8.29383136e-03  2.54000000e+00  7.25723105e-01 
 2.55000000e+00  8.33962700e-03  2.55000000e+00  7.26071208e-01 
 2.56000000e+00  8.38543106e-03  2.56000000e+00  7.26417707e-01 
 2.57000000e+00  8.43124343e-03  2.57000000e+00  7.26762617e-01 
 2.58000000e+00  8.47706405e-03  2.58000000e+00  7.27105954e-01 
 2.59000000e+00  8.52289282e-03  2.59000000e+00  7.27447734e-01 
 2.60000000e+00  8.56872967e-03  2.60000000e+00  7.27787972e-01 
 2.61000000e+00  8.61457451e-03  2.61000000e+00  7.28126684e-01 
 2.62000000e+00  8.66042727e-03  2.62000000e+00  7.28463884e-01 
 2.63000000e+00  8.70628788e-03  2.63000000e+00  7.28799587e-01 
 2.64000000e+00  8.75215624e-03  2.64000000e+00  7.29133808e-01 
 2.65000000e+00  8.79803230e-03  2.65000000e+00  7.29466561e-01 
 2.66000000e+00  8.84391597e-03  2.66000000e+00  7.29797861e-01 
 2.67000000e+00  8.88980718e-03  2.67000000e+00  7.30127720e-01 
 2.68000000e+00  8.93570586e-03  2.68000000e+00  7.30456154e-01 
 2.69000000e+00  8.98161194e-03  2.69000000e+00  7.30783175e-01 
 2.70000000e+00  9.02752535e-03  2.70000000e+00  7.31108796e-01 
 2.71000000e+00  9.07344602e-03  2.71000000e+00  7.31433032e-01 
 2.72000000e+00  9.11937389e-03  2.72000000e+00  7.31755894e-01 
 2.73000000e+00  9.16530888e-03  2.73000000e+00  7.32077396e-01 
 2.74000000e+00  9.21125093e-03  2.74000000e+00  7.32397551e-01 
 2.75000000e+00  9.25719997e-03  2.75000000e+00  7.32716370e-01 
 2.76000000e+00  9.30315594e-03  2.76000000e+00  7.33033866e-01 
 2.77000000e+00  9.34911878e-03  2.77000000e+00  7.33350051e-01 
 2.78000000e+00  9.39508843e-03  2.78000000e+00  7.33664937e-01 
 2.79000000e+00  9.44106481e-03  2.79000000e+00  7.33978535e-01 
 2.80000000e+00  9.48704788e-03  2.80000000e+00  7.34290858e-01 
 2.81000000e+00  9.53303758e-03  2.81000000e+00  7.34601917e-01 
 2.82000000e+00  9.57903383e-03  2.82000000e+00  7.34911723e-01 
 2.83000000e+00  9.62503659e-03  2.83000000e+00  7.35220287e-01 
 2.84000000e+00  9.67104580e-03  2.84000000e+00  7.35527621e-01 
 2.85000000e+00  9.71706139e-03  2.85000000e+00  7.35833734e-01 
 2.86000000e+00  9.76308332e-03  2.86000000e+00  7.36138638e-01 
 2.87000000e+00  9.80911153e-03  2.87000000e+00  7.36442343e-01 
 2.88000000e+00  9.85514597e-03  2.88000000e+00  7.36744860e-01 
 2.89000000e+00  9.90118657e-03  2.89000000e+00  7.37046200e-01 
 2.90000000e+00  9.94723330e-03  2.90000000e+00  7.37346371e-01 
 2.91000000e+00  9.99328608e-03  2.91000000e+00  7.37645384e-01 
 2.92000000e+00  1.00393449e-02  2.92000000e+00  7.37943250e-01 
 2.93000000e+00  1.00854096e-02  2.93000000e+00  7.38239977e-01 
 2.94000000e+00  1.01314803e-02  2.94000000e+00  7.38535576e-01 
 2.95000000e+00  1.01775569e-02  2.95000000e+00  7.38830056e-01 
 2.96000000e+00  1.02236392e-02  2.96000000e+00  7.39123426e-01 
 2.97000000e+00  1.02697273e-02  2.97000000e+00  7.39415696e-01 
 2.98000000e+00  1.03158211e-02  2.98000000e+00  7.39706874e-01 
 2.99000000e+00  1.03619206e-02  2.99000000e+00  7.39996971e-01 
 3.00000000e+00  1.04080257e-02  3.00000000e+00  7.40285994e-01 
 3.01000000e+00  1.04541364e-02  3.01000000e+00  7.40573953e-01 
 3.02000000e+00  1.05002527e-02  3.02000000e+00  7.40860856e-01 
 3.03000000e+00  1.05463744e-02  3.03000000e+00  7.41146713e-01 
 3.04000000e+00  1.05925015e-02  3.04000000e+00  7.41431530e-01 
 3.05000000e+00  1.06386340e-02  3.05000000e+00  7.41715318e-01 
 3.06000000e+00  1.06847719e-02  3.06000000e+00  7.41998083e-01 
 3.07000000e+00  1.07309151e-02  3.07000000e+00  7.42279835e-01 
 3.08000000e+00  1.07770636e-02  3.08000000e+00  7.42560582e-01 
 3.09000000e+00  1.08232173e-02  3.09000000e+00  7.42840331e-01 
 3.10000000e+00  1.08693762e-02  3.10000000e+00  7.43119090e-01 
 3.11000000e+00  1.09155402e-02  3.11000000e+00  7.43396867e-01 
 3.12000000e+00  1.09617093e-02  3.12000000e+00  7.43673670e-01 
 3.13000000e+00  1.10078835e-02  3.13000000e+00  7.43949507e-01 
 3.14000000e+00  1.10540627e-02  3.14000000e+00  7.44224385e-01 
 3.15000000e+00  1.11002469e-02  3.15000000e+00  7.44498311e-01 
 3.16000000e+00  1.11464361e-02  3.16000000e+00  7.44771293e-01 
 3.17000000e+00  1.11926301e-02  3.17000000e+00  7.45043338e-01 
 3.18000000e+00  1.12388291e-02  3.18000000e+00  7.45314453e-01 
 3.19000000e+00  1.12850328e-02  3.19000000e+00  7.45584645e-01 
 3.20000000e+00  1.13312414e-02  3.20000000e+00  7.45853923e-01 
 3.21000000e+00  1.13774547e-02  3.21000000e+00  7.46122291e-01 
 3.22000000e+00  1.14236727e-02  3.22000000e+00  7.46389758e-01 
 3.23000000e+00  1.14698954e-02  3.23000000e+00  7.46656329e-01 
 3.24000000e+00  1.15161228e-02  3.24000000e+00  7.46922013e-01 
 3.25000000e+00  1.15623548e-02  3.25000000e+00  7.47186814e-01 
 3.26000000e+00  1.16085914e-02  3.26000000e+00  7.47450741e-01 
 3.27000000e+00  1.16548325e-02  3.27000000e+00  7.47713799e-01 
 3.28000000e+00  1.17010781e-02  3.28000000e+00  7.47975995e-01 
 3.29000000e+00  1.17473282e-02  3.29000000e+00  7.48237335e-01 
 3.30000000e+00  1.17935828e-02  3.30000000e+00  7.48497825e-01 
 3.31000000e+00  1.18398418e-02  3.31000000e+00  7.48757472e-01 
 3.32000000e+00  1.18861052e-02  3.32000000e+00  7.49016282e-01 
 3.33000000e+00  1.19323729e-02  3.33000000e+00  7.49274260e-01 
 3.34000000e+00  1.19786450e-02  3.34000000e+00  7.49531414e-01 
 3.35000000e+00  1.20249213e-02  3.35000000e+00  7.49787748e-01 
 3.36000000e+00  1.20712019e-02  3.36000000e+00  7.50043269e-01 
 3.37000000e+00  1.21174868e-02  3.37000000e+00  7.50297982e-01 
 3.38000000e+00  1.21637758e-02  3.38000000e+00  7.50551893e-01 
 3.39000000e+00  1.22100690e-02  3.39000000e+00  7.50805008e-01 
 3.40000000e+00  1.22563664e-02  3.40000000e+00  7.51057333e-01 
 3.41000000e+00  1.23026678e-02  3.41000000e+00  7.51308873e-01 
 3.42000000e+00  1.23489734e-02  3.42000000e+00  7.51559633e-01 
 3.43000000e+00  1.23952829e-02  3.43000000e+00  7.51809619e-01 
 3.44000000e+00  1.24415966e-02  3.44000000e+00  7.52058837e-01 
 3.45000000e+00  1.24879142e-02  3.45000000e+00  7.52307291e-01 
 3.46000000e+00  1.25342358e-02  3.46000000e+00  7.52554988e-01 
 3.47000000e+00  1.25805613e-02  3.47000000e+00  7.52801931e-01 
 3.48000000e+00  1.26268908e-02  3.48000000e+00  7.53048127e-01 
 3.49000000e+00  1.26732241e-02  3.49000000e+00  7.53293581e-01 
 3.50000000e+00  1.27195613e-02  3.50000000e+00  7.53538297e-01 
 3.51000000e+00  1.27659023e-02  3.51000000e+00  7.53782280e-01 
 3.52000000e+00  1.28122472e-02  3.52000000e+00  7.54025537e-01 
 3.53000000e+00  1.28585958e-02  3.53000000e+00  7.54268070e-01 
 3.54000000e+00  1.29049482e-02  3.54000000e+00  7.54509886e-01 
 3.55000000e+00  1.29513043e-02  3.55000000e+00  7.54750989e-01 
 3.56000000e+00  1.29976642e-02  3.56000000e+00  7.54991383e-01 
 3.57000000e+00  1.30440277e-02  3.57000000e+00  7.55231075e-01 
 3.58000000e+00  1.30903949e-02  3.58000000e+00  7.55470067e-01 
 3.59000000e+00  1.31367657e-02  3.59000000e+00  7.55708365e-01 
 3.60000000e+00  1.31831401e-02  3.60000000e+00  7.55945974e-01 
 3.61000000e+00  1.32295182e-02  3.61000000e+00  7.56182898e-01 
 3.62000000e+00  1.32758997e-02  3.62000000e+00  7.56419141e-01 
 3.63000000e+00  1.33222849e-02  3.63000000e+00  7.56654707e-01 
 3.64000000e+00  1.33686735e-02  3.64000000e+00  7.56889602e-01 
 3.65000000e+00  1.34150657e-02  3.65000000e+00  7.57123830e-01 
 3.66000000e+00  1.34614613e-02  3.66000000e+00  7.57357395e-01 
 3.67000000e+00  1.35078603e-02  3.67000000e+00  7.57590300e-01 
 3.68000000e+00  1.35542628e-02  3.68000000e+00  7.57822551e-01 
 3.69000000e+00  1.36006687e-02  3.69000000e+00  7.58054152e-01 
 3.70000000e+00  1.36470780e-02  3.70000000e+00  7.58285106e-01 
 3.71000000e+00  1.36934907e-02  3.71000000e+00  7.58515418e-01 
 3.72000000e+00  1.37399067e-02  3.72000000e+00  7.58745092e-01 
 3.73000000e+00  1.37863260e-02  3.73000000e+00  7.58974132e-01 
 3.74000000e+00  1.38327486e-02  3.74000000e+00  7.59202542e-01 
 3.75000000e+00  1.38791745e-02  3.75000000e+00  7.59430326e-01 
 3.76000000e+00  1.39256036e-02  3.76000000e+00  7.59657487e-01 
 3.77000000e+00  1.39720360e-02  3.77000000e+00  7.59884030e-01 
 3.78000000e+00  1.40184716e-02  3.78000000e+00  7.60109958e-01 
 3.79000000e+00  1.40649105e-02  3.79000000e+00  7.60335276e-01 
 3.80000000e+00  1.41113525e-02  3.80000000e+00  7.60559986e-01 
 3.81000000e+00  1.41577976e-02  3.81000000e+00  7.60784093e-01 
 3.82000000e+00  1.42042459e-02  3.82000000e+00  7.61007601e-01 
 3.83000000e+00  1.42506973e-02  3.83000000e+00  7.61230513e-01 
 3.84000000e+00  1.42971518e-02  3.84000000e+00  7.61452832e-01 
 3.85000000e+00  1.43436094e-02  3.85000000e+00  7.61674563e-01 
 3.86000000e+00  1.43900701e-02  3.86000000e+00  7.61895709e-01 
 3.87000000e+00  1.44365338e-02  3.87000000e+00  7.62116273e-01 
 3.88000000e+00  1.44830005e-02  3.88000000e+00  7.62336259e-01 
 3.89000000e+00  1.45294703e-02  3.89000000e+00  7.62555670e-01 
 3.90000000e+00  1.45759430e-02  3.90000000e+00  7.62774510e-01 
 3.91000000e+00  1.46224188e-02  3.91000000e+00  7.62992783e-01 
 3.92000000e+00  1.46688974e-02  3.92000000e+00  7.63210491e-01 
 3.93000000e+00  1.47153790e-02  3.93000000e+00  7.63427637e-01 
 3.94000000e+00  1.47618636e-02  3.94000000e+00  7.63644226e-01 
 3.95000000e+00  1.48083510e-02  3.95000000e+00  7.63860261e-01 
 3.96000000e+00  1.48548413e-02  3.96000000e+00  7.64075744e-01 
 3.97000000e+00  1.49013345e-02  3.97000000e+00  7.64290679e-01 
 3.98000000e+00  1.49478306e-02  3.98000000e+00  7.64505070e-01 
 3.99000000e+00  1.49943295e-02  3.99000000e+00  7.64718919e-01 
 4.00000000e+00  1.50408312e-02  4.00000000e+00  7.64932229e-01 
 4.01000000e+00  1.50873357e-02  4.01000000e+00  7.65145004e-01 
 4.02000000e+00  1.51338430e-02  4.02000000e+00  7.65357246e-01 
 4.03000000e+00  1.51803531e-02  4.03000000e+00  7.65568959e-01 
 4.04000000e+00  1.52268659e-02  4.04000000e+00  7.65780146e-01 
 4.05000000e+00  1.52733815e-02  4.05000000e+00  7.65990810e-01 
 4.06000000e+00  1.53198998e-02  4.06000000e+00  7.66200953e-01 
 4.07000000e+00  1.53664208e-02  4.07000000e+00  7.66410579e-01 
 4.08000000e+00  1.54129445e-02  4.08000000e+00  7.66619691e-01 
 4.09000000e+00  1.54594709e-02  4.09000000e+00  7.66828291e-01 
 4.10000000e+00  1.55059999e-02  4.10000000e+00  7.67036383e-01 
 4.11000000e+00  1.55525316e-02  4.11000000e+00  7.67243969e-01 
 4.12000000e+00  1.55990659e-02  4.12000000e+00  7.67451052e-01 
 4.13000000e+00  1.56456029e-02  4.13000000e+00  7.67657635e-01 
 4.14000000e+00  1.56921424e-02  4.14000000e+00  7.67863721e-01 
 4.15000000e+00  1.57386846e-02  4.15000000e+00  7.68069312e-01 
 4.16000000e+00  1.57852293e-02  4.16000000e+00  7.68274411e-01 
 4.17000000e+00  1.58317766e-02  4.17000000e+00  7.68479021e-01 
 4.18000000e+00  1.58783264e-02  4.18000000e+00  7.68683144e-01 
 4.19000000e+00  1.59248788e-02  4.19000000e+00  7.68886784e-01 
 4.20000000e+00  1.59714336e-02  4.20000000e+00  7.69089943e-01 
 4.21000000e+00  1.60179910e-02  4.21000000e+00  7.69292623e-01 
 4.22000000e+00  1.60645509e-02  4.22000000e+00  7.69494827e-01 
 4.23000000e+00  1.61111133e-02  4.23000000e+00  7.69696558e-01 
 4.24000000e+00  1.61576781e-02  4.24000000e+00  7.69897818e-01 
 4.25000000e+00  1.62042454e-02  4.25000000e+00  7.70098610e-01 
 4.26000000e+00  1.62508151e-02  4.26000000e+00  7.70298936e-01 
 4.27000000e+00  1.62973872e-02  4.27000000e+00  7.70498799e-01 
 4.28000000e+00  1.63439618e-02  4.28000000e+00  7.70698201e-01 
 4.29000000e+00  1.63905388e-02  4.29000000e+00  7.70897145e-01 
 4.30000000e+00  1.64371181e-02  4.30000000e+00  7.71095633e-01 
 4.31000000e+00  1.64836998e-02  4.31000000e+00  7.71293668e-01 
 4.32000000e+00  1.65302839e-02  4.32000000e+00  7.71491252e-01 
 4.33000000e+00  1.65768704e-02  4.33000000e+00  7.71688387e-01 
 4.34000000e+00  1.66234591e-02  4.34000000e+00  7.71885075e-01 
 4.35000000e+00  1.66700502e-02  4.35000000e+00  7.72081320e-01 
 4.36000000e+00  1.67166436e-02  4.36000000e+00  7.72277123e-01 
 4.37000000e+00  1.67632394e-02  4.37000000e+00  7.72472487e-01 
 4.38000000e+00  1.68098374e-02  4.38000000e+00  7.72667413e-01 
 4.39000000e+00  1.68564376e-02  4.39000000e+00  7.72861905e-01 
 4.40000000e+00  1.69030402e-02  4.40000000e+00  7.73055964e-01 
 4.41000000e+00  1.69496450e-02  4.41000000e+00  7.73249593e-01 
 4.42000000e+00  1.69962520e-02  4.42000000e+00  7.73442794e-01 
 4.43000000e+00  1.70428613e-02  4.43000000e+00  7.73635569e-01 
 4.44000000e+00  1.70894728e-02  4.44000000e+00  7.73827920e-01 
 4.45000000e+00  1.71360865e-02  4.45000000e+00  7.74019850e-01 
 4.46000000e+00  1.71827024e-02  4.46000000e+00  7.74211360e-01 
 4.47000000e+00  1.72293205e-02  4.47000000e+00  7.74402453e-01 
 4.48000000e+00  1.72759407e-02  4.48000000e+00  7.74593131e-01 
 4.49000000e+00  1.73225632e-02  4.49000000e+00  7.74783395e-01 
 4.50000000e+00  1.73691877e-02  4.50000000e+00  7.74973249e-01 
 4.51000000e+00  1.74158145e-02  4.51000000e+00  7.75162694e-01 
 4.52000000e+00  1.74624433e-02  4.52000000e+00  7.75351732e-01 
 4.53000000e+00  1.75090743e-02  4.53000000e+00  7.75540365e-01 
 4.54000000e+00  1.75557074e-02  4.54000000e+00  7.75728595e-01 
 4.55000000e+00  1.76023425e-02  4.55000000e+00  7.75916424e-01 
 4.56000000e+00  1.76489798e-02  4.56000000e+00  7.76103855e-01 
 4.57000000e+00  1.76956192e-02  4.57000000e+00  7.76290889e-01 
 4.58000000e+00  1.77422606e-02  4.58000000e+00  7.76477527e-01 
 4.59000000e+00  1.77889040e-02  4.59000000e+00  7.76663773e-01 
 4.60000000e+00  1.78355496e-02  4.60000000e+00  7.76849628e-01 
 4.61000000e+00  1.78821971e-02  4.61000000e+00  7.77035093e-01 
 4.62000000e+00  1.79288467e-02  4.62000000e+00  7.77220172e-01 
 4.63000000e+00  1.79754983e-02  4.63000000e+00  7.77404865e-01 
 4.64000000e+00  1.80221519e-02  4.64000000e+00  7.77589174e-01 
 4.65000000e+00  1.80688076e-02  4.65000000e+00  7.77773102e-01 
 4.66000000e+00  1.81154652e-02  4.66000000e+00  7.77956650e-01 
 4.67000000e+00  1.81621248e-02  4.67000000e+00  7.78139820e-01 
 4.68000000e+00  1.82087863e-02  4.68000000e+00  7.78322614e-01 
 4.69000000e+00  1.82554498e-02  4.69000000e+00  7.78505034e-01 
 4.70000000e+00  1.83021153e-02  4.70000000e+00  7.78687081e-01 
 4.71000000e+00  1.83487827e-02  4.71000000e+00  7.78868758e-01 
 4.72000000e+00  1.83954520e-02  4.72000000e+00  7.79050065e-01 
 4.73000000e+00  1.84421233e-02  4.73000000e+00  7.79231005e-01 
 4.74000000e+00  1.84887965e-02  4.74000000e+00  7.79411580e-01 
 4.75000000e+00  1.85354716e-02  4.75000000e+00  7.79591791e-01 
 4.76000000e+00  1.85821486e-02  4.76000000e+00  7.79771640e-01 
 4.77000000e+00  1.86288274e-02  4.77000000e+00  7.79951128e-01 
 4.78000000e+00  1.86755082e-02  4.78000000e+00  7.80130258e-01 
 4.79000000e+00  1.87221908e-02  4.79000000e+00  7.80309031e-01 
 4.80000000e+00  1.87688753e-02  4.80000000e+00  7.80487449e-01 
 4.81000000e+00  1.88155616e-02  4.81000000e+00  7.80665513e-01 
 4.82000000e+00  1.88622498e-02  4.82000000e+00  7.80843224e-01 
 4.83000000e+00  1.89089398e-02  4.83000000e+00  7.81020586e-01 
 4.84000000e+00  1.89556316e-02  4.84000000e+00  7.81197599e-01 
 4.85000000e+00  1.90023253e-02  4.85000000e+00  7.81374264e-01 
 4.86000000e+00  1.90490207e-02  4.86000000e+00  7.81550584e-01 
 4.87000000e+00  1.90957180e-02  4.87000000e+00  7.81726560e-01 
 4.88000000e+00  1.91424171e-02  4.88000000e+00  7.81902194e-01 
 4.89000000e+00  1.91891179e-02  4.89000000e+00  7.82077487e-01 
 4.90000000e+00  1.92358206e-02  4.90000000e+00  7.82252440e-01 
 4.91000000e+00  1.92825249e-02  4.91000000e+00  7.82427056e-01 
 4.92000000e+00  1.93292311e-02  4.92000000e+00  7.82601335e-01 
 4.93000000e+00  1.93759390e-02  4.93000000e+00  7.82775280e-01 
 4.94000000e+00  1.94226487e-02  4.94000000e+00  7.82948892e-01 
 4.95000000e+00  1.94693601e-02  4.95000000e+00  7.83122172e-01 
 4.96000000e+00  1.95160732e-02  4.96000000e+00  7.83295122e-01 
 4.97000000e+00  1.95627880e-02  4.97000000e+00  7.83467743e-01 
 4.98000000e+00  1.96095046e-02  4.98000000e+00  7.83640036e-01 
 4.99000000e+00  1.96562228e-02  4.99000000e+00  7.83812004e-01 
 5.00000000e+00  1.97029428e-02  5.00000000e+00  7.83983648e-01 
