 0.00000000e+00 -5.31484859e-33  0.00000000e+00  1.01465291e-30 
 1.00000000e-02  9.10535395e-15  1.00000000e-02  9.09090909e-03 
 2.00000000e-02  1.82153925e-14  2.00000000e-02  1.81818182e-02 
 3.00000000e-02  2.73271644e-14  3.00000000e-02  2.72727273e-02 
 4.00000000e-02  3.64422326e-14  4.00000000e-02  3.63636364e-02 
 5.00000000e-02  4.55611179e-14  5.00000000e-02  4.54545454e-02 
 6.00000000e-02  5.46844234e-14  6.00000000e-02  5.45454545e-02 
 7.00000000e-02  6.38128474e-14  7.00000000e-02  6.36363636e-02 
 8.00000000e-02  7.29471987e-14  8.00000000e-02  7.27272727e-02 
 9.00000000e-02  8.20884139e-14  9.00000000e-02  8.18181818e-02 
 1.00000000e-01  9.12375773e-14  1.00000000e-01  9.09090909e-02 
 1.10000000e-01  1.00395945e-13  1.10000000e-01  1.00000000e-01 
 1.20000000e-01  1.09564971e-13  1.20000000e-01  1.09090909e-01 
 1.30000000e-01  1.18746339e-13  1.30000000e-01  1.18181818e-01 
 1.40000000e-01  1.27941999e-13  1.40000000e-01  1.27272727e-01 
 1.50000000e-01  1.37154211e-13  1.50000000e-01  1.36363636e-01 
 1.60000000e-01  1.46385587e-13  1.60000000e-01  1.45454545e-01 
 1.70000000e-01  1.55639158e-13  1.70000000e-01  1.54545455e-01 
 1.80000000e-01  1.64918428e-13  1.80000000e-01  1.63636364e-01 
 1.90000000e-01  1.74227460e-13  1.90000000e-01  1.72727273e-01 
 2.00000000e-01  1.83570954e-13  2.00000000e-01  1.81818182e-01 
 2.10000000e-01  1.92954356e-13  2.10000000e-01  1.90909091e-01 
 2.20000000e-01  2.02383972e-13  2.20000000e-01  2.00000000e-01 
 2.30000000e-01  2.11867103e-13  2.30000000e-01  2.09090909e-01 
 2.40000000e-01  2.21412205e-13  2.40000000e-01  2.18181818e-01 
 2.50000000e-01  2.31029068e-13  2.50000000e-01  2.27272727e-01 
 2.60000000e-01  2.40729031e-13  2.60000000e-01  2.36363636e-01 
 2.70000000e-01  2.50525223e-13  2.70000000e-01  2.45454545e-01 
 2.80000000e-01  2.60432849e-13  2.80000000e-01  2.54545454e-01 
 2.90000000e-01  2.70469516e-13  2.90000000e-01  2.63636364e-01 
 3.00000000e-01  2.80655610e-13  3.00000000e-01  2.72727273e-01 
 3.10000000e-01  2.91014742e-13  3.10000000e-01  2.81818182e-01 
 3.20000000e-01  3.01574251e-13  3.20000000e-01  2.90909091e-01 
 3.30000000e-01  3.12365797e-13  3.30000000e-01  3.00000000e-01 
 3.40000000e-01  3.23426040e-13  3.40000000e-01  3.09090909e-01 
 3.50000000e-01  3.34797435e-13  3.50000000e-01  3.18181818e-01 
 3.60000000e-01  3.46529144e-13  3.60000000e-01  3.27272727e-01 
 3.70000000e-01  3.58678094e-13  3.70000000e-01  3.36363636e-01 
 3.80000000e-01  3.71310210e-13  3.80000000e-01  3.45454545e-01 
 3.90000000e-01  3.84501831e-13  3.90000000e-01  3.54545454e-01 
 4.00000000e-01  3.98341358e-13  4.00000000e-01  3.63636364e-01 
 4.10000000e-01  4.12931160e-13  4.10000000e-01  3.72727273e-01 
 4.20000000e-01  4.28389777e-13  4.20000000e-01  3.81818182e-01 
 4.30000000e-01  4.44854482e-13  4.30000000e-01  3.90909091e-01 
 4.40000000e-01  4.62484236e-13  4.40000000e-01  4.00000000e-01 
 4.50000000e-01  4.81463113e-13  4.50000000e-01  4.09090909e-01 
 4.60000000e-01  5.02004273e-13  4.60000000e-01  4.18181818e-01 
 4.70000000e-01  5.24354555e-13  4.70000000e-01  4.27272727e-01 
 4.80000000e-01  5.48799797e-13  4.80000000e-01  4.36363636e-01 
 4.90000000e-01  5.75670999e-13  4.90000000e-01  4.45454545e-01 
 5.00000000e-01  6.05351459e-13  5.00000000e-01  4.54545454e-01 
 5.10000000e-01  6.38285035e-13  5.10000000e-01  4.63636364e-01 
 5.20000000e-01  6.74985715e-13  5.20000000e-01  4.72727273e-01 
 5.30000000e-01  7.16048694e-13  5.30000000e-01  4.81818182e-01 
 5.40000000e-01  7.62163211e-13  5.40000000e-01  4.90909091e-01 
 5.50000000e-01  8.14127398e-13  5.50000000e-01  5.00000000e-01 
 5.60000000e-01  8.72865495e-13  5.60000000e-01  5.09090909e-01 
 5.70000000e-01  9.39447768e-13  5.70000000e-01  5.18181818e-01 
 5.80000000e-01  1.01511359e-12  5.80000000e-01  5.27272727e-01 
 5.90000000e-01  1.10129813e-12  5.90000000e-01  5.36363636e-01 
 6.00000000e-01  1.19966335e-12  6.00000000e-01  5.45454545e-01 
 6.10000000e-01  1.31213377e-12  6.10000000e-01  5.54545454e-01 
 6.20000000e-01  1.44093799e-12  6.20000000e-01  5.63636363e-01 
 6.30000000e-01  1.58865672e-12  6.30000000e-01  5.72727272e-01 
 6.40000000e-01  1.75827843e-12  6.40000000e-01  5.81818181e-01 
 6.50000000e-01  1.95326374e-12  6.50000000e-01  5.90909091e-01 
 6.60000000e-01  2.17762008e-12  6.60000000e-01  6.00000000e-01 
 6.70000000e-01  2.43598801e-12  6.70000000e-01  6.09090909e-01 
 6.80000000e-01  2.73374132e-12  6.80000000e-01  6.18181818e-01 
 6.90000000e-01  3.07710282e-12  6.90000000e-01  6.27272727e-01 
 7.00000000e-01  3.47327855e-12  7.00000000e-01  6.36363636e-01 
 7.10000000e-01  3.93061306e-12  7.10000000e-01  6.45454545e-01 
 7.20000000e-01  4.45876935e-12  7.20000000e-01  6.54545454e-01 
 7.30000000e-01  5.06893714e-12  7.30000000e-01  6.63636363e-01 
 7.40000000e-01  5.77407412e-12  7.40000000e-01  6.72727272e-01 
 7.50000000e-01  6.58918526e-12  7.50000000e-01  6.81818181e-01 
 7.60000000e-01  7.53164632e-12  7.60000000e-01  6.90909089e-01 
 7.70000000e-01  8.62157838e-12  7.70000000e-01  6.99999998e-01 
 7.80000000e-01  9.88228161e-12  7.80000000e-01  7.09090907e-01 
 7.90000000e-01  1.13407376e-11  7.90000000e-01  7.18181816e-01 
 8.00000000e-01  1.30281909e-11  8.00000000e-01  7.27272725e-01 
 8.10000000e-01  1.49808228e-11  8.10000000e-01  7.36363634e-01 
 8.20000000e-01  1.72405311e-11  8.20000000e-01  7.45454542e-01 
 8.30000000e-01  1.98558333e-11  8.30000000e-01  7.54545451e-01 
 8.40000000e-01  2.28829127e-11  8.40000000e-01  7.63636359e-01 
 8.50000000e-01  2.63868293e-11  8.50000000e-01  7.72727268e-01 
 8.60000000e-01  3.04429229e-11  8.60000000e-01  7.81818176e-01 
 8.70000000e-01  3.51384362e-11  8.70000000e-01  7.90909084e-01 
 8.80000000e-01  4.05743967e-11  8.80000000e-01  7.99999992e-01 
 8.90000000e-01  4.68677937e-11  8.90000000e-01  8.09090900e-01 
 9.00000000e-01  5.41541007e-11  9.00000000e-01  8.18181808e-01 
 9.10000000e-01  6.25901960e-11  9.10000000e-01  8.27272715e-01 
 9.20000000e-01  7.23577439e-11  9.20000000e-01  8.36363623e-01 
 9.30000000e-01  8.36671117e-11  9.30000000e-01  8.45454529e-01 
 9.40000000e-01  9.67619043e-11  9.40000000e-01  8.54545436e-01 
 9.50000000e-01  1.11924216e-10  9.50000000e-01  8.63636342e-01 
 9.60000000e-01  1.29480710e-10  9.60000000e-01  8.72727248e-01 
 9.70000000e-01  1.49809663e-10  9.70000000e-01  8.81818153e-01 
 9.80000000e-01  1.73349119e-10  9.80000000e-01  8.90909058e-01 
 9.90000000e-01  2.00606331e-10  9.90000000e-01  8.99999962e-01 
 1.00000000e+00  2.32168696e-10  1.00000000e+00  9.09090865e-01 
 1.01000000e+00  2.68716421e-10  1.01000000e+00  9.18181767e-01 
 1.02000000e+00  3.11037181e-10  1.02000000e+00  9.27272668e-01 
 1.03000000e+00  3.60043102e-10  1.03000000e+00  9.36363568e-01 
 1.04000000e+00  4.16790425e-10  1.04000000e+00  9.45454466e-01 
 1.05000000e+00  4.82502272e-10  1.05000000e+00  9.54545362e-01 
 1.06000000e+00  5.58595015e-10  1.06000000e+00  9.63636257e-01 
 1.07000000e+00  6.46708806e-10  1.07000000e+00  9.72727149e-01 
 1.08000000e+00  7.48742936e-10  1.08000000e+00  9.81818039e-01 
 1.09000000e+00  8.66896774e-10  1.09000000e+00  9.90908925e-01 
 1.10000000e+00  1.00371718e-09  1.10000000e+00  9.99999808e-01 
 1.11000000e+00  1.16215340e-09  1.11000000e+00  1.00909069e+00 
 1.12000000e+00  1.34562065e-09  1.12000000e+00  1.01818156e+00 
 1.13000000e+00  1.55807373e-09  1.13000000e+00  1.02727243e+00 
 1.14000000e+00  1.80409224e-09  1.14000000e+00  1.03636329e+00 
 1.15000000e+00  2.08897935e-09  1.15000000e+00  1.04545415e+00 
 1.16000000e+00  2.41887608e-09  1.16000000e+00  1.05454499e+00 
 1.17000000e+00  2.80089362e-09  1.17000000e+00  1.06363583e+00 
 1.18000000e+00  3.24326670e-09  1.18000000e+00  1.07272665e+00 
 1.19000000e+00  3.75553098e-09  1.19000000e+00  1.08181746e+00 
 1.20000000e+00  4.34872860e-09  1.20000000e+00  1.09090826e+00 
 1.21000000e+00  5.03564618e-09  1.21000000e+00  1.09999904e+00 
 1.22000000e+00  5.83109033e-09  1.22000000e+00  1.10908980e+00 
 1.23000000e+00  6.75220675e-09  1.23000000e+00  1.11818053e+00 
 1.24000000e+00  7.81884969e-09  1.24000000e+00  1.12727123e+00 
 1.25000000e+00  9.05400973e-09  1.25000000e+00  1.13636191e+00 
 1.26000000e+00  1.04843091e-08  1.26000000e+00  1.14545254e+00 
 1.27000000e+00  1.21405753e-08  1.27000000e+00  1.15454314e+00 
 1.28000000e+00  1.40585049e-08  1.28000000e+00  1.16363368e+00 
 1.29000000e+00  1.62794326e-08  1.29000000e+00  1.17272416e+00 
 1.30000000e+00  1.88512214e-08  1.30000000e+00  1.18181458e+00 
 1.31000000e+00  2.18292930e-08  1.31000000e+00  1.19090492e+00 
 1.32000000e+00  2.52778208e-08  1.32000000e+00  1.19999517e+00 
 1.33000000e+00  2.92711112e-08  1.33000000e+00  1.20908532e+00 
 1.34000000e+00  3.38952027e-08  1.34000000e+00  1.21817535e+00 
 1.35000000e+00  3.92497161e-08  1.35000000e+00  1.22726523e+00 
 1.36000000e+00  4.54499970e-08  1.36000000e+00  1.23635496e+00 
 1.37000000e+00  5.26295949e-08  1.37000000e+00  1.24544450e+00 
 1.38000000e+00  6.09431327e-08  1.38000000e+00  1.25453382e+00 
 1.39000000e+00  7.05696268e-08  1.39000000e+00  1.26362289e+00 
 1.40000000e+00  8.17163283e-08  1.40000000e+00  1.27271167e+00 
 1.41000000e+00  9.46231683e-08  1.41000000e+00  1.28180012e+00 
 1.42000000e+00  1.09567898e-07  1.42000000e+00  1.29088817e+00 
 1.43000000e+00  1.26872034e-07  1.43000000e+00  1.29997578e+00 
 1.44000000e+00  1.46907733e-07  1.44000000e+00  1.30906286e+00 
 1.45000000e+00  1.70105741e-07  1.45000000e+00  1.31814934e+00 
 1.46000000e+00  1.96964572e-07  1.46000000e+00  1.32723512e+00 
 1.47000000e+00  2.28061128e-07  1.47000000e+00  1.33632010e+00 
 1.48000000e+00  2.64062942e-07  1.48000000e+00  1.34540413e+00 
 1.49000000e+00  3.05742336e-07  1.49000000e+00  1.35448709e+00 
 1.50000000e+00  3.53992736e-07  1.50000000e+00  1.36356878e+00 
 1.51000000e+00  4.09847498e-07  1.51000000e+00  1.37264903e+00 
 1.52000000e+00  4.74501600e-07  1.52000000e+00  1.38172760e+00 
 1.53000000e+00  5.49336622e-07  1.53000000e+00  1.39080422e+00 
 1.54000000e+00  6.35949480e-07  1.54000000e+00  1.39987859e+00 
 1.55000000e+00  7.36185457e-07  1.55000000e+00  1.40895036e+00 
 1.56000000e+00  8.52176113e-07  1.56000000e+00  1.41801913e+00 
 1.57000000e+00  9.86382743e-07  1.57000000e+00  1.42708442e+00 
 1.58000000e+00  1.14164611e-06  1.58000000e+00  1.43614569e+00 
 1.59000000e+00  1.32124323e-06  1.59000000e+00  1.44520231e+00 
 1.60000000e+00  1.52895215e-06  1.60000000e+00  1.45425356e+00 
 1.61000000e+00  1.76912547e-06  1.61000000e+00  1.46329862e+00 
 1.62000000e+00  2.04677374e-06  1.62000000e+00  1.47233653e+00 
 1.63000000e+00  2.36765959e-06  1.63000000e+00  1.48136617e+00 
 1.64000000e+00  2.73840359e-06  1.64000000e+00  1.49038630e+00 
 1.65000000e+00  3.16660256e-06  1.65000000e+00  1.49939547e+00 
 1.66000000e+00  3.66096125e-06  1.66000000e+00  1.50839200e+00 
 1.67000000e+00  4.23143769e-06  1.67000000e+00  1.51737400e+00 
 1.68000000e+00  4.88940219e-06  1.68000000e+00  1.52633930e+00 
 1.69000000e+00  5.64780975e-06  1.69000000e+00  1.53528542e+00 
 1.70000000e+00  6.52138441e-06  1.70000000e+00  1.54420955e+00 
 1.71000000e+00  7.52681330e-06  1.71000000e+00  1.55310852e+00 
 1.72000000e+00  8.68294705e-06  1.72000000e+00  1.56197871e+00 
 1.73000000e+00  1.00110012e-05  1.73000000e+00  1.57081608e+00 
 1.74000000e+00  1.15347517e-05  1.74000000e+00  1.57961609e+00 
 1.75000000e+00  1.32807156e-05  1.75000000e+00  1.58837368e+00 
 1.76000000e+00  1.52783046e-05  1.76000000e+00  1.59708323e+00 
 1.77000000e+00  1.75599385e-05  1.77000000e+00  1.60573856e+00 
 1.78000000e+00  2.01611012e-05  1.78000000e+00  1.61433288e+00 
 1.79000000e+00  2.31203227e-05  1.79000000e+00  1.62285885e+00 
 1.80000000e+00  2.64790664e-05  1.80000000e+00  1.63130854e+00 
 1.81000000e+00  3.02815054e-05  1.81000000e+00  1.63967353e+00 
 1.82000000e+00  3.45741717e-05  1.82000000e+00  1.64794493e+00 
 1.83000000e+00  3.94054668e-05  1.83000000e+00  1.65611350e+00 
 1.84000000e+00  4.48250323e-05  1.84000000e+00  1.66416977e+00 
 1.85000000e+00  5.08829848e-05  1.85000000e+00  1.67210416e+00 
 1.86000000e+00  5.76290358e-05  1.86000000e+00  1.67990718e+00 
 1.87000000e+00  6.51115252e-05  1.87000000e+00  1.68756962e+00 
 1.88000000e+00  7.33764104e-05  1.88000000e+00  1.69508269e+00 
 1.89000000e+00  8.24662626e-05  1.89000000e+00  1.70243826e+00 
 1.90000000e+00  9.24193234e-05  1.90000000e+00  1.70962904e+00 
 1.91000000e+00  1.03268677e-04  1.91000000e+00  1.71664871e+00 
 1.92000000e+00  1.15041584e-04  1.92000000e+00  1.72349206e+00 
 1.93000000e+00  1.27759012e-04  1.93000000e+00  1.73015510e+00 
 1.94000000e+00  1.41435386e-04  1.94000000e+00  1.73663506e+00 
 1.95000000e+00  1.56078559e-04  1.95000000e+00  1.74293046e+00 
 1.96000000e+00  1.71689985e-04  1.96000000e+00  1.74904100e+00 
 1.97000000e+00  1.88265081e-04  1.97000000e+00  1.75496758e+00 
 1.98000000e+00  2.05793730e-04  1.98000000e+00  1.76071211e+00 
 1.99000000e+00  2.24260889e-04  1.99000000e+00  1.76627747e+00 
 2.00000000e+00  2.43647267e-04  2.00000000e+00  1.77166734e+00 
 2.01000000e+00  2.63930017e-04  2.01000000e+00  1.77688609e+00 
 2.02000000e+00  2.85083438e-04  2.02000000e+00  1.78193862e+00 
 2.03000000e+00  3.07079631e-04  2.03000000e+00  1.78683025e+00 
 2.04000000e+00  3.29889109e-04  2.04000000e+00  1.79156662e+00 
 2.05000000e+00  3.53481349e-04  2.05000000e+00  1.79615356e+00 
 2.06000000e+00  3.77825267e-04  2.06000000e+00  1.80059699e+00 
 2.07000000e+00  4.02889630e-04  2.07000000e+00  1.80490289e+00 
 2.08000000e+00  4.28643392e-04  2.08000000e+00  1.80907717e+00 
 2.09000000e+00  4.55055975e-04  2.09000000e+00  1.81312568e+00 
 2.10000000e+00  4.82097485e-04  2.10000000e+00  1.81705412e+00 
 2.11000000e+00  5.09738881e-04  2.11000000e+00  1.82086803e+00 
 2.12000000e+00  5.37952100e-04  2.12000000e+00  1.82457278e+00 
 2.13000000e+00  5.66710141e-04  2.13000000e+00  1.82817352e+00 
 2.14000000e+00  5.95987120e-04  2.14000000e+00  1.83167519e+00 
 2.15000000e+00  6.25758302e-04  2.15000000e+00  1.83508251e+00 
 2.16000000e+00  6.56000110e-04  2.16000000e+00  1.83839998e+00 
 2.17000000e+00  6.86690115e-04  2.17000000e+00  1.84163189e+00 
 2.18000000e+00  7.17807021e-04  2.18000000e+00  1.84478230e+00 
 2.19000000e+00  7.49330633e-04  2.19000000e+00  1.84785506e+00 
 2.20000000e+00  7.81241820e-04  2.20000000e+00  1.85085383e+00 
 2.21000000e+00  8.13522481e-04  2.21000000e+00  1.85378207e+00 
 2.22000000e+00  8.46155492e-04  2.22000000e+00  1.85664304e+00 
 2.23000000e+00  8.79124668e-04  2.23000000e+00  1.85943984e+00 
 2.24000000e+00  9.12414715e-04  2.24000000e+00  1.86217537e+00 
 2.25000000e+00  9.46011181e-04  2.25000000e+00  1.86485241e+00 
 2.26000000e+00  9.79900412e-04  2.26000000e+00  1.86747356e+00 
 2.27000000e+00  1.01406951e-03  2.27000000e+00  1.87004128e+00 
 2.28000000e+00  1.04850628e-03  2.28000000e+00  1.87255789e+00 
 2.29000000e+00  1.08319922e-03  2.29000000e+00  1.87502560e+00 
 2.30000000e+00  1.11813743e-03  2.30000000e+00  1.87744649e+00 
 2.31000000e+00  1.15331061e-03  2.31000000e+00  1.87982252e+00 
 2.32000000e+00  1.18870903e-03  2.32000000e+00  1.88215555e+00 
 2.33000000e+00  1.22432347e-03  2.33000000e+00  1.88444734e+00 
 2.34000000e+00  1.26014520e-03  2.34000000e+00  1.88669955e+00 
 2.35000000e+00  1.29616598e-03  2.35000000e+00  1.88891377e+00 
 2.36000000e+00  1.33237796e-03  2.36000000e+00  1.89109148e+00 
 2.37000000e+00  1.36877372e-03  2.37000000e+00  1.89323411e+00 
 2.38000000e+00  1.40534623e-03  2.38000000e+00  1.89534299e+00 
 2.39000000e+00  1.44208881e-03  2.39000000e+00  1.89741941e+00 
 2.40000000e+00  1.47899512e-03  2.40000000e+00  1.89946457e+00 
 2.41000000e+00  1.51605914e-03  2.41000000e+00  1.90147962e+00 
 2.42000000e+00  1.55327513e-03  2.42000000e+00  1.90346566e+00 
 2.43000000e+00  1.59063765e-03  2.43000000e+00  1.90542372e+00 
 2.44000000e+00  1.62814153e-03  2.44000000e+00  1.90735480e+00 
 2.45000000e+00  1.66578184e-03  2.45000000e+00  1.90925983e+00 
 2.46000000e+00  1.70355387e-03  2.46000000e+00  1.91113972e+00 
 2.47000000e+00  1.74145316e-03  2.47000000e+00  1.91299531e+00 
 2.48000000e+00  1.77947543e-03  2.48000000e+00  1.91482742e+00 
 2.49000000e+00  1.81761661e-03  2.49000000e+00  1.91663683e+00 
 2.50000000e+00  1.85587283e-03  2.50000000e+00  1.91842428e+00 
 2.51000000e+00  1.89424036e-03  2.51000000e+00  1.92019048e+00 
 2.52000000e+00  1.93271567e-03  2.52000000e+00  1.92193610e+00 
 2.53000000e+00  1.97129536e-03  2.53000000e+00  1.92366179e+00 
 2.54000000e+00  2.00997620e-03  2.54000000e+00  1.92536818e+00 
 2.55000000e+00  2.04875507e-03  2.55000000e+00  1.92705585e+00 
 2.56000000e+00  2.08762902e-03  2.56000000e+00  1.92872537e+00 
 2.57000000e+00  2.12659520e-03  2.57000000e+00  1.93037728e+00 
 2.58000000e+00  2.16565088e-03  2.58000000e+00  1.93201210e+00 
 2.59000000e+00  2.20479346e-03  2.59000000e+00  1.93363034e+00 
 2.60000000e+00  2.24402041e-03  2.60000000e+00  1.93523247e+00 
 2.61000000e+00  2.28332935e-03  2.61000000e+00  1.93681894e+00 
 2.62000000e+00  2.32271796e-03  2.62000000e+00  1.93839021e+00 
 2.63000000e+00  2.36218402e-03  2.63000000e+00  1.93994669e+00 
 2.64000000e+00  2.40172541e-03  2.64000000e+00  1.94148879e+00 
 2.65000000e+00  2.44134007e-03  2.65000000e+00  1.94301690e+00 
 2.66000000e+00  2.48102603e-03  2.66000000e+00  1.94453139e+00 
 2.67000000e+00  2.52078141e-03  2.67000000e+00  1.94603264e+00 
 2.68000000e+00  2.56060437e-03  2.68000000e+00  1.94752098e+00 
 2.69000000e+00  2.60049316e-03  2.69000000e+00  1.94899676e+00 
 2.70000000e+00  2.64044610e-03  2.70000000e+00  1.95046029e+00 
 2.71000000e+00  2.68046154e-03  2.71000000e+00  1.95191189e+00 
 2.72000000e+00  2.72053792e-03  2.72000000e+00  1.95335185e+00 
 2.73000000e+00  2.76067372e-03  2.73000000e+00  1.95478047e+00 
 2.74000000e+00  2.80086748e-03  2.74000000e+00  1.95619803e+00 
 2.75000000e+00  2.84111780e-03  2.75000000e+00  1.95760478e+00 
 2.76000000e+00  2.88142330e-03  2.76000000e+00  1.95900101e+00 
 2.77000000e+00  2.92178267e-03  2.77000000e+00  1.96038694e+00 
 2.78000000e+00  2.96219465e-03  2.78000000e+00  1.96176284e+00 
 2.79000000e+00  3.00265801e-03  2.79000000e+00  1.96312893e+00 
 2.80000000e+00  3.04317155e-03  2.80000000e+00  1.96448543e+00 
 2.81000000e+00  3.08373414e-03  2.81000000e+00  1.96583257e+00 
 2.82000000e+00  3.12434465e-03  2.82000000e+00  1.96717057e+00 
 2.83000000e+00  3.16500202e-03  2.83000000e+00  1.96849961e+00 
 2.84000000e+00  3.20570521e-03  2.84000000e+00  1.96981991e+00 
 2.85000000e+00  3.24645321e-03  2.85000000e+00  1.97113166e+00 
 2.86000000e+00  3.28724505e-03  2.86000000e+00  1.97243504e+00 
 2.87000000e+00  3.32807977e-03  2.87000000e+00  1.97373023e+00 
 2.88000000e+00  3.36895647e-03  2.88000000e+00  1.97501740e+00 
 2.89000000e+00  3.40987426e-03  2.89000000e+00  1.97629673e+00 
 2.90000000e+00  3.45083227e-03  2.90000000e+00  1.97756838e+00 
 2.91000000e+00  3.49182968e-03  2.91000000e+00  1.97883252e+00 
 2.92000000e+00  3.53286567e-03  2.92000000e+00  1.98008928e+00 
 2.93000000e+00  3.57393946e-03  2.93000000e+00  1.98133883e+00 
 2.94000000e+00  3.61505028e-03  2.94000000e+00  1.98258131e+00 
 2.95000000e+00  3.65619739e-03  2.95000000e+00  1.98381686e+00 
 2.96000000e+00  3.69738008e-03  2.96000000e+00  1.98504562e+00 
 2.97000000e+00  3.73859764e-03  2.97000000e+00  1.98626772e+00 
 2.98000000e+00  3.77984941e-03  2.98000000e+00  1.98748330e+00 
 2.99000000e+00  3.82113470e-03  2.99000000e+00  1.98869247e+00 
 3.00000000e+00  3.86245290e-03  3.00000000e+00  1.98989536e+00 
 3.01000000e+00  3.90380336e-03  3.01000000e+00  1.99109209e+00 
 3.02000000e+00  3.94518549e-03  3.02000000e+00  1.99228277e+00 
 3.03000000e+00  3.98659869e-03  3.03000000e+00  1.99346752e+00 
 3.04000000e+00  4.02804240e-03  3.04000000e+00  1.99464645e+00 
 3.05000000e+00  4.06951604e-03  3.05000000e+00  1.99581966e+00 
 3.06000000e+00  4.11101909e-03  3.06000000e+00  1.99698727e+00 
 3.07000000e+00  4.15255100e-03  3.07000000e+00  1.99814936e+00 
 3.08000000e+00  4.19411126e-03  3.08000000e+00  1.99930603e+00 
 3.09000000e+00  4.23569937e-03  3.09000000e+00  2.00045739e+00 
 3.10000000e+00  4.27731484e-03  3.10000000e+00  2.00160353e+00 
 3.11000000e+00  4.31895719e-03  3.11000000e+00  2.00274454e+00 
 3.12000000e+00  4.36062595e-03  3.12000000e+00  2.00388050e+00 
 3.13000000e+00  4.40232068e-03  3.13000000e+00  2.00501151e+00 
 3.14000000e+00  4.44404093e-03  3.14000000e+00  2.00613764e+00 
 3.15000000e+00  4.48578627e-03  3.15000000e+00  2.00725899e+00 
 3.16000000e+00  4.52755627e-03  3.16000000e+00  2.00837562e+00 
 3.17000000e+00  4.56935054e-03  3.17000000e+00  2.00948763e+00 
 3.18000000e+00  4.61116866e-03  3.18000000e+00  2.01059507e+00 
 3.19000000e+00  4.65301024e-03  3.19000000e+00  2.01169804e+00 
 3.20000000e+00  4.69487492e-03  3.20000000e+00  2.01279661e+00 
 3.21000000e+00  4.73676230e-03  3.21000000e+00  2.01389083e+00 
 3.22000000e+00  4.77867203e-03  3.22000000e+00  2.01498079e+00 
 3.23000000e+00  4.82060376e-03  3.23000000e+00  2.01606656e+00 
 3.24000000e+00  4.86255713e-03  3.24000000e+00  2.01714818e+00 
 3.25000000e+00  4.90453180e-03  3.25000000e+00  2.01822575e+00 
 3.26000000e+00  4.94652745e-03  3.26000000e+00  2.01929930e+00 
 3.27000000e+00  4.98854376e-03  3.27000000e+00  2.02036892e+00 
 3.28000000e+00  5.03058039e-03  3.28000000e+00  2.02143465e+00 
 3.29000000e+00  5.07263705e-03  3.29000000e+00  2.02249656e+00 
 3.30000000e+00  5.11471344e-03  3.30000000e+00  2.02355471e+00 
 3.31000000e+00  5.15680924e-03  3.31000000e+00  2.02460914e+00 
 3.32000000e+00  5.19892419e-03  3.32000000e+00  2.02565993e+00 
 3.33000000e+00  5.24105799e-03  3.33000000e+00  2.02670711e+00 
 3.34000000e+00  5.28321036e-03  3.34000000e+00  2.02775075e+00 
 3.35000000e+00  5.32538104e-03  3.35000000e+00  2.02879089e+00 
 3.36000000e+00  5.36756975e-03  3.36000000e+00  2.02982759e+00 
 3.37000000e+00  5.40977625e-03  3.37000000e+00  2.03086090e+00 
 3.38000000e+00  5.45200027e-03  3.38000000e+00  2.03189086e+00 
 3.39000000e+00  5.49424156e-03  3.39000000e+00  2.03291752e+00 
 3.40000000e+00  5.53649989e-03  3.40000000e+00  2.03394093e+00 
 3.41000000e+00  5.57877501e-03  3.41000000e+00  2.03496113e+00 
 3.42000000e+00  5.62106669e-03  3.42000000e+00  2.03597818e+00 
 3.43000000e+00  5.66337470e-03  3.43000000e+00  2.03699210e+00 
 3.44000000e+00  5.70569882e-03  3.44000000e+00  2.03800295e+00 
 3.45000000e+00  5.74803882e-03  3.45000000e+00  2.03901077e+00 
 3.46000000e+00  5.79039449e-03  3.46000000e+00  2.04001560e+00 
 3.47000000e+00  5.83276562e-03  3.47000000e+00  2.04101747e+00 
 3.48000000e+00  5.87515199e-03  3.48000000e+00  2.04201644e+00 
 3.49000000e+00  5.91755342e-03  3.49000000e+00  2.04301253e+00 
 3.50000000e+00  5.95996970e-03  3.50000000e+00  2.04400579e+00 
 3.51000000e+00  6.00240062e-03  3.51000000e+00  2.04499624e+00 
 3.52000000e+00  6.04484601e-03  3.52000000e+00  2.04598394e+00 
 3.53000000e+00  6.08730568e-03  3.53000000e+00  2.04696892e+00 
 3.54000000e+00  6.12977943e-03  3.54000000e+00  2.04795120e+00 
 3.55000000e+00  6.17226709e-03  3.55000000e+00  2.04893083e+00 
 3.56000000e+00  6.21476849e-03  3.56000000e+00  2.04990783e+00 
 3.57000000e+00  6.25728344e-03  3.57000000e+00  2.05088225e+00 
 3.58000000e+00  6.29981177e-03  3.58000000e+00  2.05185412e+00 
 3.59000000e+00  6.34235333e-03  3.59000000e+00  2.05282346e+00 
 3.60000000e+00  6.38490794e-03  3.60000000e+00  2.05379030e+00 
 3.61000000e+00  6.42747544e-03  3.61000000e+00  2.05475469e+00 
 3.62000000e+00  6.47005567e-03  3.62000000e+00  2.05571664e+00 
 3.63000000e+00  6.51264849e-03  3.63000000e+00  2.05667620e+00 
 3.64000000e+00  6.55525372e-03  3.64000000e+00  2.05763338e+00 
 3.65000000e+00  6.59787124e-03  3.65000000e+00  2.05858822e+00 
 3.66000000e+00  6.64050087e-03  3.66000000e+00  2.05954074e+00 
 3.67000000e+00  6.68314249e-03  3.67000000e+00  2.06049098e+00 
 3.68000000e+00  6.72579595e-03  3.68000000e+00  2.06143895e+00 
 3.69000000e+00  6.76846111e-03  3.69000000e+00  2.06238470e+00 
 3.70000000e+00  6.81113783e-03  3.70000000e+00  2.06332823e+00 
 3.71000000e+00  6.85382598e-03  3.71000000e+00  2.06426959e+00 
 3.72000000e+00  6.89652542e-03  3.72000000e+00  2.06520878e+00 
 3.73000000e+00  6.93923602e-03  3.73000000e+00  2.06614585e+00 
 3.74000000e+00  6.98195765e-03  3.74000000e+00  2.06708081e+00 
 3.75000000e+00  7.02469020e-03  3.75000000e+00  2.06801369e+00 
 3.76000000e+00  7.06743353e-03  3.76000000e+00  2.06894451e+00 
 3.77000000e+00  7.11018752e-03  3.77000000e+00  2.06987329e+00 
 3.78000000e+00  7.15295205e-03  3.78000000e+00  2.07080006e+00 
 3.79000000e+00  7.19572701e-03  3.79000000e+00  2.07172484e+00 
 3.80000000e+00  7.23851227e-03  3.80000000e+00  2.07264766e+00 
 3.81000000e+00  7.28130773e-03  3.81000000e+00  2.07356852e+00 
 3.82000000e+00  7.32411327e-03  3.82000000e+00  2.07448747e+00 
 3.83000000e+00  7.36692878e-03  3.83000000e+00  2.07540450e+00 
 3.84000000e+00  7.40975416e-03  3.84000000e+00  2.07631966e+00 
 3.85000000e+00  7.45258929e-03  3.85000000e+00  2.07723295e+00 
 3.86000000e+00  7.49543407e-03  3.86000000e+00  2.07814441e+00 
 3.87000000e+00  7.53828839e-03  3.87000000e+00  2.07905403e+00 
 3.88000000e+00  7.58115216e-03  3.88000000e+00  2.07996186e+00 
 3.89000000e+00  7.62402528e-03  3.89000000e+00  2.08086790e+00 
 3.90000000e+00  7.66690764e-03  3.90000000e+00  2.08177218e+00 
 3.91000000e+00  7.70979914e-03  3.91000000e+00  2.08267471e+00 
 3.92000000e+00  7.75269970e-03  3.92000000e+00  2.08357551e+00 
 3.93000000e+00  7.79560922e-03  3.93000000e+00  2.08447460e+00 
 3.94000000e+00  7.83852760e-03  3.94000000e+00  2.08537200e+00 
 3.95000000e+00  7.88145476e-03  3.95000000e+00  2.08626773e+00 
 3.96000000e+00  7.92439060e-03  3.96000000e+00  2.08716179e+00 
 3.97000000e+00  7.96733504e-03  3.97000000e+00  2.08805422e+00 
 3.98000000e+00  8.01028798e-03  3.98000000e+00  2.08894502e+00 
 3.99000000e+00  8.05324935e-03  3.99000000e+00  2.08983422e+00 
 4.00000000e+00  8.09621905e-03  4.00000000e+00  2.09072182e+00 
 4.01000000e+00  8.13919701e-03  4.01000000e+00  2.09160784e+00 
 4.02000000e+00  8.18218314e-03  4.02000000e+00  2.09249231e+00 
 4.03000000e+00  8.22517736e-03  4.03000000e+00  2.09337523e+00 
 4.04000000e+00  8.26817959e-03  4.04000000e+00  2.09425662e+00 
 4.05000000e+00  8.31118975e-03  4.05000000e+00  2.09513650e+00 
 4.06000000e+00  8.35420776e-03  4.06000000e+00  2.09601488e+00 
 4.07000000e+00  8.39723355e-03  4.07000000e+00  2.09689178e+00 
 4.08000000e+00  8.44026705e-03  4.08000000e+00  2.09776720e+00 
 4.09000000e+00  8.48330817e-03  4.09000000e+00  2.09864117e+00 
 4.10000000e+00  8.52635685e-03  4.10000000e+00  2.09951369e+00 
 4.11000000e+00  8.56941301e-03  4.11000000e+00  2.10038479e+00 
 4.12000000e+00  8.61247658e-03  4.12000000e+00  2.10125447e+00 
 4.13000000e+00  8.65554750e-03  4.13000000e+00  2.10212275e+00 
 4.14000000e+00  8.69862568e-03  4.14000000e+00  2.10298964e+00 
 4.15000000e+00  8.74171107e-03  4.15000000e+00  2.10385516e+00 
 4.16000000e+00  8.78480360e-03  4.16000000e+00  2.10471931e+00 
 4.17000000e+00  8.82790320e-03  4.17000000e+00  2.10558212e+00 
 4.18000000e+00  8.87100980e-03  4.18000000e+00  2.10644358e+00 
 4.19000000e+00  8.91412334e-03  4.19000000e+00  2.10730373e+00 
 4.20000000e+00  8.95724376e-03  4.20000000e+00  2.10816255e+00 
 4.21000000e+00  9.00037100e-03  4.21000000e+00  2.10902008e+00 
 4.22000000e+00  9.04350498e-03  4.22000000e+00  2.10987632e+00 
 4.23000000e+00  9.08664566e-03  4.23000000e+00  2.11073128e+00 
 4.24000000e+00  9.12979296e-03  4.24000000e+00  2.11158498e+00 
 4.25000000e+00  9.17294684e-03  4.25000000e+00  2.11243742e+00 
 4.26000000e+00  9.21610723e-03  4.26000000e+00  2.11328862e+00 
 4.27000000e+00  9.25927408e-03  4.27000000e+00  2.11413859e+00 
 4.28000000e+00  9.30244732e-03  4.28000000e+00  2.11498733e+00 
 4.29000000e+00  9.34562690e-03  4.29000000e+00  2.11583486e+00 
 4.30000000e+00  9.38881277e-03  4.30000000e+00  2.11668120e+00 
 4.31000000e+00  9.43200486e-03  4.31000000e+00  2.11752634e+00 
 4.32000000e+00  9.47520314e-03  4.32000000e+00  2.11837031e+00 
 4.33000000e+00  9.51840753e-03  4.33000000e+00  2.11921311e+00 
 4.34000000e+00  9.56161800e-03  4.34000000e+00  2.12005475e+00 
 4.35000000e+00  9.60483448e-03  4.35000000e+00  2.12089524e+00 
 4.36000000e+00  9.64805693e-03  4.36000000e+00  2.12173459e+00 
 4.37000000e+00  9.69128529e-03  4.37000000e+00  2.12257281e+00 
 4.38000000e+00  9.73451952e-03  4.38000000e+00  2.12340991e+00 
 4.39000000e+00  9.77775956e-03  4.39000000e+00  2.12424590e+00 
 4.40000000e+00  9.82100537e-03  4.40000000e+00  2.12508079e+00 
 4.41000000e+00  9.86425689e-03  4.41000000e+00  2.12591459e+00 
 4.42000000e+00  9.90751409e-03  4.42000000e+00  2.12674731e+00 
 4.43000000e+00  9.95077690e-03  4.43000000e+00  2.12757896e+00 
 4.44000000e+00  9.99404529e-03  4.44000000e+00  2.12840953e+00 
 4.45000000e+00  1.00373192e-02  4.45000000e+00  2.12923906e+00 
 4.46000000e+00  1.00805986e-02  4.46000000e+00  2.13006754e+00 
 4.47000000e+00  1.01238835e-02  4.47000000e+00  2.13089497e+00 
 4.48000000e+00  1.01671737e-02  4.48000000e+00  2.13172138e+00 
 4.49000000e+00  1.02104693e-02  4.49000000e+00  2.13254677e+00 
 4.50000000e+00  1.02537702e-02  4.50000000e+00  2.13337114e+00 
 4.51000000e+00  1.02970764e-02  4.51000000e+00  2.13419451e+00 
 4.52000000e+00  1.03403878e-02  4.52000000e+00  2.13501688e+00 
 4.53000000e+00  1.03837043e-02  4.53000000e+00  2.13583827e+00 
 4.54000000e+00  1.04270260e-02  4.54000000e+00  2.13665867e+00 
 4.55000000e+00  1.04703528e-02  4.55000000e+00  2.13747809e+00 
 4.56000000e+00  1.05136847e-02  4.56000000e+00  2.13829656e+00 
 4.57000000e+00  1.05570216e-02  4.57000000e+00  2.13911406e+00 
 4.58000000e+00  1.06003635e-02  4.58000000e+00  2.13993061e+00 
 4.59000000e+00  1.06437103e-02  4.59000000e+00  2.14074622e+00 
 4.60000000e+00  1.06870620e-02  4.60000000e+00  2.14156090e+00 
 4.61000000e+00  1.07304185e-02  4.61000000e+00  2.14237464e+00 
 4.62000000e+00  1.07737799e-02  4.62000000e+00  2.14318747e+00 
 4.63000000e+00  1.08171461e-02  4.63000000e+00  2.14399938e+00 
 4.64000000e+00  1.08605170e-02  4.64000000e+00  2.14481038e+00 
 4.65000000e+00  1.09038927e-02  4.65000000e+00  2.14562049e+00 
 4.66000000e+00  1.09472730e-02  4.66000000e+00  2.14642969e+00 
 4.67000000e+00  1.09906580e-02  4.67000000e+00  2.14723802e+00 
 4.68000000e+00  1.10340476e-02  4.68000000e+00  2.14804546e+00 
 4.69000000e+00  1.10774418e-02  4.69000000e+00  2.14885203e+00 
 4.70000000e+00  1.11208405e-02  4.70000000e+00  2.14965773e+00 
 4.71000000e+00  1.11642437e-02  4.71000000e+00  2.15046257e+00 
 4.72000000e+00  1.12076513e-02  4.72000000e+00  2.15126656e+00 
 4.73000000e+00  1.12510635e-02  4.73000000e+00  2.15206970e+00 
 4.74000000e+00  1.12944800e-02  4.74000000e+00  2.15287200e+00 
 4.75000000e+00  1.13379009e-02  4.75000000e+00  2.15367347e+00 
 4.76000000e+00  1.13813261e-02  4.76000000e+00  2.15447410e+00 
 4.77000000e+00  1.14247557e-02  4.77000000e+00  2.15527392e+00 
 4.78000000e+00  1.14681895e-02  4.78000000e+00  2.15607291e+00 
 4.79000000e+00  1.15116276e-02  4.79000000e+00  2.15687110e+00 
 4.80000000e+00  1.15550699e-02  4.80000000e+00  2.15766848e+00 
 4.81000000e+00  1.15985164e-02  4.81000000e+00  2.15846506e+00 
 4.82000000e+00  1.16419670e-02  4.82000000e+00  2.15926085e+00 
 4.83000000e+00  1.16854218e-02  4.83000000e+00  2.16005585e+00 
 4.84000000e+00  1.17288806e-02  4.84000000e+00  2.16085006e+00 
 4.85000000e+00  1.17723436e-02  4.85000000e+00  2.16164350e+00 
 4.86000000e+00  1.18158105e-02  4.86000000e+00  2.16243617e+00 
 4.87000000e+00  1.18592815e-02  4.87000000e+00  2.16322808e+00 
 4.88000000e+00  1.19027565e-02  4.88000000e+00  2.16401922e+00 
 4.89000000e+00  1.19462354e-02  4.89000000e+00  2.16480961e+00 
 4.90000000e+00  1.19897182e-02  4.90000000e+00  2.16559925e+00 
 4.91000000e+00  1.20332050e-02  4.91000000e+00  2.16638814e+00 
 4.92000000e+00  1.20766956e-02  4.92000000e+00  2.16717630e+00 
 4.93000000e+00  1.21201900e-02  4.93000000e+00  2.16796372e+00 
 4.94000000e+00  1.21636883e-02  4.94000000e+00  2.16875041e+00 
 4.95000000e+00  1.22071904e-02  4.95000000e+00  2.16953638e+00 
 4.96000000e+00  1.22506962e-02  4.96000000e+00  2.17032163e+00 
 4.97000000e+00  1.22942058e-02  4.97000000e+00  2.17110616e+00 
 4.98000000e+00  1.23377191e-02  4.98000000e+00  2.17188999e+00 
 4.99000000e+00  1.23812361e-02  4.99000000e+00  2.17267311e+00 
 5.00000000e+00  1.24247567e-02  5.00000000e+00  2.17345553e+00 
