 0.00000000e+00 -9.48998479e-53  0.00000000e+00  1.81172437e-50 
 1.00000000e-02  9.09090909e-15  1.00000000e-02  9.09090909e-03 
 2.00000000e-02  1.81818182e-14  2.00000000e-02  1.81818182e-02 
 3.00000000e-02  2.72727273e-14  3.00000000e-02  2.72727273e-02 
 4.00000000e-02  3.63636364e-14  4.00000000e-02  3.63636364e-02 
 5.00000000e-02  4.54545454e-14  5.00000000e-02  4.54545454e-02 
 6.00000000e-02  5.45454545e-14  6.00000000e-02  5.45454545e-02 
 7.00000000e-02  6.36363636e-14  7.00000000e-02  6.36363636e-02 
 8.00000000e-02  7.27272727e-14  8.00000000e-02  7.27272727e-02 
 9.00000000e-02  8.18181818e-14  9.00000000e-02  8.18181818e-02 
 1.00000000e-01  9.09090909e-14  1.00000000e-01  9.09090909e-02 
 1.10000000e-01  1.00000000e-13  1.10000000e-01  1.00000000e-01 
 1.20000000e-01  1.09090909e-13  1.20000000e-01  1.09090909e-01 
 1.30000000e-01  1.18181818e-13  1.30000000e-01  1.18181818e-01 
 1.40000000e-01  1.27272727e-13  1.40000000e-01  1.27272727e-01 
 1.50000000e-01  1.36363636e-13  1.50000000e-01  1.36363636e-01 
 1.60000000e-01  1.45454545e-13  1.60000000e-01  1.45454545e-01 
 1.70000000e-01  1.54545455e-13  1.70000000e-01  1.54545455e-01 
 1.80000000e-01  1.63636364e-13  1.80000000e-01  1.63636364e-01 
 1.90000000e-01  1.72727273e-13  1.90000000e-01  1.72727273e-01 
 2.00000000e-01  1.81818182e-13  2.00000000e-01  1.81818182e-01 
 2.10000000e-01  1.90909091e-13  2.10000000e-01  1.90909091e-01 
 2.20000000e-01  2.00000000e-13  2.20000000e-01  2.00000000e-01 
 2.30000000e-01  2.09090909e-13  2.30000000e-01  2.09090909e-01 
 2.40000000e-01  2.18181818e-13  2.40000000e-01  2.18181818e-01 
 2.50000000e-01  2.27272727e-13  2.50000000e-01  2.27272727e-01 
 2.60000000e-01  2.36363637e-13  2.60000000e-01  2.36363636e-01 
 2.70000000e-01  2.45454546e-13  2.70000000e-01  2.45454545e-01 
 2.80000000e-01  2.54545455e-13  2.80000000e-01  2.54545454e-01 
 2.90000000e-01  2.63636364e-13  2.90000000e-01  2.63636364e-01 
 3.00000000e-01  2.72727274e-13  3.00000000e-01  2.72727273e-01 
 3.10000000e-01  2.81818183e-13  3.10000000e-01  2.81818182e-01 
 3.20000000e-01  2.90909092e-13  3.20000000e-01  2.90909091e-01 
 3.30000000e-01  3.00000002e-13  3.30000000e-01  3.00000000e-01 
 3.40000000e-01  3.09090912e-13  3.40000000e-01  3.09090909e-01 
 3.50000000e-01  3.18181821e-13  3.50000000e-01  3.18181818e-01 
 3.60000000e-01  3.27272731e-13  3.60000000e-01  3.27272727e-01 
 3.70000000e-01  3.36363642e-13  3.70000000e-01  3.36363636e-01 
 3.80000000e-01  3.45454552e-13  3.80000000e-01  3.45454545e-01 
 3.90000000e-01  3.54545463e-13  3.90000000e-01  3.54545454e-01 
 4.00000000e-01  3.63636375e-13  4.00000000e-01  3.63636364e-01 
 4.10000000e-01  3.72727287e-13  4.10000000e-01  3.72727273e-01 
 4.20000000e-01  3.81818201e-13  4.20000000e-01  3.81818182e-01 
 4.30000000e-01  3.90909115e-13  4.30000000e-01  3.90909091e-01 
 4.40000000e-01  4.00000032e-13  4.40000000e-01  4.00000000e-01 
 4.50000000e-01  4.09090950e-13  4.50000000e-01  4.09090909e-01 
 4.60000000e-01  4.18181871e-13  4.60000000e-01  4.18181818e-01 
 4.70000000e-01  4.27272795e-13  4.70000000e-01  4.27272727e-01 
 4.80000000e-01  4.36363724e-13  4.80000000e-01  4.36363636e-01 
 4.90000000e-01  4.45454658e-13  4.90000000e-01  4.45454545e-01 
 5.00000000e-01  4.54545600e-13  5.00000000e-01  4.54545454e-01 
 5.10000000e-01  4.63636552e-13  5.10000000e-01  4.63636364e-01 
 5.20000000e-01  4.72727515e-13  5.20000000e-01  4.72727273e-01 
 5.30000000e-01  4.81818495e-13  5.30000000e-01  4.81818182e-01 
 5.40000000e-01  4.90909494e-13  5.40000000e-01  4.90909091e-01 
 5.50000000e-01  5.00000520e-13  5.50000000e-01  5.00000000e-01 
 5.60000000e-01  5.09091580e-13  5.60000000e-01  5.09090909e-01 
 5.70000000e-01  5.18182684e-13  5.70000000e-01  5.18181818e-01 
 5.80000000e-01  5.27273844e-13  5.80000000e-01  5.27272727e-01 
 5.90000000e-01  5.36365076e-13  5.90000000e-01  5.36363636e-01 
 6.00000000e-01  5.45456402e-13  6.00000000e-01  5.45454545e-01 
 6.10000000e-01  5.54547849e-13  6.10000000e-01  5.54545454e-01 
 6.20000000e-01  5.63639452e-13  6.20000000e-01  5.63636364e-01 
 6.30000000e-01  5.72731256e-13  6.30000000e-01  5.72727273e-01 
 6.40000000e-01  5.81823318e-13  6.40000000e-01  5.81818182e-01 
 6.50000000e-01  5.90915715e-13  6.50000000e-01  5.90909091e-01 
 6.60000000e-01  6.00008543e-13  6.60000000e-01  6.00000000e-01 
 6.70000000e-01  6.09101927e-13  6.70000000e-01  6.09090909e-01 
 6.80000000e-01  6.18196028e-13  6.80000000e-01  6.18181818e-01 
 6.90000000e-01  6.27291053e-13  6.90000000e-01  6.27272727e-01 
 7.00000000e-01  6.36387271e-13  7.00000000e-01  6.36363636e-01 
 7.10000000e-01  6.45485026e-13  7.10000000e-01  6.45454545e-01 
 7.20000000e-01  6.54584765e-13  7.20000000e-01  6.54545454e-01 
 7.30000000e-01  6.63687061e-13  7.30000000e-01  6.63636364e-01 
 7.40000000e-01  6.72792655e-13  7.40000000e-01  6.72727273e-01 
 7.50000000e-01  6.81902504e-13  7.50000000e-01  6.81818182e-01 
 7.60000000e-01  6.91017838e-13  7.60000000e-01  6.90909091e-01 
 7.70000000e-01  7.00140248e-13  7.70000000e-01  7.00000000e-01 
 7.80000000e-01  7.09271783e-13  7.80000000e-01  7.09090909e-01 
 7.90000000e-01  7.18415085e-13  7.90000000e-01  7.18181818e-01 
 8.00000000e-01  7.27573565e-13  8.00000000e-01  7.27272727e-01 
 8.10000000e-01  7.36751617e-13  8.10000000e-01  7.36363636e-01 
 8.20000000e-01  7.45954912e-13  8.20000000e-01  7.45454545e-01 
 8.30000000e-01  7.55190761e-13  8.30000000e-01  7.54545454e-01 
 8.40000000e-01  7.64468595e-13  8.40000000e-01  7.63636363e-01 
 8.50000000e-01  7.73800576e-13  8.50000000e-01  7.72727273e-01 
 8.60000000e-01  7.83202387e-13  8.60000000e-01  7.81818182e-01 
 8.70000000e-01  7.92694257e-13  8.70000000e-01  7.90909091e-01 
 8.80000000e-01  8.02302273e-13  8.80000000e-01  8.00000000e-01 
 8.90000000e-01  8.12060078e-13  8.90000000e-01  8.09090909e-01 
 9.00000000e-01  8.22011062e-13  9.00000000e-01  8.18181818e-01 
 9.10000000e-01  8.32211182e-13  9.10000000e-01  8.27272727e-01 
 9.20000000e-01  8.42732606e-13  9.20000000e-01  8.36363636e-01 
 9.30000000e-01  8.53668406e-13  9.30000000e-01  8.45454545e-01 
 9.40000000e-01  8.65138612e-13  9.40000000e-01  8.54545454e-01 
 9.50000000e-01  8.77298025e-13  9.50000000e-01  8.63636363e-01 
 9.60000000e-01  8.90346288e-13  9.60000000e-01  8.72727273e-01 
 9.70000000e-01  9.04540871e-13  9.70000000e-01  8.81818182e-01 
 9.80000000e-01  9.20213828e-13  9.80000000e-01  8.90909091e-01 
 9.90000000e-01  9.37793398e-13  9.90000000e-01  9.00000000e-01 
 1.00000000e+00  9.57831865e-13  1.00000000e+00  9.09090909e-01 
 1.01000000e+00  9.81041495e-13  1.01000000e+00  9.18181818e-01 
 1.02000000e+00  1.00834087e-12  1.02000000e+00  9.27272727e-01 
 1.03000000e+00  1.04091468e-12  1.03000000e+00  9.36363636e-01 
 1.04000000e+00  1.08029073e-12  1.04000000e+00  9.45454545e-01 
 1.05000000e+00  1.12843944e-12  1.05000000e+00  9.54545454e-01 
 1.06000000e+00  1.18790196e-12  1.06000000e+00  9.63636363e-01 
 1.07000000e+00  1.26195556e-12  1.07000000e+00  9.72727272e-01 
 1.08000000e+00  1.35482680e-12  1.08000000e+00  9.81818182e-01 
 1.09000000e+00  1.47196657e-12  1.09000000e+00  9.90909091e-01 
 1.10000000e+00  1.62040469e-12  1.10000000e+00  1.00000000e+00 
 1.11000000e+00  1.80920732e-12  1.11000000e+00  1.00909091e+00 
 1.12000000e+00  2.05006677e-12  1.12000000e+00  1.01818182e+00 
 1.13000000e+00  2.35806227e-12  1.13000000e+00  1.02727273e+00 
 1.14000000e+00  2.75264103e-12  1.14000000e+00  1.03636364e+00 
 1.15000000e+00  3.25888349e-12  1.15000000e+00  1.04545454e+00 
 1.16000000e+00  3.90913510e-12  1.16000000e+00  1.05454545e+00 
 1.17000000e+00  4.74511079e-12  1.17000000e+00  1.06363636e+00 
 1.18000000e+00  5.82060896e-12  1.18000000e+00  1.07272727e+00 
 1.19000000e+00  7.20501174e-12  1.19000000e+00  1.08181818e+00 
 1.20000000e+00  8.98779906e-12  1.20000000e+00  1.09090909e+00 
 1.21000000e+00  1.12843704e-11  1.21000000e+00  1.10000000e+00 
 1.22000000e+00  1.42435527e-11  1.22000000e+00  1.10909091e+00 
 1.23000000e+00  1.80572835e-11  1.23000000e+00  1.11818181e+00 
 1.24000000e+00  2.29730985e-11  1.24000000e+00  1.12727272e+00 
 1.25000000e+00  2.93102368e-11  1.25000000e+00  1.13636363e+00 
 1.26000000e+00  3.74804106e-11  1.26000000e+00  1.14545454e+00 
 1.27000000e+00  4.80145922e-11  1.27000000e+00  1.15454545e+00 
 1.28000000e+00  6.15975595e-11  1.28000000e+00  1.16363635e+00 
 1.29000000e+00  7.91124489e-11  1.29000000e+00  1.17272726e+00 
 1.30000000e+00  1.01698212e-10  1.30000000e+00  1.18181816e+00 
 1.31000000e+00  1.30823719e-10  1.31000000e+00  1.19090907e+00 
 1.32000000e+00  1.68383321e-10  1.32000000e+00  1.19999997e+00 
 1.33000000e+00  2.16820103e-10  1.33000000e+00  1.20909087e+00 
 1.34000000e+00  2.79284825e-10  1.34000000e+00  1.21818176e+00 
 1.35000000e+00  3.59840915e-10  1.35000000e+00  1.22727266e+00 
 1.36000000e+00  4.63728833e-10  1.36000000e+00  1.23636355e+00 
 1.37000000e+00  5.97707005e-10  1.37000000e+00  1.24545443e+00 
 1.38000000e+00  7.70491517e-10  1.38000000e+00  1.25454531e+00 
 1.39000000e+00  9.93323152e-10  1.39000000e+00  1.26363617e+00 
 1.40000000e+00  1.28069867e-09  1.40000000e+00  1.27272703e+00 
 1.41000000e+00  1.65131388e-09  1.41000000e+00  1.28181787e+00 
 1.42000000e+00  2.12927982e-09  1.42000000e+00  1.29090868e+00 
 1.43000000e+00  2.74569115e-09  1.43000000e+00  1.29999948e+00 
 1.44000000e+00  3.54064873e-09  1.44000000e+00  1.30909023e+00 
 1.45000000e+00  4.56586775e-09  1.45000000e+00  1.31818095e+00 
 1.46000000e+00  5.88804098e-09  1.46000000e+00  1.32727160e+00 
 1.47000000e+00  7.59317554e-09  1.47000000e+00  1.33636219e+00 
 1.48000000e+00  9.79218472e-09  1.48000000e+00  1.34545268e+00 
 1.49000000e+00  1.26280976e-08  1.49000000e+00  1.35454304e+00 
 1.50000000e+00  1.62853536e-08  1.50000000e+00  1.36363325e+00 
 1.51000000e+00  2.10017847e-08  1.51000000e+00  1.37272326e+00 
 1.52000000e+00  2.70840585e-08  1.52000000e+00  1.38181301e+00 
 1.53000000e+00  3.49275803e-08  1.53000000e+00  1.39090242e+00 
 1.54000000e+00  4.50421354e-08  1.54000000e+00  1.39999140e+00 
 1.55000000e+00  5.80849175e-08  1.55000000e+00  1.40907982e+00 
 1.56000000e+00  7.49030557e-08  1.56000000e+00  1.41816752e+00 
 1.57000000e+00  9.65883465e-08  1.57000000e+00  1.42725429e+00 
 1.58000000e+00  1.24547651e-07  1.58000000e+00  1.43633986e+00 
 1.59000000e+00  1.60593366e-07  1.59000000e+00  1.44542389e+00 
 1.60000000e+00  2.07059589e-07  1.60000000e+00  1.45450592e+00 
 1.61000000e+00  2.66951058e-07  1.61000000e+00  1.46358540e+00 
 1.62000000e+00  3.44133812e-07  1.62000000e+00  1.47266157e+00 
 1.63000000e+00  4.43578714e-07  1.63000000e+00  1.48173350e+00 
 1.64000000e+00  5.71671616e-07  1.64000000e+00  1.49079995e+00 
 1.65000000e+00  7.36606949e-07  1.65000000e+00  1.49985938e+00 
 1.66000000e+00  9.48884784e-07  1.66000000e+00  1.50890976e+00 
 1.67000000e+00  1.22193466e-06  1.67000000e+00  1.51794854e+00 
 1.68000000e+00  1.57289207e-06  1.68000000e+00  1.52697245e+00 
 1.69000000e+00  2.02355458e-06  1.69000000e+00  1.53597732e+00 
 1.70000000e+00  2.60154227e-06  1.70000000e+00  1.54495789e+00 
 1.71000000e+00  3.34167906e-06  1.71000000e+00  1.55390750e+00 
 1.72000000e+00  4.28759391e-06  1.72000000e+00  1.56281782e+00 
 1.73000000e+00  5.49350868e-06  1.73000000e+00  1.57167851e+00 
 1.74000000e+00  7.02612749e-06  1.74000000e+00  1.58047683e+00 
 1.75000000e+00  8.96646627e-06  1.75000000e+00  1.58919731e+00 
 1.76000000e+00  1.14113610e-05  1.76000000e+00  1.59782147e+00 
 1.77000000e+00  1.44742795e-05  1.77000000e+00  1.60632764e+00 
 1.78000000e+00  1.82849611e-05  1.78000000e+00  1.61469105e+00 
 1.79000000e+00  2.29873751e-05  1.79000000e+00  1.62288423e+00 
 1.80000000e+00  2.87355772e-05  1.80000000e+00  1.63087775e+00 
 1.81000000e+00  3.56873218e-05  1.81000000e+00  1.63864151e+00 
 1.82000000e+00  4.39957499e-05  1.82000000e+00  1.64614627e+00 
 1.83000000e+00  5.38000269e-05  1.83000000e+00  1.65336545e+00 
 1.84000000e+00  6.52162631e-05  1.84000000e+00  1.66027690e+00 
 1.85000000e+00  7.83301947e-05  1.85000000e+00  1.66686424e+00 
 1.86000000e+00  9.31928127e-05  1.86000000e+00  1.67311774e+00 
 1.87000000e+00  1.09819489e-04  1.87000000e+00  1.67903446e+00 
 1.88000000e+00  1.28192380e-04  1.88000000e+00  1.68461782e+00 
 1.89000000e+00  1.48265298e-04  1.89000000e+00  1.68987662e+00 
 1.90000000e+00  1.69969937e-04  1.90000000e+00  1.69482392e+00 
 1.91000000e+00  1.93222409e-04  1.91000000e+00  1.69947572e+00 
 1.92000000e+00  2.17929300e-04  1.92000000e+00  1.70384986e+00 
 1.93000000e+00  2.43992766e-04  1.93000000e+00  1.70796502e+00 
 1.94000000e+00  2.71314512e-04  1.94000000e+00  1.71183996e+00 
 1.95000000e+00  2.99798673e-04  1.95000000e+00  1.71549298e+00 
 1.96000000e+00  3.29353745e-04  1.96000000e+00  1.71894156e+00 
 1.97000000e+00  3.59893759e-04  1.97000000e+00  1.72220210e+00 
 1.98000000e+00  3.91338872e-04  1.98000000e+00  1.72528985e+00 
 1.99000000e+00  4.23615561e-04  1.99000000e+00  1.72821885e+00 
 2.00000000e+00  4.56656529e-04  2.00000000e+00  1.73100194e+00 
 2.01000000e+00  4.90400435e-04  2.01000000e+00  1.73365083e+00 
 2.02000000e+00  5.24791534e-04  2.02000000e+00  1.73617616e+00 
 2.03000000e+00  5.59779247e-04  2.03000000e+00  1.73858760e+00 
 2.04000000e+00  5.95317729e-04  2.04000000e+00  1.74089389e+00 
 2.05000000e+00  6.31365433e-04  2.05000000e+00  1.74310296e+00 
 2.06000000e+00  6.67884702e-04  2.06000000e+00  1.74522201e+00 
 2.07000000e+00  7.04841382e-04  2.07000000e+00  1.74725755e+00 
 2.08000000e+00  7.42204468e-04  2.08000000e+00  1.74921551e+00 
 2.09000000e+00  7.79945783e-04  2.09000000e+00  1.75110126e+00 
 2.10000000e+00  8.18039685e-04  2.10000000e+00  1.75291970e+00 
 2.11000000e+00  8.56462806e-04  2.11000000e+00  1.75467528e+00 
 2.12000000e+00  8.95193820e-04  2.12000000e+00  1.75637209e+00 
 2.13000000e+00  9.34213235e-04  2.13000000e+00  1.75801384e+00 
 2.14000000e+00  9.73503204e-04  2.14000000e+00  1.75960393e+00 
 2.15000000e+00  1.01304736e-03  2.15000000e+00  1.76114550e+00 
 2.16000000e+00  1.05283068e-03  2.16000000e+00  1.76264142e+00 
 2.17000000e+00  1.09283932e-03  2.17000000e+00  1.76409431e+00 
 2.18000000e+00  1.13306056e-03  2.18000000e+00  1.76550662e+00 
 2.19000000e+00  1.17348263e-03  2.19000000e+00  1.76688059e+00 
 2.20000000e+00  1.21409466e-03  2.20000000e+00  1.76821829e+00 
 2.21000000e+00  1.25488661e-03  2.21000000e+00  1.76952165e+00 
 2.22000000e+00  1.29584913e-03  2.22000000e+00  1.77079244e+00 
 2.23000000e+00  1.33697357e-03  2.23000000e+00  1.77203232e+00 
 2.24000000e+00  1.37825189e-03  2.24000000e+00  1.77324282e+00 
 2.25000000e+00  1.41967659e-03  2.25000000e+00  1.77442538e+00 
 2.26000000e+00  1.46124069e-03  2.26000000e+00  1.77558132e+00 
 2.27000000e+00  1.50293766e-03  2.27000000e+00  1.77671190e+00 
 2.28000000e+00  1.54476142e-03  2.28000000e+00  1.77781827e+00 
 2.29000000e+00  1.58670626e-03  2.29000000e+00  1.77890153e+00 
 2.30000000e+00  1.62876683e-03  2.30000000e+00  1.77996270e+00 
 2.31000000e+00  1.67093813e-03  2.31000000e+00  1.78100272e+00 
 2.32000000e+00  1.71321545e-03  2.32000000e+00  1.78202250e+00 
 2.33000000e+00  1.75559438e-03  2.33000000e+00  1.78302289e+00 
 2.34000000e+00  1.79807073e-03  2.34000000e+00  1.78400468e+00 
 2.35000000e+00  1.84064060e-03  2.35000000e+00  1.78496861e+00 
 2.36000000e+00  1.88330029e-03  2.36000000e+00  1.78591540e+00 
 2.37000000e+00  1.92604630e-03  2.37000000e+00  1.78684571e+00 
 2.38000000e+00  1.96887533e-03  2.38000000e+00  1.78776016e+00 
 2.39000000e+00  2.01178428e-03  2.39000000e+00  1.78865936e+00 
 2.40000000e+00  2.05477018e-03  2.40000000e+00  1.78954387e+00 
 2.41000000e+00  2.09783024e-03  2.41000000e+00  1.79041423e+00 
 2.42000000e+00  2.14096181e-03  2.42000000e+00  1.79127093e+00 
 2.43000000e+00  2.18416237e-03  2.43000000e+00  1.79211446e+00 
 2.44000000e+00  2.22742953e-03  2.44000000e+00  1.79294527e+00 
 2.45000000e+00  2.27076103e-03  2.45000000e+00  1.79376380e+00 
 2.46000000e+00  2.31415469e-03  2.46000000e+00  1.79457047e+00 
 2.47000000e+00  2.35760847e-03  2.47000000e+00  1.79536566e+00 
 2.48000000e+00  2.40112040e-03  2.48000000e+00  1.79614974e+00 
 2.49000000e+00  2.44468861e-03  2.49000000e+00  1.79692308e+00 
 2.50000000e+00  2.48831134e-03  2.50000000e+00  1.79768602e+00 
 2.51000000e+00  2.53198687e-03  2.51000000e+00  1.79843887e+00 
 2.52000000e+00  2.57571358e-03  2.52000000e+00  1.79918195e+00 
 2.53000000e+00  2.61948993e-03  2.53000000e+00  1.79991556e+00 
 2.54000000e+00  2.66331442e-03  2.54000000e+00  1.80063997e+00 
 2.55000000e+00  2.70718564e-03  2.55000000e+00  1.80135547e+00 
 2.56000000e+00  2.75110222e-03  2.56000000e+00  1.80206230e+00 
 2.57000000e+00  2.79506287e-03  2.57000000e+00  1.80276073e+00 
 2.58000000e+00  2.83906633e-03  2.58000000e+00  1.80345097e+00 
 2.59000000e+00  2.88311141e-03  2.59000000e+00  1.80413328e+00 
 2.60000000e+00  2.92719696e-03  2.60000000e+00  1.80480785e+00 
 2.61000000e+00  2.97132188e-03  2.61000000e+00  1.80547491e+00 
 2.62000000e+00  3.01548510e-03  2.62000000e+00  1.80613466e+00 
 2.63000000e+00  3.05968561e-03  2.63000000e+00  1.80678729e+00 
 2.64000000e+00  3.10392243e-03  2.64000000e+00  1.80743299e+00 
 2.65000000e+00  3.14819462e-03  2.65000000e+00  1.80807194e+00 
 2.66000000e+00  3.19250126e-03  2.66000000e+00  1.80870430e+00 
 2.67000000e+00  3.23684150e-03  2.67000000e+00  1.80933026e+00 
 2.68000000e+00  3.28121448e-03  2.68000000e+00  1.80994996e+00 
 2.69000000e+00  3.32561940e-03  2.69000000e+00  1.81056357e+00 
 2.70000000e+00  3.37005548e-03  2.70000000e+00  1.81117123e+00 
 2.71000000e+00  3.41452196e-03  2.71000000e+00  1.81177308e+00 
 2.72000000e+00  3.45901811e-03  2.72000000e+00  1.81236927e+00 
 2.73000000e+00  3.50354325e-03  2.73000000e+00  1.81295993e+00 
 2.74000000e+00  3.54809668e-03  2.74000000e+00  1.81354518e+00 
 2.75000000e+00  3.59267775e-03  2.75000000e+00  1.81412516e+00 
 2.76000000e+00  3.63728583e-03  2.76000000e+00  1.81469998e+00 
 2.77000000e+00  3.68192032e-03  2.77000000e+00  1.81526976e+00 
 2.78000000e+00  3.72658061e-03  2.78000000e+00  1.81583461e+00 
 2.79000000e+00  3.77126615e-03  2.79000000e+00  1.81639464e+00 
 2.80000000e+00  3.81597636e-03  2.80000000e+00  1.81694997e+00 
 2.81000000e+00  3.86071073e-03  2.81000000e+00  1.81750068e+00 
 2.82000000e+00  3.90546872e-03  2.82000000e+00  1.81804688e+00 
 2.83000000e+00  3.95024985e-03  2.83000000e+00  1.81858867e+00 
 2.84000000e+00  3.99505361e-03  2.84000000e+00  1.81912613e+00 
 2.85000000e+00  4.03987955e-03  2.85000000e+00  1.81965936e+00 
 2.86000000e+00  4.08472720e-03  2.86000000e+00  1.82018844e+00 
 2.87000000e+00  4.12959611e-03  2.87000000e+00  1.82071347e+00 
 2.88000000e+00  4.17448586e-03  2.88000000e+00  1.82123452e+00 
 2.89000000e+00  4.21939604e-03  2.89000000e+00  1.82175167e+00 
 2.90000000e+00  4.26432622e-03  2.90000000e+00  1.82226499e+00 
 2.91000000e+00  4.30927603e-03  2.91000000e+00  1.82277458e+00 
 2.92000000e+00  4.35424508e-03  2.92000000e+00  1.82328048e+00 
 2.93000000e+00  4.39923300e-03  2.93000000e+00  1.82378279e+00 
 2.94000000e+00  4.44423942e-03  2.94000000e+00  1.82428156e+00 
 2.95000000e+00  4.48926400e-03  2.95000000e+00  1.82477687e+00 
 2.96000000e+00  4.53430640e-03  2.96000000e+00  1.82526878e+00 
 2.97000000e+00  4.57936627e-03  2.97000000e+00  1.82575735e+00 
 2.98000000e+00  4.62444331e-03  2.98000000e+00  1.82624264e+00 
 2.99000000e+00  4.66953720e-03  2.99000000e+00  1.82672472e+00 
 3.00000000e+00  4.71464762e-03  3.00000000e+00  1.82720364e+00 
 3.01000000e+00  4.75977429e-03  3.01000000e+00  1.82767945e+00 
 3.02000000e+00  4.80491692e-03  3.02000000e+00  1.82815222e+00 
 3.03000000e+00  4.85007522e-03  3.03000000e+00  1.82862200e+00 
 3.04000000e+00  4.89524891e-03  3.04000000e+00  1.82908884e+00 
 3.05000000e+00  4.94043774e-03  3.05000000e+00  1.82955280e+00 
 3.06000000e+00  4.98564143e-03  3.06000000e+00  1.83001391e+00 
 3.07000000e+00  5.03085974e-03  3.07000000e+00  1.83047223e+00 
 3.08000000e+00  5.07609242e-03  3.08000000e+00  1.83092781e+00 
 3.09000000e+00  5.12133923e-03  3.09000000e+00  1.83138069e+00 
 3.10000000e+00  5.16659993e-03  3.10000000e+00  1.83183092e+00 
 3.11000000e+00  5.21187428e-03  3.11000000e+00  1.83227855e+00 
 3.12000000e+00  5.25716207e-03  3.12000000e+00  1.83272360e+00 
 3.13000000e+00  5.30246309e-03  3.13000000e+00  1.83316614e+00 
 3.14000000e+00  5.34777710e-03  3.14000000e+00  1.83360619e+00 
 3.15000000e+00  5.39310391e-03  3.15000000e+00  1.83404380e+00 
 3.16000000e+00  5.43844331e-03  3.16000000e+00  1.83447900e+00 
 3.17000000e+00  5.48379511e-03  3.17000000e+00  1.83491184e+00 
 3.18000000e+00  5.52915910e-03  3.18000000e+00  1.83534235e+00 
 3.19000000e+00  5.57453511e-03  3.19000000e+00  1.83577057e+00 
 3.20000000e+00  5.61992293e-03  3.20000000e+00  1.83619653e+00 
 3.21000000e+00  5.66532240e-03  3.21000000e+00  1.83662027e+00 
 3.22000000e+00  5.71073334e-03  3.22000000e+00  1.83704182e+00 
 3.23000000e+00  5.75615556e-03  3.23000000e+00  1.83746121e+00 
 3.24000000e+00  5.80158891e-03  3.24000000e+00  1.83787848e+00 
 3.25000000e+00  5.84703322e-03  3.25000000e+00  1.83829366e+00 
 3.26000000e+00  5.89248832e-03  3.26000000e+00  1.83870677e+00 
 3.27000000e+00  5.93795406e-03  3.27000000e+00  1.83911786e+00 
 3.28000000e+00  5.98343029e-03  3.28000000e+00  1.83952695e+00 
 3.29000000e+00  6.02891684e-03  3.29000000e+00  1.83993406e+00 
 3.30000000e+00  6.07441357e-03  3.30000000e+00  1.84033923e+00 
 3.31000000e+00  6.11992035e-03  3.31000000e+00  1.84074248e+00 
 3.32000000e+00  6.16543701e-03  3.32000000e+00  1.84114384e+00 
 3.33000000e+00  6.21096343e-03  3.33000000e+00  1.84154334e+00 
 3.34000000e+00  6.25649947e-03  3.34000000e+00  1.84194101e+00 
 3.35000000e+00  6.30204500e-03  3.35000000e+00  1.84233686e+00 
 3.36000000e+00  6.34759988e-03  3.36000000e+00  1.84273093e+00 
 3.37000000e+00  6.39316399e-03  3.37000000e+00  1.84312324e+00 
 3.38000000e+00  6.43873720e-03  3.38000000e+00  1.84351381e+00 
 3.39000000e+00  6.48431938e-03  3.39000000e+00  1.84390266e+00 
 3.40000000e+00  6.52991043e-03  3.40000000e+00  1.84428983e+00 
 3.41000000e+00  6.57551021e-03  3.41000000e+00  1.84467532e+00 
 3.42000000e+00  6.62111861e-03  3.42000000e+00  1.84505917e+00 
 3.43000000e+00  6.66673553e-03  3.43000000e+00  1.84544140e+00 
 3.44000000e+00  6.71236084e-03  3.44000000e+00  1.84582202e+00 
 3.45000000e+00  6.75799444e-03  3.45000000e+00  1.84620106e+00 
 3.46000000e+00  6.80363623e-03  3.46000000e+00  1.84657854e+00 
 3.47000000e+00  6.84928609e-03  3.47000000e+00  1.84695447e+00 
 3.48000000e+00  6.89494392e-03  3.48000000e+00  1.84732889e+00 
 3.49000000e+00  6.94060963e-03  3.49000000e+00  1.84770180e+00 
 3.50000000e+00  6.98628311e-03  3.50000000e+00  1.84807322e+00 
 3.51000000e+00  7.03196427e-03  3.51000000e+00  1.84844318e+00 
 3.52000000e+00  7.07765301e-03  3.52000000e+00  1.84881170e+00 
 3.53000000e+00  7.12334923e-03  3.53000000e+00  1.84917878e+00 
 3.54000000e+00  7.16905285e-03  3.54000000e+00  1.84954446e+00 
 3.55000000e+00  7.21476377e-03  3.55000000e+00  1.84990874e+00 
 3.56000000e+00  7.26048190e-03  3.56000000e+00  1.85027164e+00 
 3.57000000e+00  7.30620717e-03  3.57000000e+00  1.85063318e+00 
 3.58000000e+00  7.35193947e-03  3.58000000e+00  1.85099337e+00 
 3.59000000e+00  7.39767874e-03  3.59000000e+00  1.85135224e+00 
 3.60000000e+00  7.44342488e-03  3.60000000e+00  1.85170980e+00 
 3.61000000e+00  7.48917781e-03  3.61000000e+00  1.85206605e+00 
 3.62000000e+00  7.53493746e-03  3.62000000e+00  1.85242103e+00 
 3.63000000e+00  7.58070374e-03  3.63000000e+00  1.85277474e+00 
 3.64000000e+00  7.62647658e-03  3.64000000e+00  1.85312720e+00 
 3.65000000e+00  7.67225591e-03  3.65000000e+00  1.85347842e+00 
 3.66000000e+00  7.71804164e-03  3.66000000e+00  1.85382841e+00 
 3.67000000e+00  7.76383371e-03  3.67000000e+00  1.85417720e+00 
 3.68000000e+00  7.80963205e-03  3.68000000e+00  1.85452479e+00 
 3.69000000e+00  7.85543657e-03  3.69000000e+00  1.85487120e+00 
 3.70000000e+00  7.90124722e-03  3.70000000e+00  1.85521644e+00 
 3.71000000e+00  7.94706393e-03  3.71000000e+00  1.85556052e+00 
 3.72000000e+00  7.99288662e-03  3.72000000e+00  1.85590346e+00 
 3.73000000e+00  8.03871523e-03  3.73000000e+00  1.85624527e+00 
 3.74000000e+00  8.08454970e-03  3.74000000e+00  1.85658597e+00 
 3.75000000e+00  8.13038996e-03  3.75000000e+00  1.85692555e+00 
 3.76000000e+00  8.17623596e-03  3.76000000e+00  1.85726404e+00 
 3.77000000e+00  8.22208761e-03  3.77000000e+00  1.85760146e+00 
 3.78000000e+00  8.26794488e-03  3.78000000e+00  1.85793780e+00 
 3.79000000e+00  8.31380769e-03  3.79000000e+00  1.85827308e+00 
 3.80000000e+00  8.35967599e-03  3.80000000e+00  1.85860731e+00 
 3.81000000e+00  8.40554972e-03  3.81000000e+00  1.85894051e+00 
 3.82000000e+00  8.45142882e-03  3.82000000e+00  1.85927268e+00 
 3.83000000e+00  8.49731324e-03  3.83000000e+00  1.85960384e+00 
 3.84000000e+00  8.54320292e-03  3.84000000e+00  1.85993399e+00 
 3.85000000e+00  8.58909780e-03  3.85000000e+00  1.86026315e+00 
 3.86000000e+00  8.63499784e-03  3.86000000e+00  1.86059132e+00 
 3.87000000e+00  8.68090297e-03  3.87000000e+00  1.86091852e+00 
 3.88000000e+00  8.72681316e-03  3.88000000e+00  1.86124476e+00 
 3.89000000e+00  8.77272833e-03  3.89000000e+00  1.86157005e+00 
 3.90000000e+00  8.81864846e-03  3.90000000e+00  1.86189439e+00 
 3.91000000e+00  8.86457348e-03  3.91000000e+00  1.86221779e+00 
 3.92000000e+00  8.91050334e-03  3.92000000e+00  1.86254027e+00 
 3.93000000e+00  8.95643800e-03  3.93000000e+00  1.86286184e+00 
 3.94000000e+00  9.00237742e-03  3.94000000e+00  1.86318249e+00 
 3.95000000e+00  9.04832153e-03  3.95000000e+00  1.86350225e+00 
 3.96000000e+00  9.09427031e-03  3.96000000e+00  1.86382112e+00 
 3.97000000e+00  9.14022369e-03  3.97000000e+00  1.86413911e+00 
 3.98000000e+00  9.18618165e-03  3.98000000e+00  1.86445623e+00 
 3.99000000e+00  9.23214412e-03  3.99000000e+00  1.86477249e+00 
 4.00000000e+00  9.27811107e-03  4.00000000e+00  1.86508789e+00 
 4.01000000e+00  9.32408247e-03  4.01000000e+00  1.86540244e+00 
 4.02000000e+00  9.37005825e-03  4.02000000e+00  1.86571615e+00 
 4.03000000e+00  9.41603838e-03  4.03000000e+00  1.86602904e+00 
 4.04000000e+00  9.46202283e-03  4.04000000e+00  1.86634110e+00 
 4.05000000e+00  9.50801155e-03  4.05000000e+00  1.86665234e+00 
 4.06000000e+00  9.55400449e-03  4.06000000e+00  1.86696278e+00 
 4.07000000e+00  9.60000163e-03  4.07000000e+00  1.86727242e+00 
 4.08000000e+00  9.64600292e-03  4.08000000e+00  1.86758126e+00 
 4.09000000e+00  9.69200832e-03  4.09000000e+00  1.86788932e+00 
 4.10000000e+00  9.73801780e-03  4.10000000e+00  1.86819660e+00 
 4.11000000e+00  9.78403132e-03  4.11000000e+00  1.86850311e+00 
 4.12000000e+00  9.83004883e-03  4.12000000e+00  1.86880886e+00 
 4.13000000e+00  9.87607031e-03  4.13000000e+00  1.86911385e+00 
 4.14000000e+00  9.92209573e-03  4.14000000e+00  1.86941809e+00 
 4.15000000e+00  9.96812503e-03  4.15000000e+00  1.86972159e+00 
 4.16000000e+00  1.00141582e-02  4.16000000e+00  1.87002434e+00 
 4.17000000e+00  1.00601952e-02  4.17000000e+00  1.87032637e+00 
 4.18000000e+00  1.01062360e-02  4.18000000e+00  1.87062768e+00 
 4.19000000e+00  1.01522805e-02  4.19000000e+00  1.87092827e+00 
 4.20000000e+00  1.01983288e-02  4.20000000e+00  1.87122815e+00 
 4.21000000e+00  1.02443807e-02  4.21000000e+00  1.87152732e+00 
 4.22000000e+00  1.02904363e-02  4.22000000e+00  1.87182580e+00 
 4.23000000e+00  1.03364955e-02  4.23000000e+00  1.87212358e+00 
 4.24000000e+00  1.03825584e-02  4.24000000e+00  1.87242067e+00 
 4.25000000e+00  1.04286248e-02  4.25000000e+00  1.87271709e+00 
 4.26000000e+00  1.04746947e-02  4.26000000e+00  1.87301283e+00 
 4.27000000e+00  1.05207681e-02  4.27000000e+00  1.87330790e+00 
 4.28000000e+00  1.05668450e-02  4.28000000e+00  1.87360231e+00 
 4.29000000e+00  1.06129254e-02  4.29000000e+00  1.87389606e+00 
 4.30000000e+00  1.06590092e-02  4.30000000e+00  1.87418916e+00 
 4.31000000e+00  1.07050963e-02  4.31000000e+00  1.87448161e+00 
 4.32000000e+00  1.07511868e-02  4.32000000e+00  1.87477343e+00 
 4.33000000e+00  1.07972807e-02  4.33000000e+00  1.87506460e+00 
 4.34000000e+00  1.08433778e-02  4.34000000e+00  1.87535515e+00 
 4.35000000e+00  1.08894782e-02  4.35000000e+00  1.87564507e+00 
 4.36000000e+00  1.09355819e-02  4.36000000e+00  1.87593437e+00 
 4.37000000e+00  1.09816888e-02  4.37000000e+00  1.87622305e+00 
 4.38000000e+00  1.10277989e-02  4.38000000e+00  1.87651113e+00 
 4.39000000e+00  1.10739121e-02  4.39000000e+00  1.87679860e+00 
 4.40000000e+00  1.11200285e-02  4.40000000e+00  1.87708546e+00 
 4.41000000e+00  1.11661480e-02  4.41000000e+00  1.87737174e+00 
 4.42000000e+00  1.12122706e-02  4.42000000e+00  1.87765742e+00 
 4.43000000e+00  1.12583963e-02  4.43000000e+00  1.87794252e+00 
 4.44000000e+00  1.13045250e-02  4.44000000e+00  1.87822704e+00 
 4.45000000e+00  1.13506568e-02  4.45000000e+00  1.87851098e+00 
 4.46000000e+00  1.13967915e-02  4.46000000e+00  1.87879435e+00 
 4.47000000e+00  1.14429292e-02  4.47000000e+00  1.87907715e+00 
 4.48000000e+00  1.14890699e-02  4.48000000e+00  1.87935939e+00 
 4.49000000e+00  1.15352135e-02  4.49000000e+00  1.87964106e+00 
 4.50000000e+00  1.15813600e-02  4.50000000e+00  1.87992219e+00 
 4.51000000e+00  1.16275093e-02  4.51000000e+00  1.88020277e+00 
 4.52000000e+00  1.16736615e-02  4.52000000e+00  1.88048280e+00 
 4.53000000e+00  1.17198166e-02  4.53000000e+00  1.88076228e+00 
 4.54000000e+00  1.17659745e-02  4.54000000e+00  1.88104123e+00 
 4.55000000e+00  1.18121352e-02  4.55000000e+00  1.88131965e+00 
 4.56000000e+00  1.18582986e-02  4.56000000e+00  1.88159754e+00 
 4.57000000e+00  1.19044648e-02  4.57000000e+00  1.88187491e+00 
 4.58000000e+00  1.19506337e-02  4.58000000e+00  1.88215175e+00 
 4.59000000e+00  1.19968053e-02  4.59000000e+00  1.88242807e+00 
 4.60000000e+00  1.20429796e-02  4.60000000e+00  1.88270389e+00 
 4.61000000e+00  1.20891566e-02  4.61000000e+00  1.88297919e+00 
 4.62000000e+00  1.21353363e-02  4.62000000e+00  1.88325398e+00 
 4.63000000e+00  1.21815185e-02  4.63000000e+00  1.88352828e+00 
 4.64000000e+00  1.22277034e-02  4.64000000e+00  1.88380208e+00 
 4.65000000e+00  1.22738909e-02  4.65000000e+00  1.88407538e+00 
 4.66000000e+00  1.23200809e-02  4.66000000e+00  1.88434819e+00 
 4.67000000e+00  1.23662735e-02  4.67000000e+00  1.88462051e+00 
 4.68000000e+00  1.24124686e-02  4.68000000e+00  1.88489236e+00 
 4.69000000e+00  1.24586663e-02  4.69000000e+00  1.88516372e+00 
 4.70000000e+00  1.25048664e-02  4.70000000e+00  1.88543460e+00 
 4.71000000e+00  1.25510690e-02  4.71000000e+00  1.88570501e+00 
 4.72000000e+00  1.25972741e-02  4.72000000e+00  1.88597495e+00 
 4.73000000e+00  1.26434816e-02  4.73000000e+00  1.88624442e+00 
 4.74000000e+00  1.26896915e-02  4.74000000e+00  1.88651343e+00 
 4.75000000e+00  1.27359039e-02  4.75000000e+00  1.88678198e+00 
 4.76000000e+00  1.27821186e-02  4.76000000e+00  1.88705008e+00 
 4.77000000e+00  1.28283358e-02  4.77000000e+00  1.88731772e+00 
 4.78000000e+00  1.28745552e-02  4.78000000e+00  1.88758491e+00 
 4.79000000e+00  1.29207771e-02  4.79000000e+00  1.88785165e+00 
 4.80000000e+00  1.29670012e-02  4.80000000e+00  1.88811795e+00 
 4.81000000e+00  1.30132277e-02  4.81000000e+00  1.88838381e+00 
 4.82000000e+00  1.30594564e-02  4.82000000e+00  1.88864923e+00 
 4.83000000e+00  1.31056874e-02  4.83000000e+00  1.88891422e+00 
 4.84000000e+00  1.31519207e-02  4.84000000e+00  1.88917877e+00 
 4.85000000e+00  1.31981563e-02  4.85000000e+00  1.88944290e+00 
 4.86000000e+00  1.32443940e-02  4.86000000e+00  1.88970660e+00 
 4.87000000e+00  1.32906340e-02  4.87000000e+00  1.88996987e+00 
 4.88000000e+00  1.33368762e-02  4.88000000e+00  1.89023273e+00 
 4.89000000e+00  1.33831206e-02  4.89000000e+00  1.89049517e+00 
 4.90000000e+00  1.34293671e-02  4.90000000e+00  1.89075719e+00 
 4.91000000e+00  1.34756158e-02  4.91000000e+00  1.89101881e+00 
 4.92000000e+00  1.35218666e-02  4.92000000e+00  1.89128001e+00 
 4.93000000e+00  1.35681196e-02  4.93000000e+00  1.89154081e+00 
 4.94000000e+00  1.36143747e-02  4.94000000e+00  1.89180120e+00 
 4.95000000e+00  1.36606318e-02  4.95000000e+00  1.89206120e+00 
 4.96000000e+00  1.37068911e-02  4.96000000e+00  1.89232079e+00 
 4.97000000e+00  1.37531524e-02  4.97000000e+00  1.89257999e+00 
 4.98000000e+00  1.37994158e-02  4.98000000e+00  1.89283880e+00 
 4.99000000e+00  1.38456812e-02  4.99000000e+00  1.89309722e+00 
 5.00000000e+00  1.38919487e-02  5.00000000e+00  1.89335525e+00 
