 0.00000000e+00 -8.60072695e-32  0.00000000e+00  1.64195696e-29 
 1.00000000e-02  9.20413031e-15  1.00000000e-02  9.09090909e-03 
 2.00000000e-02  1.84294327e-14  2.00000000e-02  1.81818182e-02 
 3.00000000e-02  2.76615012e-14  3.00000000e-02  2.72727273e-02 
 4.00000000e-02  3.69065686e-14  4.00000000e-02  3.63636364e-02 
 5.00000000e-02  4.61658317e-14  5.00000000e-02  4.54545454e-02 
 6.00000000e-02  5.54405977e-14  6.00000000e-02  5.45454545e-02 
 7.00000000e-02  6.47322944e-14  7.00000000e-02  6.36363636e-02 
 8.00000000e-02  7.40424808e-14  8.00000000e-02  7.27272727e-02 
 9.00000000e-02  8.33728594e-14  9.00000000e-02  8.18181818e-02 
 1.00000000e-01  9.27252898e-14  1.00000000e-01  9.09090909e-02 
 1.10000000e-01  1.02101802e-13  1.10000000e-01  1.00000000e-01 
 1.20000000e-01  1.11504615e-13  1.20000000e-01  1.09090909e-01 
 1.30000000e-01  1.20936150e-13  1.30000000e-01  1.18181818e-01 
 1.40000000e-01  1.30399051e-13  1.40000000e-01  1.27272727e-01 
 1.50000000e-01  1.39896208e-13  1.50000000e-01  1.36363636e-01 
 1.60000000e-01  1.49430774e-13  1.60000000e-01  1.45454545e-01 
 1.70000000e-01  1.59006194e-13  1.70000000e-01  1.54545455e-01 
 1.80000000e-01  1.68626231e-13  1.80000000e-01  1.63636364e-01 
 1.90000000e-01  1.78294993e-13  1.90000000e-01  1.72727273e-01 
 2.00000000e-01  1.88016967e-13  2.00000000e-01  1.81818182e-01 
 2.10000000e-01  1.97797054e-13  2.10000000e-01  1.90909091e-01 
 2.20000000e-01  2.07640603e-13  2.20000000e-01  2.00000000e-01 
 2.30000000e-01  2.17553460e-13  2.30000000e-01  2.09090909e-01 
 2.40000000e-01  2.27542007e-13  2.40000000e-01  2.18181818e-01 
 2.50000000e-01  2.37613213e-13  2.50000000e-01  2.27272727e-01 
 2.60000000e-01  2.47774690e-13  2.60000000e-01  2.36363636e-01 
 2.70000000e-01  2.58034752e-13  2.70000000e-01  2.45454545e-01 
 2.80000000e-01  2.68402475e-13  2.80000000e-01  2.54545454e-01 
 2.90000000e-01  2.78887775e-13  2.90000000e-01  2.63636364e-01 
 3.00000000e-01  2.89501479e-13  3.00000000e-01  2.72727273e-01 
 3.10000000e-01  3.00255410e-13  3.10000000e-01  2.81818182e-01 
 3.20000000e-01  3.11162481e-13  3.20000000e-01  2.90909091e-01 
 3.30000000e-01  3.22236795e-13  3.30000000e-01  3.00000000e-01 
 3.40000000e-01  3.33493752e-13  3.40000000e-01  3.09090909e-01 
 3.50000000e-01  3.44950171e-13  3.50000000e-01  3.18181818e-01 
 3.60000000e-01  3.56624420e-13  3.60000000e-01  3.27272727e-01 
 3.70000000e-01  3.68536558e-13  3.70000000e-01  3.36363636e-01 
 3.80000000e-01  3.80708490e-13  3.80000000e-01  3.45454545e-01 
 3.90000000e-01  3.93164140e-13  3.90000000e-01  3.54545454e-01 
 4.00000000e-01  4.05929635e-13  4.00000000e-01  3.63636364e-01 
 4.10000000e-01  4.19033506e-13  4.10000000e-01  3.72727273e-01 
 4.20000000e-01  4.32506914e-13  4.20000000e-01  3.81818182e-01 
 4.30000000e-01  4.46383887e-13  4.30000000e-01  3.90909091e-01 
 4.40000000e-01  4.60701588e-13  4.40000000e-01  4.00000000e-01 
 4.50000000e-01  4.75500602e-13  4.50000000e-01  4.09090909e-01 
 4.60000000e-01  4.90825250e-13  4.60000000e-01  4.18181818e-01 
 4.70000000e-01  5.06723937e-13  4.70000000e-01  4.27272727e-01 
 4.80000000e-01  5.23249522e-13  4.80000000e-01  4.36363636e-01 
 4.90000000e-01  5.40459735e-13  4.90000000e-01  4.45454545e-01 
 5.00000000e-01  5.58417619e-13  5.00000000e-01  4.54545454e-01 
 5.10000000e-01  5.77192024e-13  5.10000000e-01  4.63636364e-01 
 5.20000000e-01  5.96858141e-13  5.20000000e-01  4.72727273e-01 
 5.30000000e-01  6.17498083e-13  5.30000000e-01  4.81818182e-01 
 5.40000000e-01  6.39201526e-13  5.40000000e-01  4.90909091e-01 
 5.50000000e-01  6.62066402e-13  5.50000000e-01  5.00000000e-01 
 5.60000000e-01  6.86199664e-13  5.60000000e-01  5.09090909e-01 
 5.70000000e-01  7.11718111e-13  5.70000000e-01  5.18181818e-01 
 5.80000000e-01  7.38749298e-13  5.80000000e-01  5.27272727e-01 
 5.90000000e-01  7.67432529e-13  5.90000000e-01  5.36363636e-01 
 6.00000000e-01  7.97919931e-13  6.00000000e-01  5.45454545e-01 
 6.10000000e-01  8.30377645e-13  6.10000000e-01  5.54545454e-01 
 6.20000000e-01  8.64987106e-13  6.20000000e-01  5.63636363e-01 
 6.30000000e-01  9.01946460e-13  6.30000000e-01  5.72727273e-01 
 6.40000000e-01  9.41472100e-13  6.40000000e-01  5.81818182e-01 
 6.50000000e-01  9.83800341e-13  6.50000000e-01  5.90909091e-01 
 6.60000000e-01  1.02918927e-12  6.60000000e-01  6.00000000e-01 
 6.70000000e-01  1.07792072e-12  6.70000000e-01  6.09090909e-01 
 6.80000000e-01  1.13030250e-12  6.80000000e-01  6.18181818e-01 
 6.90000000e-01  1.18667074e-12  6.90000000e-01  6.27272727e-01 
 7.00000000e-01  1.24739255e-12  7.00000000e-01  6.36363636e-01 
 7.10000000e-01  1.31286883e-12  7.10000000e-01  6.45454545e-01 
 7.20000000e-01  1.38353740e-12  7.20000000e-01  6.54545454e-01 
 7.30000000e-01  1.45987638e-12  7.30000000e-01  6.63636363e-01 
 7.40000000e-01  1.54240795e-12  7.40000000e-01  6.72727272e-01 
 7.50000000e-01  1.63170236e-12  7.50000000e-01  6.81818182e-01 
 7.60000000e-01  1.72838235e-12  7.60000000e-01  6.90909091e-01 
 7.70000000e-01  1.83312805e-12  7.70000000e-01  7.00000000e-01 
 7.80000000e-01  1.94668218e-12  7.80000000e-01  7.09090909e-01 
 7.90000000e-01  2.06985588e-12  7.90000000e-01  7.18181818e-01 
 8.00000000e-01  2.20353497e-12  8.00000000e-01  7.27272727e-01 
 8.10000000e-01  2.34868684e-12  8.10000000e-01  7.36363636e-01 
 8.20000000e-01  2.50636799e-12  8.20000000e-01  7.45454545e-01 
 8.30000000e-01  2.67773216e-12  8.30000000e-01  7.54545454e-01 
 8.40000000e-01  2.86403938e-12  8.40000000e-01  7.63636363e-01 
 8.50000000e-01  3.06666569e-12  8.50000000e-01  7.72727272e-01 
 8.60000000e-01  3.28711383e-12  8.60000000e-01  7.81818181e-01 
 8.70000000e-01  3.52702495e-12  8.70000000e-01  7.90909090e-01 
 8.80000000e-01  3.78819130e-12  8.80000000e-01  7.99999999e-01 
 8.90000000e-01  4.07257019e-12  8.90000000e-01  8.09090908e-01 
 9.00000000e-01  4.38229915e-12  9.00000000e-01  8.18181817e-01 
 9.10000000e-01  4.71971258e-12  9.10000000e-01  8.27272726e-01 
 9.20000000e-01  5.08735981e-12  9.20000000e-01  8.36363635e-01 
 9.30000000e-01  5.48802494e-12  9.30000000e-01  8.45454544e-01 
 9.40000000e-01  5.92474845e-12  9.40000000e-01  8.54545453e-01 
 9.50000000e-01  6.40085080e-12  9.50000000e-01  8.63636362e-01 
 9.60000000e-01  6.91995821e-12  9.60000000e-01  8.72727271e-01 
 9.70000000e-01  7.48603084e-12  9.70000000e-01  8.81818180e-01 
 9.80000000e-01  8.10339350e-12  9.80000000e-01  8.90909089e-01 
 9.90000000e-01  8.77676928e-12  9.90000000e-01  8.99999998e-01 
 1.00000000e+00  9.51131618e-12  1.00000000e+00  9.09090907e-01 
 1.01000000e+00  1.03126672e-11  1.01000000e+00  9.18181816e-01 
 1.02000000e+00  1.11869740e-11  1.02000000e+00  9.27272725e-01 
 1.03000000e+00  1.21409548e-11  1.03000000e+00  9.36363634e-01 
 1.04000000e+00  1.31819464e-11  1.04000000e+00  9.45454543e-01 
 1.05000000e+00  1.43179613e-11  1.05000000e+00  9.54545452e-01 
 1.06000000e+00  1.55577498e-11  1.06000000e+00  9.63636361e-01 
 1.07000000e+00  1.69108678e-11  1.07000000e+00  9.72727269e-01 
 1.08000000e+00  1.83877516e-11  1.08000000e+00  9.81818178e-01 
 1.09000000e+00  1.99997980e-11  1.09000000e+00  9.90909087e-01 
 1.10000000e+00  2.17594536e-11  1.10000000e+00  9.99999996e-01 
 1.11000000e+00  2.36803111e-11  1.11000000e+00  1.00909090e+00 
 1.12000000e+00  2.57772150e-11  1.12000000e+00  1.01818181e+00 
 1.13000000e+00  2.80663765e-11  1.13000000e+00  1.02727272e+00 
 1.14000000e+00  3.05654999e-11  1.14000000e+00  1.03636363e+00 
 1.15000000e+00  3.32939195e-11  1.15000000e+00  1.04545454e+00 
 1.16000000e+00  3.62727504e-11  1.16000000e+00  1.05454545e+00 
 1.17000000e+00  3.95250517e-11  1.17000000e+00  1.06363636e+00 
 1.18000000e+00  4.30760063e-11  1.18000000e+00  1.07272726e+00 
 1.19000000e+00  4.69531156e-11  1.19000000e+00  1.08181817e+00 
 1.20000000e+00  5.11864141e-11  1.20000000e+00  1.09090908e+00 
 1.21000000e+00  5.58087014e-11  1.21000000e+00  1.09999999e+00 
 1.22000000e+00  6.08557980e-11  1.22000000e+00  1.10909090e+00 
 1.23000000e+00  6.63668227e-11  1.23000000e+00  1.11818181e+00 
 1.24000000e+00  7.23844965e-11  1.24000000e+00  1.12727271e+00 
 1.25000000e+00  7.89554746e-11  1.25000000e+00  1.13636362e+00 
 1.26000000e+00  8.61307083e-11  1.26000000e+00  1.14545453e+00 
 1.27000000e+00  9.39658410e-11  1.27000000e+00  1.15454544e+00 
 1.28000000e+00  1.02521640e-10  1.28000000e+00  1.16363634e+00 
 1.29000000e+00  1.11864468e-10  1.29000000e+00  1.17272725e+00 
 1.30000000e+00  1.22066798e-10  1.30000000e+00  1.18181816e+00 
 1.31000000e+00  1.33207780e-10  1.31000000e+00  1.19090907e+00 
 1.32000000e+00  1.45373849e-10  1.32000000e+00  1.19999997e+00 
 1.33000000e+00  1.58659401e-10  1.33000000e+00  1.20909088e+00 
 1.34000000e+00  1.73167525e-10  1.34000000e+00  1.21818179e+00 
 1.35000000e+00  1.89010800e-10  1.35000000e+00  1.22727269e+00 
 1.36000000e+00  2.06312176e-10  1.36000000e+00  1.23636360e+00 
 1.37000000e+00  2.25205923e-10  1.37000000e+00  1.24545450e+00 
 1.38000000e+00  2.45838674e-10  1.38000000e+00  1.25454541e+00 
 1.39000000e+00  2.68370567e-10  1.39000000e+00  1.26363631e+00 
 1.40000000e+00  2.92976486e-10  1.40000000e+00  1.27272722e+00 
 1.41000000e+00  3.19847417e-10  1.41000000e+00  1.28181812e+00 
 1.42000000e+00  3.49191936e-10  1.42000000e+00  1.29090902e+00 
 1.43000000e+00  3.81237824e-10  1.43000000e+00  1.29999993e+00 
 1.44000000e+00  4.16233838e-10  1.44000000e+00  1.30909083e+00 
 1.45000000e+00  4.54451640e-10  1.45000000e+00  1.31818173e+00 
 1.46000000e+00  4.96187912e-10  1.46000000e+00  1.32727263e+00 
 1.47000000e+00  5.41766652e-10  1.47000000e+00  1.33636353e+00 
 1.48000000e+00  5.91541694e-10  1.48000000e+00  1.34545443e+00 
 1.49000000e+00  6.45899457e-10  1.49000000e+00  1.35454533e+00 
 1.50000000e+00  7.05261942e-10  1.50000000e+00  1.36363623e+00 
 1.51000000e+00  7.70090008e-10  1.51000000e+00  1.37272713e+00 
 1.52000000e+00  8.40886955e-10  1.52000000e+00  1.38181802e+00 
 1.53000000e+00  9.18202428e-10  1.53000000e+00  1.39090892e+00 
 1.54000000e+00  1.00263669e-09  1.54000000e+00  1.39999981e+00 
 1.55000000e+00  1.09484526e-09  1.55000000e+00  1.40909070e+00 
 1.56000000e+00  1.19554405e-09  1.56000000e+00  1.41818159e+00 
 1.57000000e+00  1.30551487e-09  1.57000000e+00  1.42727248e+00 
 1.58000000e+00  1.42561154e-09  1.58000000e+00  1.43636336e+00 
 1.59000000e+00  1.55676650e-09  1.59000000e+00  1.44545425e+00 
 1.60000000e+00  1.69999803e-09  1.60000000e+00  1.45454513e+00 
 1.61000000e+00  1.85641821e-09  1.61000000e+00  1.46363601e+00 
 1.62000000e+00  2.02724151e-09  1.62000000e+00  1.47272689e+00 
 1.63000000e+00  2.21379421e-09  1.63000000e+00  1.48181776e+00 
 1.64000000e+00  2.41752476e-09  1.64000000e+00  1.49090863e+00 
 1.65000000e+00  2.64001495e-09  1.65000000e+00  1.49999950e+00 
 1.66000000e+00  2.88299225e-09  1.66000000e+00  1.50909036e+00 
 1.67000000e+00  3.14834319e-09  1.67000000e+00  1.51818122e+00 
 1.68000000e+00  3.43812799e-09  1.68000000e+00  1.52727207e+00 
 1.69000000e+00  3.75459662e-09  1.69000000e+00  1.53636292e+00 
 1.70000000e+00  4.10020620e-09  1.70000000e+00  1.54545376e+00 
 1.71000000e+00  4.47764011e-09  1.71000000e+00  1.55454460e+00 
 1.72000000e+00  4.88982881e-09  1.72000000e+00  1.56363543e+00 
 1.73000000e+00  5.33997260e-09  1.73000000e+00  1.57272625e+00 
 1.74000000e+00  5.83156646e-09  1.74000000e+00  1.58181707e+00 
 1.75000000e+00  6.36842717e-09  1.75000000e+00  1.59090788e+00 
 1.76000000e+00  6.95472295e-09  1.76000000e+00  1.59999867e+00 
 1.77000000e+00  7.59500583e-09  1.77000000e+00  1.60908946e+00 
 1.78000000e+00  8.29424695e-09  1.78000000e+00  1.61818023e+00 
 1.79000000e+00  9.05787517e-09  1.79000000e+00  1.62727100e+00 
 1.80000000e+00  9.89181921e-09  1.80000000e+00  1.63636175e+00 
 1.81000000e+00  1.08025537e-08  1.81000000e+00  1.64545248e+00 
 1.82000000e+00  1.17971492e-08  1.82000000e+00  1.65454320e+00 
 1.83000000e+00  1.28833276e-08  1.83000000e+00  1.66363390e+00 
 1.84000000e+00  1.40695213e-08  1.84000000e+00  1.67272459e+00 
 1.85000000e+00  1.53649396e-08  1.85000000e+00  1.68181525e+00 
 1.86000000e+00  1.67796390e-08  1.86000000e+00  1.69090589e+00 
 1.87000000e+00  1.83246024e-08  1.87000000e+00  1.69999650e+00 
 1.88000000e+00  2.00118234e-08  1.88000000e+00  1.70908709e+00 
 1.89000000e+00  2.18543999e-08  1.89000000e+00  1.71817765e+00 
 1.90000000e+00  2.38666355e-08  1.90000000e+00  1.72726817e+00 
 1.91000000e+00  2.60641505e-08  1.91000000e+00  1.73635866e+00 
 1.92000000e+00  2.84640031e-08  1.92000000e+00  1.74544911e+00 
 1.93000000e+00  3.10848215e-08  1.93000000e+00  1.75453952e+00 
 1.94000000e+00  3.39469487e-08  1.94000000e+00  1.76362988e+00 
 1.95000000e+00  3.70725998e-08  1.95000000e+00  1.77272020e+00 
 1.96000000e+00  4.04860348e-08  1.96000000e+00  1.78181045e+00 
 1.97000000e+00  4.42137461e-08  1.97000000e+00  1.79090065e+00 
 1.98000000e+00  4.82846641e-08  1.98000000e+00  1.79999078e+00 
 1.99000000e+00  5.27303815e-08  1.99000000e+00  1.80908084e+00 
 2.00000000e+00  5.75853980e-08  2.00000000e+00  1.81817082e+00 
 2.01000000e+00  6.28873872e-08  2.01000000e+00  1.82726072e+00 
 2.02000000e+00  6.86774890e-08  2.02000000e+00  1.83635053e+00 
 2.03000000e+00  7.50006277e-08  2.03000000e+00  1.84544023e+00 
 2.04000000e+00  8.19058599e-08  2.04000000e+00  1.85452982e+00 
 2.05000000e+00  8.94467542e-08  2.05000000e+00  1.86361929e+00 
 2.06000000e+00  9.76818055e-08  2.06000000e+00  1.87270862e+00 
 2.07000000e+00  1.06674888e-07  2.07000000e+00  1.88179782e+00 
 2.08000000e+00  1.16495746e-07  2.08000000e+00  1.89088685e+00 
 2.09000000e+00  1.27220540e-07  2.09000000e+00  1.89997571e+00 
 2.10000000e+00  1.38932426e-07  2.10000000e+00  1.90906439e+00 
 2.11000000e+00  1.51722204e-07  2.11000000e+00  1.91815285e+00 
 2.12000000e+00  1.65689015e-07  2.12000000e+00  1.92724110e+00 
 2.13000000e+00  1.80941110e-07  2.13000000e+00  1.93632909e+00 
 2.14000000e+00  1.97596679e-07  2.14000000e+00  1.94541682e+00 
 2.15000000e+00  2.15784764e-07  2.15000000e+00  1.95450426e+00 
 2.16000000e+00  2.35646253e-07  2.16000000e+00  1.96359138e+00 
 2.17000000e+00  2.57334963e-07  2.17000000e+00  1.97267815e+00 
 2.18000000e+00  2.81018819e-07  2.18000000e+00  1.98176453e+00 
 2.19000000e+00  3.06881147e-07  2.19000000e+00  1.99085050e+00 
 2.20000000e+00  3.35122079e-07  2.20000000e+00  1.99993602e+00 
 2.21000000e+00  3.65960083e-07  2.21000000e+00  2.00902104e+00 
 2.22000000e+00  3.99633636e-07  2.22000000e+00  2.01810552e+00 
 2.23000000e+00  4.36403046e-07  2.23000000e+00  2.02718941e+00 
 2.24000000e+00  4.76552438e-07  2.24000000e+00  2.03627266e+00 
 2.25000000e+00  5.20391915e-07  2.25000000e+00  2.04535520e+00 
 2.26000000e+00  5.68259915e-07  2.26000000e+00  2.05443697e+00 
 2.27000000e+00  6.20525784e-07  2.27000000e+00  2.06351790e+00 
 2.28000000e+00  6.77592563e-07  2.28000000e+00  2.07259791e+00 
 2.29000000e+00  7.39900037e-07  2.29000000e+00  2.08167693e+00 
 2.30000000e+00  8.07928046e-07  2.30000000e+00  2.09075485e+00 
 2.31000000e+00  8.82200090e-07  2.31000000e+00  2.09983158e+00 
 2.32000000e+00  9.63287247e-07  2.32000000e+00  2.10890701e+00 
 2.33000000e+00  1.05181243e-06  2.33000000e+00  2.11798102e+00 
 2.34000000e+00  1.14845504e-06  2.34000000e+00  2.12705348e+00 
 2.35000000e+00  1.25395595e-06  2.35000000e+00  2.13612424e+00 
 2.36000000e+00  1.36912301e-06  2.36000000e+00  2.14519317e+00 
 2.37000000e+00  1.49483698e-06  2.37000000e+00  2.15426008e+00 
 2.38000000e+00  1.63205790e-06  2.38000000e+00  2.16332479e+00 
 2.39000000e+00  1.78183211e-06  2.39000000e+00  2.17238710e+00 
 2.40000000e+00  1.94529976e-06  2.40000000e+00  2.18144681e+00 
 2.41000000e+00  2.12370300e-06  2.41000000e+00  2.19050366e+00 
 2.42000000e+00  2.31839477e-06  2.42000000e+00  2.19955740e+00 
 2.43000000e+00  2.53084834e-06  2.43000000e+00  2.20860775e+00 
 2.44000000e+00  2.76266762e-06  2.44000000e+00  2.21765440e+00 
 2.45000000e+00  3.01559818e-06  2.45000000e+00  2.22669702e+00 
 2.46000000e+00  3.29153925e-06  2.46000000e+00  2.23573525e+00 
 2.47000000e+00  3.59255646e-06  2.47000000e+00  2.24476869e+00 
 2.48000000e+00  3.92089565e-06  2.48000000e+00  2.25379692e+00 
 2.49000000e+00  4.27899756e-06  2.49000000e+00  2.26281946e+00 
 2.50000000e+00  4.66951362e-06  2.50000000e+00  2.27183582e+00 
 2.51000000e+00  5.09532270e-06  2.51000000e+00  2.28084544e+00 
 2.52000000e+00  5.55954905e-06  2.52000000e+00  2.28984772e+00 
 2.53000000e+00  6.06558125e-06  2.53000000e+00  2.29884203e+00 
 2.54000000e+00  6.61709229e-06  2.54000000e+00  2.30782765e+00 
 2.55000000e+00  7.21806079e-06  2.55000000e+00  2.31680382e+00 
 2.56000000e+00  7.87279329e-06  2.56000000e+00  2.32576974e+00 
 2.57000000e+00  8.58594754e-06  2.57000000e+00  2.33472450e+00 
 2.58000000e+00  9.36255678e-06  2.58000000e+00  2.34366715e+00 
 2.59000000e+00  1.02080550e-05  2.59000000e+00  2.35259664e+00 
 2.60000000e+00  1.11283026e-05  2.60000000e+00  2.36151187e+00 
 2.61000000e+00  1.21296134e-05  2.61000000e+00  2.37041162e+00 
 2.62000000e+00  1.32187809e-05  2.62000000e+00  2.37929460e+00 
 2.63000000e+00  1.44031058e-05  2.63000000e+00  2.38815941e+00 
 2.64000000e+00  1.56904223e-05  2.64000000e+00  2.39700456e+00 
 2.65000000e+00  1.70891247e-05  2.65000000e+00  2.40582844e+00 
 2.66000000e+00  1.86081926e-05  2.66000000e+00  2.41462935e+00 
 2.67000000e+00  2.02572142e-05  2.67000000e+00  2.42340544e+00 
 2.68000000e+00  2.20464081e-05  2.68000000e+00  2.43215478e+00 
 2.69000000e+00  2.39866423e-05  2.69000000e+00  2.44087528e+00 
 2.70000000e+00  2.60894490e-05  2.70000000e+00  2.44956474e+00 
 2.71000000e+00  2.83670363e-05  2.71000000e+00  2.45822084e+00 
 2.72000000e+00  3.08322936e-05  2.72000000e+00  2.46684111e+00 
 2.73000000e+00  3.34987921e-05  2.73000000e+00  2.47542296e+00 
 2.74000000e+00  3.63807775e-05  2.74000000e+00  2.48396367e+00 
 2.75000000e+00  3.94931552e-05  2.75000000e+00  2.49246040e+00 
 2.76000000e+00  4.28514676e-05  2.76000000e+00  2.50091017e+00 
 2.77000000e+00  4.64718601e-05  2.77000000e+00  2.50930992e+00 
 2.78000000e+00  5.03710387e-05  2.78000000e+00  2.51765644e+00 
 2.79000000e+00  5.45662159e-05  2.79000000e+00  2.52594645e+00 
 2.80000000e+00  5.90750448e-05  2.80000000e+00  2.53417658e+00 
 2.81000000e+00  6.39155431e-05  2.81000000e+00  2.54234340e+00 
 2.82000000e+00  6.91060049e-05  2.82000000e+00  2.55044340e+00 
 2.83000000e+00  7.46649017e-05  2.83000000e+00  2.55847306e+00 
 2.84000000e+00  8.06107734e-05  2.84000000e+00  2.56642885e+00 
 2.85000000e+00  8.69621104e-05  2.85000000e+00  2.57430723e+00 
 2.86000000e+00  9.37372277e-05  2.86000000e+00  2.58210471e+00 
 2.87000000e+00  1.00954134e-04  2.87000000e+00  2.58981785e+00 
 2.88000000e+00  1.08630397e-04  2.88000000e+00  2.59744329e+00 
 2.89000000e+00  1.16783006e-04  2.89000000e+00  2.60497779e+00 
 2.90000000e+00  1.25428238e-04  2.90000000e+00  2.61241825e+00 
 2.91000000e+00  1.34581530e-04  2.91000000e+00  2.61976171e+00 
 2.92000000e+00  1.44257348e-04  2.92000000e+00  2.62700542e+00 
 2.93000000e+00  1.54469080e-04  2.93000000e+00  2.63414681e+00 
 2.94000000e+00  1.65228929e-04  2.94000000e+00  2.64118357e+00 
 2.95000000e+00  1.76547825e-04  2.95000000e+00  2.64811360e+00 
 2.96000000e+00  1.88435353e-04  2.96000000e+00  2.65493507e+00 
 2.97000000e+00  2.00899695e-04  2.97000000e+00  2.66164642e+00 
 2.98000000e+00  2.13947591e-04  2.98000000e+00  2.66824637e+00 
 2.99000000e+00  2.27584319e-04  2.99000000e+00  2.67473390e+00 
 3.00000000e+00  2.41813691e-04  3.00000000e+00  2.68110830e+00 
 3.01000000e+00  2.56638069e-04  3.01000000e+00  2.68736910e+00 
 3.02000000e+00  2.72058390e-04  3.02000000e+00  2.69351613e+00 
 3.03000000e+00  2.88074217e-04  3.03000000e+00  2.69954947e+00 
 3.04000000e+00  3.04683792e-04  3.04000000e+00  2.70546946e+00 
 3.05000000e+00  3.21884102e-04  3.05000000e+00  2.71127667e+00 
 3.06000000e+00  3.39670965e-04  3.06000000e+00  2.71697191e+00 
 3.07000000e+00  3.58039103e-04  3.07000000e+00  2.72255617e+00 
 3.08000000e+00  3.76982242e-04  3.08000000e+00  2.72803066e+00 
 3.09000000e+00  3.96493195e-04  3.09000000e+00  2.73339675e+00 
 3.10000000e+00  4.16563964e-04  3.10000000e+00  2.73865597e+00 
 3.11000000e+00  4.37185827e-04  3.11000000e+00  2.74380998e+00 
 3.12000000e+00  4.58349435e-04  3.12000000e+00  2.74886056e+00 
 3.13000000e+00  4.80044898e-04  3.13000000e+00  2.75380961e+00 
 3.14000000e+00  5.02261873e-04  3.14000000e+00  2.75865910e+00 
 3.15000000e+00  5.24989643e-04  3.15000000e+00  2.76341107e+00 
 3.16000000e+00  5.48217197e-04  3.16000000e+00  2.76806763e+00 
 3.17000000e+00  5.71933296e-04  3.17000000e+00  2.77263092e+00 
 3.18000000e+00  5.96126543e-04  3.18000000e+00  2.77710311e+00 
 3.19000000e+00  6.20785439e-04  3.19000000e+00  2.78148642e+00 
 3.20000000e+00  6.45898442e-04  3.20000000e+00  2.78578302e+00 
 3.21000000e+00  6.71454009e-04  3.21000000e+00  2.78999514e+00 
 3.22000000e+00  6.97440644e-04  3.22000000e+00  2.79412497e+00 
 3.23000000e+00  7.23846936e-04  3.23000000e+00  2.79817468e+00 
 3.24000000e+00  7.50661591e-04  3.24000000e+00  2.80214642e+00 
 3.25000000e+00  7.77873458e-04  3.25000000e+00  2.80604234e+00 
 3.26000000e+00  8.05471560e-04  3.26000000e+00  2.80986452e+00 
 3.27000000e+00  8.33445110e-04  3.27000000e+00  2.81361502e+00 
 3.28000000e+00  8.61783529e-04  3.28000000e+00  2.81729587e+00 
 3.29000000e+00  8.90476462e-04  3.29000000e+00  2.82090904e+00 
 3.30000000e+00  9.19513786e-04  3.30000000e+00  2.82445646e+00 
 3.31000000e+00  9.48885623e-04  3.31000000e+00  2.82794002e+00 
 3.32000000e+00  9.78582342e-04  3.32000000e+00  2.83136155e+00 
 3.33000000e+00  1.00859457e-03  3.33000000e+00  2.83472286e+00 
 3.34000000e+00  1.03891317e-03  3.34000000e+00  2.83802567e+00 
 3.35000000e+00  1.06952930e-03  3.35000000e+00  2.84127168e+00 
 3.36000000e+00  1.10043434e-03  3.36000000e+00  2.84446253e+00 
 3.37000000e+00  1.13161994e-03  3.37000000e+00  2.84759983e+00 
 3.38000000e+00  1.16307801e-03  3.38000000e+00  2.85068511e+00 
 3.39000000e+00  1.19480068e-03  3.39000000e+00  2.85371987e+00 
 3.40000000e+00  1.22678037e-03  3.40000000e+00  2.85670557e+00 
 3.41000000e+00  1.25900969e-03  3.41000000e+00  2.85964360e+00 
 3.42000000e+00  1.29148154e-03  3.42000000e+00  2.86253534e+00 
 3.43000000e+00  1.32418901e-03  3.43000000e+00  2.86538210e+00 
 3.44000000e+00  1.35712544e-03  3.44000000e+00  2.86818514e+00 
 3.45000000e+00  1.39028437e-03  3.45000000e+00  2.87094571e+00 
 3.46000000e+00  1.42365956e-03  3.46000000e+00  2.87366499e+00 
 3.47000000e+00  1.45724499e-03  3.47000000e+00  2.87634414e+00 
 3.48000000e+00  1.49103482e-03  3.48000000e+00  2.87898426e+00 
 3.49000000e+00  1.52502343e-03  3.49000000e+00  2.88158644e+00 
 3.50000000e+00  1.55920537e-03  3.50000000e+00  2.88415170e+00 
 3.51000000e+00  1.59357536e-03  3.51000000e+00  2.88668107e+00 
 3.52000000e+00  1.62812834e-03  3.52000000e+00  2.88917550e+00 
 3.53000000e+00  1.66285938e-03  3.53000000e+00  2.89163594e+00 
 3.54000000e+00  1.69776373e-03  3.54000000e+00  2.89406329e+00 
 3.55000000e+00  1.73283680e-03  3.55000000e+00  2.89645843e+00 
 3.56000000e+00  1.76807415e-03  3.56000000e+00  2.89882221e+00 
 3.57000000e+00  1.80347149e-03  3.57000000e+00  2.90115544e+00 
 3.58000000e+00  1.83902468e-03  3.58000000e+00  2.90345892e+00 
 3.59000000e+00  1.87472971e-03  3.59000000e+00  2.90573342e+00 
 3.60000000e+00  1.91058269e-03  3.60000000e+00  2.90797967e+00 
 3.61000000e+00  1.94657988e-03  3.61000000e+00  2.91019839e+00 
 3.62000000e+00  1.98271765e-03  3.62000000e+00  2.91239027e+00 
 3.63000000e+00  2.01899250e-03  3.63000000e+00  2.91455598e+00 
 3.64000000e+00  2.05540103e-03  3.64000000e+00  2.91669617e+00 
 3.65000000e+00  2.09193995e-03  3.65000000e+00  2.91881146e+00 
 3.66000000e+00  2.12860610e-03  3.66000000e+00  2.92090247e+00 
 3.67000000e+00  2.16539640e-03  3.67000000e+00  2.92296978e+00 
 3.68000000e+00  2.20230786e-03  3.68000000e+00  2.92501395e+00 
 3.69000000e+00  2.23933761e-03  3.69000000e+00  2.92703555e+00 
 3.70000000e+00  2.27648286e-03  3.70000000e+00  2.92903509e+00 
 3.71000000e+00  2.31374089e-03  3.71000000e+00  2.93101310e+00 
 3.72000000e+00  2.35110910e-03  3.72000000e+00  2.93297008e+00 
 3.73000000e+00  2.38858495e-03  3.73000000e+00  2.93490651e+00 
 3.74000000e+00  2.42616597e-03  3.74000000e+00  2.93682286e+00 
 3.75000000e+00  2.46384978e-03  3.75000000e+00  2.93871959e+00 
 3.76000000e+00  2.50163408e-03  3.76000000e+00  2.94059713e+00 
 3.77000000e+00  2.53951661e-03  3.77000000e+00  2.94245592e+00 
 3.78000000e+00  2.57749522e-03  3.78000000e+00  2.94429637e+00 
 3.79000000e+00  2.61556778e-03  3.79000000e+00  2.94611888e+00 
 3.80000000e+00  2.65373226e-03  3.80000000e+00  2.94792384e+00 
 3.81000000e+00  2.69198667e-03  3.81000000e+00  2.94971164e+00 
 3.82000000e+00  2.73032908e-03  3.82000000e+00  2.95148263e+00 
 3.83000000e+00  2.76875763e-03  3.83000000e+00  2.95323718e+00 
 3.84000000e+00  2.80727051e-03  3.84000000e+00  2.95497563e+00 
 3.85000000e+00  2.84586593e-03  3.85000000e+00  2.95669832e+00 
 3.86000000e+00  2.88454220e-03  3.86000000e+00  2.95840558e+00 
 3.87000000e+00  2.92329766e-03  3.87000000e+00  2.96009772e+00 
 3.88000000e+00  2.96213067e-03  3.88000000e+00  2.96177505e+00 
 3.89000000e+00  3.00103968e-03  3.89000000e+00  2.96343788e+00 
 3.90000000e+00  3.04002316e-03  3.90000000e+00  2.96508649e+00 
 3.91000000e+00  3.07907962e-03  3.91000000e+00  2.96672116e+00 
 3.92000000e+00  3.11820761e-03  3.92000000e+00  2.96834218e+00 
 3.93000000e+00  3.15740574e-03  3.93000000e+00  2.96994981e+00 
 3.94000000e+00  3.19667264e-03  3.94000000e+00  2.97154431e+00 
 3.95000000e+00  3.23600697e-03  3.95000000e+00  2.97312594e+00 
 3.96000000e+00  3.27540745e-03  3.96000000e+00  2.97469494e+00 
 3.97000000e+00  3.31487281e-03  3.97000000e+00  2.97625155e+00 
 3.98000000e+00  3.35440184e-03  3.98000000e+00  2.97779601e+00 
 3.99000000e+00  3.39399333e-03  3.99000000e+00  2.97932855e+00 
 4.00000000e+00  3.43364612e-03  4.00000000e+00  2.98084938e+00 
 4.01000000e+00  3.47335909e-03  4.01000000e+00  2.98235872e+00 
 4.02000000e+00  3.51313113e-03  4.02000000e+00  2.98385678e+00 
 4.03000000e+00  3.55296116e-03  4.03000000e+00  2.98534378e+00 
 4.04000000e+00  3.59284814e-03  4.04000000e+00  2.98681990e+00 
 4.05000000e+00  3.63279105e-03  4.05000000e+00  2.98828534e+00 
 4.06000000e+00  3.67278890e-03  4.06000000e+00  2.98974030e+00 
 4.07000000e+00  3.71284070e-03  4.07000000e+00  2.99118496e+00 
 4.08000000e+00  3.75294552e-03  4.08000000e+00  2.99261949e+00 
 4.09000000e+00  3.79310244e-03  4.09000000e+00  2.99404408e+00 
 4.10000000e+00  3.83331055e-03  4.10000000e+00  2.99545890e+00 
 4.11000000e+00  3.87356897e-03  4.11000000e+00  2.99686411e+00 
 4.12000000e+00  3.91387686e-03  4.12000000e+00  2.99825987e+00 
 4.13000000e+00  3.95423336e-03  4.13000000e+00  2.99964636e+00 
 4.14000000e+00  3.99463768e-03  4.14000000e+00  3.00102372e+00 
 4.15000000e+00  4.03508900e-03  4.15000000e+00  3.00239210e+00 
 4.16000000e+00  4.07558655e-03  4.16000000e+00  3.00375166e+00 
 4.17000000e+00  4.11612958e-03  4.17000000e+00  3.00510254e+00 
 4.18000000e+00  4.15671733e-03  4.18000000e+00  3.00644487e+00 
 4.19000000e+00  4.19734908e-03  4.19000000e+00  3.00777881e+00 
 4.20000000e+00  4.23802413e-03  4.20000000e+00  3.00910448e+00 
 4.21000000e+00  4.27874179e-03  4.21000000e+00  3.01042202e+00 
 4.22000000e+00  4.31950136e-03  4.22000000e+00  3.01173156e+00 
 4.23000000e+00  4.36030221e-03  4.23000000e+00  3.01303322e+00 
 4.24000000e+00  4.40114366e-03  4.24000000e+00  3.01432712e+00 
 4.25000000e+00  4.44202511e-03  4.25000000e+00  3.01561339e+00 
 4.26000000e+00  4.48294592e-03  4.26000000e+00  3.01689214e+00 
 4.27000000e+00  4.52390550e-03  4.27000000e+00  3.01816350e+00 
 4.28000000e+00  4.56490325e-03  4.28000000e+00  3.01942756e+00 
 4.29000000e+00  4.60593859e-03  4.29000000e+00  3.02068445e+00 
 4.30000000e+00  4.64701095e-03  4.30000000e+00  3.02193427e+00 
 4.31000000e+00  4.68811979e-03  4.31000000e+00  3.02317713e+00 
 4.32000000e+00  4.72926456e-03  4.32000000e+00  3.02441313e+00 
 4.33000000e+00  4.77044473e-03  4.33000000e+00  3.02564237e+00 
 4.34000000e+00  4.81165978e-03  4.34000000e+00  3.02686495e+00 
 4.35000000e+00  4.85290921e-03  4.35000000e+00  3.02808097e+00 
 4.36000000e+00  4.89419251e-03  4.36000000e+00  3.02929052e+00 
 4.37000000e+00  4.93550919e-03  4.37000000e+00  3.03049370e+00 
 4.38000000e+00  4.97685879e-03  4.38000000e+00  3.03169059e+00 
 4.39000000e+00  5.01824083e-03  4.39000000e+00  3.03288130e+00 
 4.40000000e+00  5.05965485e-03  4.40000000e+00  3.03406589e+00 
 4.41000000e+00  5.10110040e-03  4.41000000e+00  3.03524447e+00 
 4.42000000e+00  5.14257705e-03  4.42000000e+00  3.03641711e+00 
 4.43000000e+00  5.18408437e-03  4.43000000e+00  3.03758389e+00 
 4.44000000e+00  5.22562192e-03  4.44000000e+00  3.03874491e+00 
 4.45000000e+00  5.26718930e-03  4.45000000e+00  3.03990022e+00 
 4.46000000e+00  5.30878610e-03  4.46000000e+00  3.04104993e+00 
 4.47000000e+00  5.35041193e-03  4.47000000e+00  3.04219409e+00 
 4.48000000e+00  5.39206638e-03  4.48000000e+00  3.04333278e+00 
 4.49000000e+00  5.43374909e-03  4.49000000e+00  3.04446608e+00 
 4.50000000e+00  5.47545966e-03  4.50000000e+00  3.04559406e+00 
 4.51000000e+00  5.51719775e-03  4.51000000e+00  3.04671679e+00 
 4.52000000e+00  5.55896297e-03  4.52000000e+00  3.04783434e+00 
 4.53000000e+00  5.60075499e-03  4.53000000e+00  3.04894677e+00 
 4.54000000e+00  5.64257345e-03  4.54000000e+00  3.05005416e+00 
 4.55000000e+00  5.68441800e-03  4.55000000e+00  3.05115656e+00 
 4.56000000e+00  5.72628833e-03  4.56000000e+00  3.05225405e+00 
 4.57000000e+00  5.76818409e-03  4.57000000e+00  3.05334667e+00 
 4.58000000e+00  5.81010496e-03  4.58000000e+00  3.05443451e+00 
 4.59000000e+00  5.85205063e-03  4.59000000e+00  3.05551761e+00 
 4.60000000e+00  5.89402079e-03  4.60000000e+00  3.05659603e+00 
 4.61000000e+00  5.93601512e-03  4.61000000e+00  3.05766984e+00 
 4.62000000e+00  5.97803334e-03  4.62000000e+00  3.05873909e+00 
 4.63000000e+00  6.02007514e-03  4.63000000e+00  3.05980384e+00 
 4.64000000e+00  6.06214024e-03  4.64000000e+00  3.06086414e+00 
 4.65000000e+00  6.10422835e-03  4.65000000e+00  3.06192004e+00 
 4.66000000e+00  6.14633919e-03  4.66000000e+00  3.06297161e+00 
 4.67000000e+00  6.18847249e-03  4.67000000e+00  3.06401889e+00 
 4.68000000e+00  6.23062798e-03  4.68000000e+00  3.06506193e+00 
 4.69000000e+00  6.27280540e-03  4.69000000e+00  3.06610079e+00 
 4.70000000e+00  6.31500448e-03  4.70000000e+00  3.06713551e+00 
 4.71000000e+00  6.35722496e-03  4.71000000e+00  3.06816614e+00 
 4.72000000e+00  6.39946661e-03  4.72000000e+00  3.06919274e+00 
 4.73000000e+00  6.44172916e-03  4.73000000e+00  3.07021534e+00 
 4.74000000e+00  6.48401238e-03  4.74000000e+00  3.07123400e+00 
 4.75000000e+00  6.52631602e-03  4.75000000e+00  3.07224876e+00 
 4.76000000e+00  6.56863986e-03  4.76000000e+00  3.07325966e+00 
 4.77000000e+00  6.61098366e-03  4.77000000e+00  3.07426676e+00 
 4.78000000e+00  6.65334720e-03  4.78000000e+00  3.07527008e+00 
 4.79000000e+00  6.69573025e-03  4.79000000e+00  3.07626968e+00 
 4.80000000e+00  6.73813258e-03  4.80000000e+00  3.07726560e+00 
 4.81000000e+00  6.78055400e-03  4.81000000e+00  3.07825787e+00 
 4.82000000e+00  6.82299427e-03  4.82000000e+00  3.07924655e+00 
 4.83000000e+00  6.86545320e-03  4.83000000e+00  3.08023166e+00 
 4.84000000e+00  6.90793058e-03  4.84000000e+00  3.08121325e+00 
 4.85000000e+00  6.95042620e-03  4.85000000e+00  3.08219136e+00 
 4.86000000e+00  6.99293986e-03  4.86000000e+00  3.08316603e+00 
 4.87000000e+00  7.03547138e-03  4.87000000e+00  3.08413728e+00 
 4.88000000e+00  7.07802055e-03  4.88000000e+00  3.08510517e+00 
 4.89000000e+00  7.12058719e-03  4.89000000e+00  3.08606972e+00 
 4.90000000e+00  7.16317111e-03  4.90000000e+00  3.08703097e+00 
 4.91000000e+00  7.20577212e-03  4.91000000e+00  3.08798896e+00 
 4.92000000e+00  7.24839005e-03  4.92000000e+00  3.08894372e+00 
 4.93000000e+00  7.29102471e-03  4.93000000e+00  3.08989528e+00 
 4.94000000e+00  7.33367593e-03  4.94000000e+00  3.09084369e+00 
 4.95000000e+00  7.37634354e-03  4.95000000e+00  3.09178896e+00 
 4.96000000e+00  7.41902736e-03  4.96000000e+00  3.09273114e+00 
 4.97000000e+00  7.46172724e-03  4.97000000e+00  3.09367025e+00 
 4.98000000e+00  7.50444299e-03  4.98000000e+00  3.09460634e+00 
 4.99000000e+00  7.54717447e-03  4.99000000e+00  3.09553942e+00 
 5.00000000e+00  7.58992150e-03  5.00000000e+00  3.09646953e+00 
