 3.00000000e-01  5.12124638e-10 
 3.10000000e-01  6.50713085e-10 
 3.20000000e-01  8.26211576e-10 
 3.30000000e-01  1.04819871e-09 
 3.40000000e-01  1.32863956e-09 
 3.50000000e-01  1.68244303e-09 
 3.60000000e-01  2.12813639e-09 
 3.70000000e-01  2.68867778e-09 
 3.80000000e-01  3.39243013e-09 
 3.90000000e-01  4.27432316e-09 
 4.00000000e-01  5.37723375e-09 
 4.10000000e-01  6.75361950e-09 
 4.20000000e-01  8.46744607e-09 
 4.30000000e-01  1.05964561e-08 
 4.40000000e-01  1.32348378e-08 
 4.50000000e-01  1.64963618e-08 
 4.60000000e-01  2.05180723e-08 
 4.70000000e-01  2.54646316e-08 
 4.80000000e-01  3.15334338e-08 
 4.90000000e-01  3.89606163e-08 
 5.00000000e-01  4.80280928e-08 
 5.10000000e-01  5.90717215e-08 
 5.20000000e-01  7.24906688e-08 
 5.30000000e-01  8.87579568e-08 
 5.40000000e-01  1.08432055e-07 
 5.50000000e-01  1.32169217e-07 
 5.60000000e-01  1.60736065e-07 
 5.70000000e-01  1.95021703e-07 
 5.80000000e-01  2.36048433e-07 
 5.90000000e-01  2.84979983e-07 
 6.00000000e-01  3.43126041e-07 
 6.10000000e-01  4.11941925e-07 
 6.20000000e-01  4.93022354e-07 
 6.30000000e-01  5.88088572e-07 
 6.40000000e-01  6.98968506e-07 
 6.50000000e-01  8.27570149e-07 
 6.60000000e-01  9.75848944e-07 
 6.70000000e-01  1.14577046e-06 
 6.80000000e-01  1.33927014e-06 
 6.90000000e-01  1.55821220e-06 
 7.00000000e-01  1.80434984e-06 
 7.10000000e-01  2.07928888e-06 
 7.20000000e-01  2.38445661e-06 
 7.30000000e-01  2.72107715e-06 
 7.40000000e-01  3.09015431e-06 
 7.50000000e-01  3.49246192e-06 
 7.60000000e-01  3.92854159e-06 
 7.70000000e-01  4.39870710e-06 
 7.80000000e-01  4.90305435e-06 
 7.90000000e-01  5.44147569e-06 
 8.00000000e-01  6.01367735e-06 
 8.10000000e-01  6.61919858e-06 
 8.20000000e-01  7.25743167e-06 
 8.30000000e-01  7.92764150e-06 
 8.40000000e-01  8.62898417e-06 
 8.50000000e-01  9.36052398e-06 
 8.60000000e-01  1.01212485e-05 
 8.70000000e-01  1.09100814e-05 
 8.80000000e-01  1.17258932e-05 
 8.90000000e-01  1.25675095e-05 
 9.00000000e-01  1.34337183e-05 
 9.10000000e-01  1.43232742e-05 
 9.20000000e-01  1.52349026e-05 
 9.30000000e-01  1.61673025e-05 
 9.40000000e-01  1.71191491e-05 
 9.50000000e-01  1.80890960e-05 
 9.60000000e-01  1.90757791e-05 
 9.70000000e-01  2.00778202e-05 
 9.80000000e-01  2.10938336e-05 
 9.90000000e-01  2.21224329e-05 
 1.00000000e+00  2.31622406e-05 
 1.01000000e+00  2.42118984e-05 
 1.02000000e+00  2.52700788e-05 
 1.03000000e+00  2.63354973e-05 
 1.04000000e+00  2.74069234e-05 
 1.05000000e+00  2.84831914e-05 
 1.06000000e+00  2.95632085e-05 
 1.07000000e+00  3.06459613e-05 
 1.08000000e+00  3.17305191e-05 
 1.09000000e+00  3.28160354e-05 
 1.10000000e+00  3.39017470e-05 
 1.11000000e+00  3.49869707e-05 
 1.12000000e+00  3.60710992e-05 
 1.13000000e+00  3.71535961e-05 
 1.14000000e+00  3.82339893e-05 
 1.15000000e+00  3.93118657e-05 
 1.16000000e+00  4.03868648e-05 
 1.17000000e+00  4.14586727e-05 
 1.18000000e+00  4.25270170e-05 
 1.19000000e+00  4.35916619e-05 
 1.20000000e+00  4.46524032e-05 
 1.21000000e+00  4.57090649e-05 
 1.22000000e+00  4.67614952e-05 
 1.23000000e+00  4.78095634e-05 
 1.24000000e+00  4.88531575e-05 
 1.25000000e+00  4.98921817e-05 
 1.26000000e+00  5.09265539e-05 
 1.27000000e+00  5.19562046e-05 
 1.28000000e+00  5.29810749e-05 
 1.29000000e+00  5.40011153e-05 
 1.30000000e+00  5.50162845e-05 
 1.31000000e+00  5.60265486e-05 
 1.32000000e+00  5.70318799e-05 
 1.33000000e+00  5.80322563e-05 
 1.34000000e+00  5.90276609e-05 
 1.35000000e+00  6.00180809e-05 
 1.36000000e+00  6.10035075e-05 
 1.37000000e+00  6.19839355e-05 
 1.38000000e+00  6.29593627e-05 
 1.39000000e+00  6.39297896e-05 
 1.40000000e+00  6.48952191e-05 
 1.41000000e+00  6.58556566e-05 
 1.42000000e+00  6.68111092e-05 
 1.43000000e+00  6.77615859e-05 
 1.44000000e+00  6.87070972e-05 
 1.45000000e+00  6.96476552e-05 
 1.46000000e+00  7.05832730e-05 
 1.47000000e+00  7.15139653e-05 
 1.48000000e+00  7.24397474e-05 
 1.49000000e+00  7.33606359e-05 
 1.50000000e+00  7.42766481e-05 
 1.51000000e+00  7.51878020e-05 
 1.52000000e+00  7.60941165e-05 
 1.53000000e+00  7.69956110e-05 
 1.54000000e+00  7.78923055e-05 
 1.55000000e+00  7.87842206e-05 
 1.56000000e+00  7.96713771e-05 
 1.57000000e+00  8.05537965e-05 
 1.58000000e+00  8.14315006e-05 
 1.59000000e+00  8.23045114e-05 
 1.60000000e+00  8.31728515e-05 
 1.61000000e+00  8.40365434e-05 
 1.62000000e+00  8.48956100e-05 
 1.63000000e+00  8.57500746e-05 
 1.64000000e+00  8.65999604e-05 
 1.65000000e+00  8.74452908e-05 
 1.66000000e+00  8.82860896e-05 
 1.67000000e+00  8.91223803e-05 
 1.68000000e+00  8.99541869e-05 
 1.69000000e+00  9.07815332e-05 
 1.70000000e+00  9.16044433e-05 
 1.71000000e+00  9.24229412e-05 
 1.72000000e+00  9.32370509e-05 
 1.73000000e+00  9.40467966e-05 
 1.74000000e+00  9.48522023e-05 
 1.75000000e+00  9.56532922e-05 
 1.76000000e+00  9.64500905e-05 
 1.77000000e+00  9.72426212e-05 
 1.78000000e+00  9.80309083e-05 
 1.79000000e+00  9.88149760e-05 
 1.80000000e+00  9.95948482e-05 
 1.81000000e+00  1.00370549e-04 
 1.82000000e+00  1.01142102e-04 
 1.83000000e+00  1.01909532e-04 
 1.84000000e+00  1.02672861e-04 
 1.85000000e+00  1.03432114e-04 
 1.86000000e+00  1.04187315e-04 
 1.87000000e+00  1.04938487e-04 
 1.88000000e+00  1.05685653e-04 
 1.89000000e+00  1.06428837e-04 
 1.90000000e+00  1.07168062e-04 
 1.91000000e+00  1.07903352e-04 
 1.92000000e+00  1.08634729e-04 
 1.93000000e+00  1.09362217e-04 
 1.94000000e+00  1.10085838e-04 
 1.95000000e+00  1.10805615e-04 
 1.96000000e+00  1.11521571e-04 
 1.97000000e+00  1.12233729e-04 
 1.98000000e+00  1.12942111e-04 
 1.99000000e+00  1.13646739e-04 
 2.00000000e+00  1.14347636e-04 
 2.01000000e+00  1.15044823e-04 
 2.02000000e+00  1.15738324e-04 
 2.03000000e+00  1.16428159e-04 
 2.04000000e+00  1.17114351e-04 
 2.05000000e+00  1.17796921e-04 
 2.06000000e+00  1.18475890e-04 
 2.07000000e+00  1.19151281e-04 
 2.08000000e+00  1.19823114e-04 
 2.09000000e+00  1.20491411e-04 
 2.10000000e+00  1.21156193e-04 
 2.11000000e+00  1.21817480e-04 
 2.12000000e+00  1.22475294e-04 
 2.13000000e+00  1.23129654e-04 
 2.14000000e+00  1.23780583e-04 
 2.15000000e+00  1.24428100e-04 
 2.16000000e+00  1.25072225e-04 
 2.17000000e+00  1.25712979e-04 
 2.18000000e+00  1.26350382e-04 
 2.19000000e+00  1.26984453e-04 
 2.20000000e+00  1.27615213e-04 
 2.21000000e+00  1.28242681e-04 
 2.22000000e+00  1.28866877e-04 
 2.23000000e+00  1.29487820e-04 
 2.24000000e+00  1.30105530e-04 
 2.25000000e+00  1.30720026e-04 
 2.26000000e+00  1.31331326e-04 
 2.27000000e+00  1.31939450e-04 
 2.28000000e+00  1.32544417e-04 
 2.29000000e+00  1.33146245e-04 
 2.30000000e+00  1.33744954e-04 
 2.31000000e+00  1.34340560e-04 
 2.32000000e+00  1.34933084e-04 
 2.33000000e+00  1.35522542e-04 
 2.34000000e+00  1.36108954e-04 
 2.35000000e+00  1.36692336e-04 
 2.36000000e+00  1.37272708e-04 
 2.37000000e+00  1.37850087e-04 
 2.38000000e+00  1.38424490e-04 
 2.39000000e+00  1.38995935e-04 
 2.40000000e+00  1.39564439e-04 
 2.41000000e+00  1.40130020e-04 
 2.42000000e+00  1.40692695e-04 
 2.43000000e+00  1.41252481e-04 
 2.44000000e+00  1.41809394e-04 
 2.45000000e+00  1.42363452e-04 
 2.46000000e+00  1.42914672e-04 
 2.47000000e+00  1.43463070e-04 
 2.48000000e+00  1.44008662e-04 
 2.49000000e+00  1.44551466e-04 
 2.50000000e+00  1.45091496e-04 
 2.51000000e+00  1.45628770e-04 
 2.52000000e+00  1.46163303e-04 
 2.53000000e+00  1.46695112e-04 
 2.54000000e+00  1.47224212e-04 
 2.55000000e+00  1.47750619e-04 
 2.56000000e+00  1.48274349e-04 
 2.57000000e+00  1.48795417e-04 
 2.58000000e+00  1.49313839e-04 
 2.59000000e+00  1.49829630e-04 
 2.60000000e+00  1.50342805e-04 
 2.61000000e+00  1.50853379e-04 
 2.62000000e+00  1.51361367e-04 
 2.63000000e+00  1.51866785e-04 
 2.64000000e+00  1.52369647e-04 
 2.65000000e+00  1.52869968e-04 
 2.66000000e+00  1.53367762e-04 
 2.67000000e+00  1.53863044e-04 
 2.68000000e+00  1.54355829e-04 
 2.69000000e+00  1.54846130e-04 
 2.70000000e+00  1.55333962e-04 
 2.71000000e+00  1.55819340e-04 
 2.72000000e+00  1.56302276e-04 
 2.73000000e+00  1.56782786e-04 
 2.74000000e+00  1.57260882e-04 
 2.75000000e+00  1.57736579e-04 
 2.76000000e+00  1.58209891e-04 
 2.77000000e+00  1.58680830e-04 
 2.78000000e+00  1.59149411e-04 
 2.79000000e+00  1.59615647e-04 
 2.80000000e+00  1.60079551e-04 
 2.81000000e+00  1.60541136e-04 
 2.82000000e+00  1.61000415e-04 
 2.83000000e+00  1.61457403e-04 
 2.84000000e+00  1.61912110e-04 
 2.85000000e+00  1.62364551e-04 
 2.86000000e+00  1.62814738e-04 
 2.87000000e+00  1.63262684e-04 
 2.88000000e+00  1.63708402e-04 
 2.89000000e+00  1.64151903e-04 
 2.90000000e+00  1.64593201e-04 
 2.91000000e+00  1.65032308e-04 
 2.92000000e+00  1.65469235e-04 
 2.93000000e+00  1.65903996e-04 
 2.94000000e+00  1.66336602e-04 
 2.95000000e+00  1.66767066e-04 
 2.96000000e+00  1.67195399e-04 
 2.97000000e+00  1.67621613e-04 
 2.98000000e+00  1.68045721e-04 
 2.99000000e+00  1.68467733e-04 
 3.00000000e+00  1.68887662e-04 
 3.01000000e+00  1.69305518e-04 
 3.02000000e+00  1.69721314e-04 
 3.03000000e+00  1.70135061e-04 
 3.04000000e+00  1.70546770e-04 
 3.05000000e+00  1.70956453e-04 
 3.06000000e+00  1.71364120e-04 
 3.07000000e+00  1.71769783e-04 
 3.08000000e+00  1.72173453e-04 
 3.09000000e+00  1.72575141e-04 
 3.10000000e+00  1.72974857e-04 
 3.11000000e+00  1.73372614e-04 
 3.12000000e+00  1.73768420e-04 
 3.13000000e+00  1.74162287e-04 
 3.14000000e+00  1.74554226e-04 
 3.15000000e+00  1.74944248e-04 
 3.16000000e+00  1.75332361e-04 
 3.17000000e+00  1.75718578e-04 
 3.18000000e+00  1.76102909e-04 
 3.19000000e+00  1.76485363e-04 
 3.20000000e+00  1.76865950e-04 
 3.21000000e+00  1.77244682e-04 
 3.22000000e+00  1.77621568e-04 
 3.23000000e+00  1.77996619e-04 
 3.24000000e+00  1.78369843e-04 
 3.25000000e+00  1.78741251e-04 
 3.26000000e+00  1.79110853e-04 
 3.27000000e+00  1.79478659e-04 
 3.28000000e+00  1.79844678e-04 
 3.29000000e+00  1.80208919e-04 
 3.30000000e+00  1.80571393e-04 
