 3.00000000e-01  9.18207704e-09 
 3.10000000e-01  1.17028724e-08 
 3.20000000e-01  1.49067183e-08 
 3.30000000e-01  1.89749097e-08 
 3.40000000e-01  2.41353098e-08 
 3.50000000e-01  3.06736995e-08 
 3.60000000e-01  3.89476652e-08 
 3.70000000e-01  4.94035122e-08 
 3.80000000e-01  6.25967657e-08 
 3.90000000e-01  7.92168945e-08 
 4.00000000e-01  1.00116981e-07 
 4.10000000e-01  1.26349154e-07 
 4.20000000e-01  1.59206702e-07 
 4.30000000e-01  2.00273939e-07 
 4.40000000e-01  2.51485034e-07 
 4.50000000e-01  3.15193264e-07 
 4.60000000e-01  3.94252409e-07 
 4.70000000e-01  4.92112388e-07 
 4.80000000e-01  6.12931680e-07 
 4.90000000e-01  7.61709536e-07 
 5.00000000e-01  9.44441495e-07 
 5.10000000e-01  1.16830205e-06 
 5.20000000e-01  1.44185832e-06 
 5.30000000e-01  1.77531813e-06 
 5.40000000e-01  2.18081440e-06 
 5.50000000e-01  2.67272554e-06 
 5.60000000e-01  3.26802755e-06 
 5.70000000e-01  3.98666857e-06 
 5.80000000e-01  4.85195070e-06 
 5.90000000e-01  5.89089667e-06 
 6.00000000e-01  7.13457282e-06 
 6.10000000e-01  8.61833420e-06 
 6.20000000e-01  1.03819548e-05 
 6.30000000e-01  1.24696058e-05 
 6.40000000e-01  1.49296505e-05 
 6.50000000e-01  1.78142322e-05 
 6.60000000e-01  2.11786448e-05 
 6.70000000e-01  2.50804946e-05 
 6.80000000e-01  2.95786757e-05 
 6.90000000e-01  3.47322019e-05 
 7.00000000e-01  4.05989513e-05 
 7.10000000e-01  4.72343885e-05 
 7.20000000e-01  5.46903345e-05 
 7.30000000e-01  6.30138490e-05 
 7.40000000e-01  7.22462816e-05 
 7.50000000e-01  8.24225332e-05 
 7.60000000e-01  9.35705516e-05 
 7.70000000e-01  1.05711068e-04 
 7.80000000e-01  1.18857566e-04 
 7.90000000e-01  1.33016450e-04 
 8.00000000e-01  1.48187392e-04 
 8.10000000e-01  1.64363810e-04 
 8.20000000e-01  1.81533431e-04 
 8.30000000e-01  1.99678914e-04 
 8.40000000e-01  2.18778478e-04 
 8.50000000e-01  2.38806527e-04 
 8.60000000e-01  2.59734229e-04 
 8.70000000e-01  2.81530047e-04 
 8.80000000e-01  3.04160201e-04 
 8.90000000e-01  3.27589062e-04 
 9.00000000e-01  3.51779478e-04 
 9.10000000e-01  3.76693035e-04 
 9.20000000e-01  4.02290255e-04 
 9.30000000e-01  4.28530751e-04 
 9.40000000e-01  4.55373342e-04 
 9.50000000e-01  4.82776147e-04 
 9.60000000e-01  5.10696675e-04 
 9.70000000e-01  5.39091921e-04 
 9.80000000e-01  5.67918490e-04 
 9.90000000e-01  5.97132757e-04 
 1.00000000e+00  6.26691075e-04 
 1.01000000e+00  6.56550044e-04 
 1.02000000e+00  6.86666819e-04 
 1.03000000e+00  7.16999460e-04 
 1.04000000e+00  7.47507314e-04 
 1.05000000e+00  7.78151379e-04 
 1.06000000e+00  8.08894657e-04 
 1.07000000e+00  8.39702446e-04 
 1.08000000e+00  8.70542571e-04 
 1.09000000e+00  9.01385530e-04 
 1.10000000e+00  9.32204564e-04 
 1.11000000e+00  9.62975642e-04 
 1.12000000e+00  9.93677387e-04 
 1.13000000e+00  1.02429094e-03 
 1.14000000e+00  1.05479980e-03 
 1.15000000e+00  1.08518962e-03 
 1.16000000e+00  1.11544801e-03 
 1.17000000e+00  1.14556434e-03 
 1.18000000e+00  1.17552953e-03 
 1.19000000e+00  1.20533588e-03 
 1.20000000e+00  1.23497690e-03 
 1.21000000e+00  1.26444712e-03 
 1.22000000e+00  1.29374202e-03 
 1.23000000e+00  1.32285783e-03 
 1.24000000e+00  1.35179151e-03 
 1.25000000e+00  1.38054058e-03 
 1.26000000e+00  1.40910307e-03 
 1.27000000e+00  1.43747748e-03 
 1.28000000e+00  1.46566266e-03 
 1.29000000e+00  1.49365782e-03 
 1.30000000e+00  1.52146244e-03 
 1.31000000e+00  1.54907626e-03 
 1.32000000e+00  1.57649921e-03 
 1.33000000e+00  1.60373144e-03 
 1.34000000e+00  1.63077325e-03 
 1.35000000e+00  1.65762506e-03 
 1.36000000e+00  1.68428746e-03 
 1.37000000e+00  1.71076110e-03 
 1.38000000e+00  1.73704674e-03 
 1.39000000e+00  1.76314524e-03 
 1.40000000e+00  1.78905750e-03 
 1.41000000e+00  1.81478451e-03 
 1.42000000e+00  1.84032729e-03 
 1.43000000e+00  1.86568691e-03 
 1.44000000e+00  1.89086450e-03 
 1.45000000e+00  1.91586120e-03 
 1.46000000e+00  1.94067820e-03 
 1.47000000e+00  1.96531669e-03 
 1.48000000e+00  1.98977791e-03 
 1.49000000e+00  2.01406311e-03 
 1.50000000e+00  2.03817354e-03 
 1.51000000e+00  2.06211048e-03 
 1.52000000e+00  2.08587521e-03 
 1.53000000e+00  2.10946902e-03 
 1.54000000e+00  2.13289322e-03 
 1.55000000e+00  2.15614911e-03 
 1.56000000e+00  2.17923799e-03 
 1.57000000e+00  2.20216117e-03 
 1.58000000e+00  2.22491995e-03 
 1.59000000e+00  2.24751565e-03 
 1.60000000e+00  2.26994957e-03 
 1.61000000e+00  2.29222302e-03 
 1.62000000e+00  2.31433728e-03 
 1.63000000e+00  2.33629367e-03 
 1.64000000e+00  2.35809346e-03 
 1.65000000e+00  2.37973794e-03 
 1.66000000e+00  2.40122840e-03 
 1.67000000e+00  2.42256609e-03 
 1.68000000e+00  2.44375230e-03 
 1.69000000e+00  2.46478827e-03 
 1.70000000e+00  2.48567526e-03 
 1.71000000e+00  2.50641451e-03 
 1.72000000e+00  2.52700725e-03 
 1.73000000e+00  2.54745471e-03 
 1.74000000e+00  2.56775811e-03 
 1.75000000e+00  2.58791865e-03 
 1.76000000e+00  2.60793753e-03 
 1.77000000e+00  2.62781595e-03 
 1.78000000e+00  2.64755508e-03 
 1.79000000e+00  2.66715610e-03 
 1.80000000e+00  2.68662016e-03 
 1.81000000e+00  2.70594842e-03 
 1.82000000e+00  2.72514203e-03 
 1.83000000e+00  2.74420211e-03 
 1.84000000e+00  2.76312979e-03 
 1.85000000e+00  2.78192618e-03 
 1.86000000e+00  2.80059238e-03 
 1.87000000e+00  2.81912949e-03 
 1.88000000e+00  2.83753859e-03 
 1.89000000e+00  2.85582076e-03 
 1.90000000e+00  2.87397707e-03 
 1.91000000e+00  2.89200855e-03 
 1.92000000e+00  2.90991627e-03 
 1.93000000e+00  2.92770125e-03 
 1.94000000e+00  2.94536453e-03 
 1.95000000e+00  2.96290711e-03 
 1.96000000e+00  2.98033001e-03 
 1.97000000e+00  2.99763421e-03 
 1.98000000e+00  3.01482072e-03 
 1.99000000e+00  3.03189050e-03 
 2.00000000e+00  3.04884452e-03 
 2.01000000e+00  3.06568375e-03 
 2.02000000e+00  3.08240913e-03 
 2.03000000e+00  3.09902161e-03 
 2.04000000e+00  3.11552212e-03 
 2.05000000e+00  3.13191158e-03 
 2.06000000e+00  3.14819090e-03 
 2.07000000e+00  3.16436098e-03 
 2.08000000e+00  3.18042274e-03 
 2.09000000e+00  3.19637704e-03 
 2.10000000e+00  3.21222478e-03 
 2.11000000e+00  3.22796682e-03 
 2.12000000e+00  3.24360402e-03 
 2.13000000e+00  3.25913724e-03 
 2.14000000e+00  3.27456732e-03 
 2.15000000e+00  3.28989510e-03 
 2.16000000e+00  3.30512141e-03 
 2.17000000e+00  3.32024706e-03 
 2.18000000e+00  3.33527287e-03 
 2.19000000e+00  3.35019965e-03 
 2.20000000e+00  3.36502818e-03 
 2.21000000e+00  3.37975926e-03 
 2.22000000e+00  3.39439367e-03 
 2.23000000e+00  3.40893219e-03 
 2.24000000e+00  3.42337557e-03 
 2.25000000e+00  3.43772458e-03 
 2.26000000e+00  3.45197996e-03 
 2.27000000e+00  3.46614247e-03 
 2.28000000e+00  3.48021283e-03 
 2.29000000e+00  3.49419178e-03 
 2.30000000e+00  3.50808003e-03 
 2.31000000e+00  3.52187831e-03 
 2.32000000e+00  3.53558731e-03 
 2.33000000e+00  3.54920774e-03 
 2.34000000e+00  3.56274030e-03 
 2.35000000e+00  3.57618567e-03 
 2.36000000e+00  3.58954453e-03 
 2.37000000e+00  3.60281756e-03 
 2.38000000e+00  3.61600542e-03 
 2.39000000e+00  3.62910878e-03 
 2.40000000e+00  3.64212828e-03 
 2.41000000e+00  3.65506459e-03 
 2.42000000e+00  3.66791833e-03 
 2.43000000e+00  3.68069014e-03 
 2.44000000e+00  3.69338066e-03 
 2.45000000e+00  3.70599051e-03 
 2.46000000e+00  3.71852031e-03 
 2.47000000e+00  3.73097066e-03 
 2.48000000e+00  3.74334218e-03 
 2.49000000e+00  3.75563546e-03 
 2.50000000e+00  3.76785110e-03 
 2.51000000e+00  3.77998968e-03 
 2.52000000e+00  3.79205180e-03 
 2.53000000e+00  3.80403802e-03 
 2.54000000e+00  3.81594892e-03 
 2.55000000e+00  3.82778507e-03 
 2.56000000e+00  3.83954703e-03 
 2.57000000e+00  3.85123535e-03 
 2.58000000e+00  3.86285058e-03 
 2.59000000e+00  3.87439327e-03 
 2.60000000e+00  3.88586397e-03 
 2.61000000e+00  3.89726319e-03 
 2.62000000e+00  3.90859149e-03 
 2.63000000e+00  3.91984937e-03 
 2.64000000e+00  3.93103737e-03 
 2.65000000e+00  3.94215599e-03 
 2.66000000e+00  3.95320575e-03 
 2.67000000e+00  3.96418715e-03 
 2.68000000e+00  3.97510070e-03 
 2.69000000e+00  3.98594690e-03 
 2.70000000e+00  3.99672622e-03 
 2.71000000e+00  4.00743917e-03 
 2.72000000e+00  4.01808622e-03 
 2.73000000e+00  4.02866786e-03 
 2.74000000e+00  4.03918455e-03 
 2.75000000e+00  4.04963677e-03 
 2.76000000e+00  4.06002498e-03 
 2.77000000e+00  4.07034965e-03 
 2.78000000e+00  4.08061123e-03 
 2.79000000e+00  4.09081017e-03 
 2.80000000e+00  4.10094692e-03 
 2.81000000e+00  4.11102194e-03 
 2.82000000e+00  4.12103565e-03 
 2.83000000e+00  4.13098850e-03 
 2.84000000e+00  4.14088092e-03 
 2.85000000e+00  4.15071333e-03 
 2.86000000e+00  4.16048617e-03 
 2.87000000e+00  4.17019985e-03 
 2.88000000e+00  4.17985479e-03 
 2.89000000e+00  4.18945141e-03 
 2.90000000e+00  4.19899011e-03 
 2.91000000e+00  4.20847130e-03 
 2.92000000e+00  4.21789539e-03 
 2.93000000e+00  4.22726277e-03 
 2.94000000e+00  4.23657384e-03 
 2.95000000e+00  4.24582899e-03 
 2.96000000e+00  4.25502861e-03 
 2.97000000e+00  4.26417308e-03 
 2.98000000e+00  4.27326280e-03 
 2.99000000e+00  4.28229812e-03 
 3.00000000e+00  4.29127944e-03 
 3.01000000e+00  4.30020713e-03 
 3.02000000e+00  4.30908154e-03 
 3.03000000e+00  4.31790305e-03 
 3.04000000e+00  4.32667202e-03 
 3.05000000e+00  4.33538882e-03 
 3.06000000e+00  4.34405378e-03 
 3.07000000e+00  4.35266727e-03 
 3.08000000e+00  4.36122964e-03 
 3.09000000e+00  4.36974124e-03 
 3.10000000e+00  4.37820240e-03 
 3.11000000e+00  4.38661348e-03 
 3.12000000e+00  4.39497480e-03 
 3.13000000e+00  4.40328670e-03 
 3.14000000e+00  4.41154952e-03 
 3.15000000e+00  4.41976359e-03 
 3.16000000e+00  4.42792922e-03 
 3.17000000e+00  4.43604675e-03 
 3.18000000e+00  4.44411650e-03 
 3.19000000e+00  4.45213878e-03 
 3.20000000e+00  4.46011392e-03 
 3.21000000e+00  4.46804221e-03 
 3.22000000e+00  4.47592398e-03 
 3.23000000e+00  4.48375954e-03 
 3.24000000e+00  4.49154918e-03 
 3.25000000e+00  4.49929321e-03 
 3.26000000e+00  4.50699193e-03 
 3.27000000e+00  4.51464564e-03 
 3.28000000e+00  4.52225463e-03 
 3.29000000e+00  4.52981920e-03 
 3.30000000e+00  4.53733964e-03 
 3.00000000e-01  2.94980383e-08 
 3.10000000e-01  3.62422160e-08 
 3.20000000e-01  4.45016491e-08 
 3.30000000e-01  5.46077749e-08 
 3.40000000e-01  6.69616322e-08 
 3.50000000e-01  8.20476065e-08 
 3.60000000e-01  1.00449654e-07 
 3.70000000e-01  1.22870404e-07 
 3.80000000e-01  1.50153588e-07 
 3.90000000e-01  1.83310333e-07 
 4.00000000e-01  2.23549910e-07 
 4.10000000e-01  2.72315660e-07 
 4.20000000e-01  3.31326940e-07 
 4.30000000e-01  4.02628053e-07 
 4.40000000e-01  4.88645351e-07 
 4.50000000e-01  5.92253872e-07 
 4.60000000e-01  7.16855094e-07 
 4.70000000e-01  8.66467608e-07 
 4.80000000e-01  1.04583266e-06 
 4.90000000e-01  1.26053660e-06 
 5.00000000e-01  1.51715202e-06 
 5.10000000e-01  1.82339923e-06 
 5.20000000e-01  2.18832847e-06 
 5.30000000e-01  2.62252235e-06 
 5.40000000e-01  3.13831584e-06 
 5.50000000e-01  3.75002868e-06 
 5.60000000e-01  4.47420216e-06 
 5.70000000e-01  5.32982856e-06 
 5.80000000e-01  6.33855851e-06 
 5.90000000e-01  7.52486823e-06 
 6.00000000e-01  8.91616696e-06 
 6.10000000e-01  1.05428241e-05 
 6.20000000e-01  1.24380970e-05 
 6.30000000e-01  1.46379447e-05 
 6.40000000e-01  1.71807172e-05 
 6.50000000e-01  2.01067191e-05 
 6.60000000e-01  2.34576544e-05 
 6.70000000e-01  2.72759679e-05 
 6.80000000e-01  3.16041084e-05 
 6.90000000e-01  3.64837446e-05 
 7.00000000e-01  4.19549681e-05 
 7.10000000e-01  4.80555210e-05 
 7.20000000e-01  5.48200831e-05 
 7.30000000e-01  6.22796479e-05 
 7.40000000e-01  7.04610117e-05 
 7.50000000e-01  7.93863909e-05 
 7.60000000e-01  8.90731741e-05 
 7.70000000e-01  9.95338082e-05 
 7.80000000e-01  1.10775808e-04 
 7.90000000e-01  1.22801878e-04 
 8.00000000e-01  1.35610119e-04 
 8.10000000e-01  1.49194314e-04 
 8.20000000e-01  1.63544254e-04 
 8.30000000e-01  1.78646095e-04 
 8.40000000e-01  1.94482723e-04 
 8.50000000e-01  2.11034111e-04 
 8.60000000e-01  2.28277652e-04 
 8.70000000e-01  2.46188467e-04 
 8.80000000e-01  2.64739670e-04 
 8.90000000e-01  2.83902601e-04 
 9.00000000e-01  3.03647016e-04 
 9.10000000e-01  3.23941251e-04 
 9.20000000e-01  3.44752358e-04 
 9.30000000e-01  3.66046235e-04 
 9.40000000e-01  3.87787762e-04 
 9.50000000e-01  4.09940950e-04 
 9.60000000e-01  4.32469133e-04 
 9.70000000e-01  4.55335210e-04 
 9.80000000e-01  4.78501932e-04 
 9.90000000e-01  5.01932251e-04 
 1.00000000e+00  5.25589705e-04 
 1.01000000e+00  5.49438827e-04 
 1.02000000e+00  5.73445541e-04 
 1.03000000e+00  5.97577533e-04 
 1.04000000e+00  6.21804556e-04 
 1.05000000e+00  6.46098657e-04 
 1.06000000e+00  6.70434314e-04 
 1.07000000e+00  6.94788495e-04 
 1.08000000e+00  7.19140624e-04 
 1.09000000e+00  7.43472492e-04 
 1.10000000e+00  7.67768120e-04 
 1.11000000e+00  7.92013586e-04 
 1.12000000e+00  8.16196833e-04 
 1.13000000e+00  8.40307483e-04 
 1.14000000e+00  8.64336644e-04 
 1.15000000e+00  8.88276729e-04 
 1.16000000e+00  9.12121295e-04 
 1.17000000e+00  9.35864890e-04 
 1.18000000e+00  9.59502923e-04 
 1.19000000e+00  9.83031544e-04 
 1.20000000e+00  1.00644754e-03 
 1.21000000e+00  1.02974825e-03 
 1.22000000e+00  1.05293149e-03 
 1.23000000e+00  1.07599546e-03 
 1.24000000e+00  1.09893875e-03 
 1.25000000e+00  1.12176021e-03 
 1.26000000e+00  1.14445897e-03 
 1.27000000e+00  1.16703438e-03 
 1.28000000e+00  1.18948598e-03 
 1.29000000e+00  1.21181347e-03 
 1.30000000e+00  1.23401672e-03 
 1.31000000e+00  1.25609569e-03 
 1.32000000e+00  1.27805046e-03 
 1.33000000e+00  1.29988121e-03 
 1.34000000e+00  1.32158820e-03 
 1.35000000e+00  1.34317174e-03 
 1.36000000e+00  1.36463224e-03 
 1.37000000e+00  1.38597013e-03 
 1.38000000e+00  1.40718589e-03 
 1.39000000e+00  1.42828006e-03 
 1.40000000e+00  1.44925319e-03 
 1.41000000e+00  1.47010588e-03 
 1.42000000e+00  1.49083874e-03 
 1.43000000e+00  1.51145243e-03 
 1.44000000e+00  1.53194759e-03 
 1.45000000e+00  1.55232492e-03 
 1.46000000e+00  1.57258510e-03 
 1.47000000e+00  1.59272884e-03 
 1.48000000e+00  1.61275685e-03 
 1.49000000e+00  1.63266987e-03 
 1.50000000e+00  1.65246863e-03 
 1.51000000e+00  1.67215388e-03 
 1.52000000e+00  1.69172634e-03 
 1.53000000e+00  1.71118679e-03 
 1.54000000e+00  1.73053597e-03 
 1.55000000e+00  1.74977464e-03 
 1.56000000e+00  1.76890356e-03 
 1.57000000e+00  1.78792349e-03 
 1.58000000e+00  1.80683518e-03 
 1.59000000e+00  1.82563941e-03 
 1.60000000e+00  1.84433692e-03 
 1.61000000e+00  1.86292848e-03 
 1.62000000e+00  1.88141485e-03 
 1.63000000e+00  1.89979678e-03 
 1.64000000e+00  1.91807503e-03 
 1.65000000e+00  1.93625034e-03 
 1.66000000e+00  1.95432348e-03 
 1.67000000e+00  1.97229517e-03 
 1.68000000e+00  1.99016617e-03 
 1.69000000e+00  2.00793722e-03 
 1.70000000e+00  2.02560904e-03 
 1.71000000e+00  2.04318238e-03 
 1.72000000e+00  2.06065797e-03 
 1.73000000e+00  2.07803652e-03 
 1.74000000e+00  2.09531876e-03 
 1.75000000e+00  2.11250540e-03 
 1.76000000e+00  2.12959716e-03 
 1.77000000e+00  2.14659474e-03 
 1.78000000e+00  2.16349885e-03 
 1.79000000e+00  2.18031018e-03 
 1.80000000e+00  2.19702943e-03 
 1.81000000e+00  2.21365729e-03 
 1.82000000e+00  2.23019444e-03 
 1.83000000e+00  2.24664156e-03 
 1.84000000e+00  2.26299932e-03 
 1.85000000e+00  2.27926840e-03 
 1.86000000e+00  2.29544946e-03 
 1.87000000e+00  2.31154316e-03 
 1.88000000e+00  2.32755015e-03 
 1.89000000e+00  2.34347108e-03 
 1.90000000e+00  2.35930661e-03 
 1.91000000e+00  2.37505735e-03 
 1.92000000e+00  2.39072396e-03 
 1.93000000e+00  2.40630706e-03 
 1.94000000e+00  2.42180728e-03 
 1.95000000e+00  2.43722523e-03 
 1.96000000e+00  2.45256152e-03 
 1.97000000e+00  2.46781678e-03 
 1.98000000e+00  2.48299159e-03 
 1.99000000e+00  2.49808657e-03 
 2.00000000e+00  2.51310230e-03 
 2.01000000e+00  2.52803938e-03 
 2.02000000e+00  2.54289839e-03 
 2.03000000e+00  2.55767990e-03 
 2.04000000e+00  2.57238450e-03 
 2.05000000e+00  2.58701275e-03 
 2.06000000e+00  2.60156521e-03 
 2.07000000e+00  2.61604245e-03 
 2.08000000e+00  2.63044502e-03 
 2.09000000e+00  2.64477348e-03 
 2.10000000e+00  2.65902836e-03 
 2.11000000e+00  2.67321021e-03 
 2.12000000e+00  2.68731956e-03 
 2.13000000e+00  2.70135694e-03 
 2.14000000e+00  2.71532289e-03 
 2.15000000e+00  2.72921792e-03 
 2.16000000e+00  2.74304256e-03 
 2.17000000e+00  2.75679730e-03 
 2.18000000e+00  2.77048267e-03 
 2.19000000e+00  2.78409917e-03 
 2.20000000e+00  2.79764729e-03 
 2.21000000e+00  2.81112753e-03 
 2.22000000e+00  2.82454039e-03 
 2.23000000e+00  2.83788634e-03 
 2.24000000e+00  2.85116587e-03 
 2.25000000e+00  2.86437946e-03 
 2.26000000e+00  2.87752759e-03 
 2.27000000e+00  2.89061071e-03 
 2.28000000e+00  2.90362930e-03 
 2.29000000e+00  2.91658382e-03 
 2.30000000e+00  2.92947473e-03 
 2.31000000e+00  2.94230247e-03 
 2.32000000e+00  2.95506749e-03 
 2.33000000e+00  2.96777025e-03 
 2.34000000e+00  2.98041119e-03 
 2.35000000e+00  2.99299073e-03 
 2.36000000e+00  3.00550932e-03 
 2.37000000e+00  3.01796738e-03 
 2.38000000e+00  3.03036533e-03 
 2.39000000e+00  3.04270361e-03 
 2.40000000e+00  3.05498263e-03 
 2.41000000e+00  3.06720280e-03 
 2.42000000e+00  3.07936453e-03 
 2.43000000e+00  3.09146824e-03 
 2.44000000e+00  3.10351432e-03 
 2.45000000e+00  3.11550317e-03 
 2.46000000e+00  3.12743520e-03 
 2.47000000e+00  3.13931079e-03 
 2.48000000e+00  3.15113034e-03 
 2.49000000e+00  3.16289422e-03 
 2.50000000e+00  3.17460283e-03 
 2.51000000e+00  3.18625654e-03 
 2.52000000e+00  3.19785573e-03 
 2.53000000e+00  3.20940077e-03 
 2.54000000e+00  3.22089203e-03 
 2.55000000e+00  3.23232988e-03 
 2.56000000e+00  3.24371468e-03 
 2.57000000e+00  3.25504679e-03 
 2.58000000e+00  3.26632657e-03 
 2.59000000e+00  3.27755437e-03 
 2.60000000e+00  3.28873054e-03 
 2.61000000e+00  3.29985543e-03 
 2.62000000e+00  3.31092939e-03 
 2.63000000e+00  3.32195275e-03 
 2.64000000e+00  3.33292585e-03 
 2.65000000e+00  3.34384904e-03 
 2.66000000e+00  3.35472264e-03 
 2.67000000e+00  3.36554698e-03 
 2.68000000e+00  3.37632239e-03 
 2.69000000e+00  3.38704920e-03 
 2.70000000e+00  3.39772772e-03 
 2.71000000e+00  3.40835828e-03 
 2.72000000e+00  3.41894119e-03 
 2.73000000e+00  3.42947676e-03 
 2.74000000e+00  3.43996531e-03 
 2.75000000e+00  3.45040714e-03 
 2.76000000e+00  3.46080257e-03 
 2.77000000e+00  3.47115188e-03 
 2.78000000e+00  3.48145539e-03 
 2.79000000e+00  3.49171339e-03 
 2.80000000e+00  3.50192617e-03 
 2.81000000e+00  3.51209403e-03 
 2.82000000e+00  3.52221726e-03 
 2.83000000e+00  3.53229615e-03 
 2.84000000e+00  3.54233098e-03 
 2.85000000e+00  3.55232204e-03 
 2.86000000e+00  3.56226960e-03 
 2.87000000e+00  3.57217394e-03 
 2.88000000e+00  3.58203535e-03 
 2.89000000e+00  3.59185409e-03 
 2.90000000e+00  3.60163044e-03 
 2.91000000e+00  3.61136466e-03 
 2.92000000e+00  3.62105702e-03 
 2.93000000e+00  3.63070779e-03 
 2.94000000e+00  3.64031723e-03 
 2.95000000e+00  3.64988560e-03 
 2.96000000e+00  3.65941316e-03 
 2.97000000e+00  3.66890016e-03 
 2.98000000e+00  3.67834686e-03 
 2.99000000e+00  3.68775351e-03 
 3.00000000e+00  3.69712036e-03 
 3.01000000e+00  3.70644766e-03 
 3.02000000e+00  3.71573566e-03 
 3.03000000e+00  3.72498459e-03 
 3.04000000e+00  3.73419470e-03 
 3.05000000e+00  3.74336624e-03 
 3.06000000e+00  3.75249943e-03 
 3.07000000e+00  3.76159451e-03 
 3.08000000e+00  3.77065172e-03 
 3.09000000e+00  3.77967130e-03 
 3.10000000e+00  3.78865346e-03 
 3.11000000e+00  3.79759845e-03 
 3.12000000e+00  3.80650648e-03 
 3.13000000e+00  3.81537778e-03 
 3.14000000e+00  3.82421258e-03 
 3.15000000e+00  3.83301109e-03 
 3.16000000e+00  3.84177354e-03 
 3.17000000e+00  3.85050014e-03 
 3.18000000e+00  3.85919111e-03 
 3.19000000e+00  3.86784666e-03 
 3.20000000e+00  3.87646701e-03 
 3.21000000e+00  3.88505237e-03 
 3.22000000e+00  3.89360294e-03 
 3.23000000e+00  3.90211894e-03 
 3.24000000e+00  3.91060057e-03 
 3.25000000e+00  3.91904803e-03 
 3.26000000e+00  3.92746154e-03 
 3.27000000e+00  3.93584128e-03 
 3.28000000e+00  3.94418746e-03 
 3.29000000e+00  3.95250028e-03 
 3.30000000e+00  3.96077993e-03 
 3.00000000e-01  7.05260828e-08 
 3.10000000e-01  8.41948572e-08 
 3.20000000e-01  1.00476166e-07 
 3.30000000e-01  1.19853888e-07 
 3.40000000e-01  1.42897597e-07 
 3.50000000e-01  1.70276845e-07 
 3.60000000e-01  2.02777670e-07 
 3.70000000e-01  2.41321666e-07 
 3.80000000e-01  2.86987984e-07 
 3.90000000e-01  3.41038732e-07 
 4.00000000e-01  4.04948297e-07 
 4.10000000e-01  4.80437191e-07 
 4.20000000e-01  5.69511145e-07 
 4.30000000e-01  6.74506260e-07 
 4.40000000e-01  7.98141128e-07 
 4.50000000e-01  9.43576928e-07 
 4.60000000e-01  1.11448656e-06 
 4.70000000e-01  1.31513386e-06 
 4.80000000e-01  1.55046392e-06 
 4.90000000e-01  1.82620515e-06 
 5.00000000e-01  2.14898355e-06 
 5.10000000e-01  2.52644877e-06 
 5.20000000e-01  2.96741101e-06 
 5.30000000e-01  3.48198620e-06 
 5.40000000e-01  4.08174611e-06 
 5.50000000e-01  4.77986773e-06 
 5.60000000e-01  5.59127525e-06 
 5.70000000e-01  6.53276577e-06 
 5.80000000e-01  7.62310886e-06 
 5.90000000e-01  8.88310879e-06 
 6.00000000e-01  1.03356184e-05 
 6.10000000e-01  1.20054941e-05 
 6.20000000e-01  1.39194827e-05 
 6.30000000e-01  1.61060348e-05 
 6.40000000e-01  1.85950418e-05 
 6.50000000e-01  2.14174980e-05 
 6.60000000e-01  2.46050961e-05 
 6.70000000e-01  2.81897651e-05 
 6.80000000e-01  3.22031687e-05 
 6.90000000e-01  3.66761798e-05 
 7.00000000e-01  4.16383537e-05 
 7.10000000e-01  4.71174198e-05 
 7.20000000e-01  5.31388101e-05 
 7.30000000e-01  5.97252439e-05 
 7.40000000e-01  6.68963799e-05 
 7.50000000e-01  7.46685451e-05 
 7.60000000e-01  8.30545459e-05 
 7.70000000e-01  9.20635600e-05 
 7.80000000e-01  1.01701106e-04 
 7.90000000e-01  1.11969081e-04 
 8.00000000e-01  1.22865857e-04 
 8.10000000e-01  1.34386428e-04 
 8.20000000e-01  1.46522582e-04 
 8.30000000e-01  1.59263101e-04 
 8.40000000e-01  1.72593968e-04 
 8.50000000e-01  1.86498570e-04 
 8.60000000e-01  2.00957896e-04 
 8.70000000e-01  2.15950711e-04 
 8.80000000e-01  2.31453727e-04 
 8.90000000e-01  2.47441749e-04 
 9.00000000e-01  2.63887822e-04 
 9.10000000e-01  2.80763376e-04 
 9.20000000e-01  2.98038399e-04 
 9.30000000e-01  3.15681634e-04 
 9.40000000e-01  3.33660835e-04 
 9.50000000e-01  3.51943078e-04 
 9.60000000e-01  3.70495130e-04 
 9.70000000e-01  3.89283876e-04 
 9.80000000e-01  4.08276770e-04 
 9.90000000e-01  4.27442292e-04 
 1.00000000e+00  4.46750371e-04 
 1.01000000e+00  4.66172744e-04 
 1.02000000e+00  4.85683235e-04 
 1.03000000e+00  5.05257930e-04 
 1.04000000e+00  5.24875260e-04 
 1.05000000e+00  5.44515994e-04 
 1.06000000e+00  5.64163159e-04 
 1.07000000e+00  5.83801913e-04 
 1.08000000e+00  6.03419375e-04 
 1.09000000e+00  6.23004447e-04 
 1.10000000e+00  6.42547621e-04 
 1.11000000e+00  6.62040797e-04 
 1.12000000e+00  6.81477110e-04 
 1.13000000e+00  7.00850767e-04 
 1.14000000e+00  7.20156907e-04 
 1.15000000e+00  7.39391468e-04 
 1.16000000e+00  7.58551080e-04 
 1.17000000e+00  7.77632961e-04 
 1.18000000e+00  7.96634836e-04 
 1.19000000e+00  8.15554862e-04 
 1.20000000e+00  8.34391566e-04 
 1.21000000e+00  8.53143789e-04 
 1.22000000e+00  8.71810641e-04 
 1.23000000e+00  8.90391463e-04 
 1.24000000e+00  9.08885788e-04 
 1.25000000e+00  9.27293318e-04 
 1.26000000e+00  9.45613894e-04 
 1.27000000e+00  9.63847480e-04 
 1.28000000e+00  9.81994140e-04 
 1.29000000e+00  1.00005402e-03 
 1.30000000e+00  1.01802736e-03 
 1.31000000e+00  1.03591443e-03 
 1.32000000e+00  1.05371558e-03 
 1.33000000e+00  1.07143119e-03 
 1.34000000e+00  1.08906167e-03 
 1.35000000e+00  1.10660749e-03 
 1.36000000e+00  1.12406911e-03 
 1.37000000e+00  1.14144704e-03 
 1.38000000e+00  1.15874179e-03 
 1.39000000e+00  1.17595388e-03 
 1.40000000e+00  1.19308387e-03 
 1.41000000e+00  1.21013230e-03 
 1.42000000e+00  1.22709973e-03 
 1.43000000e+00  1.24398671e-03 
 1.44000000e+00  1.26079383e-03 
 1.45000000e+00  1.27752163e-03 
 1.46000000e+00  1.29417071e-03 
 1.47000000e+00  1.31074162e-03 
 1.48000000e+00  1.32723494e-03 
 1.49000000e+00  1.34365124e-03 
 1.50000000e+00  1.35999109e-03 
 1.51000000e+00  1.37625505e-03 
 1.52000000e+00  1.39244369e-03 
 1.53000000e+00  1.40855758e-03 
 1.54000000e+00  1.42459727e-03 
 1.55000000e+00  1.44056332e-03 
 1.56000000e+00  1.45645629e-03 
 1.57000000e+00  1.47227673e-03 
 1.58000000e+00  1.48802519e-03 
 1.59000000e+00  1.50370220e-03 
 1.60000000e+00  1.51930831e-03 
 1.61000000e+00  1.53484407e-03 
 1.62000000e+00  1.55030999e-03 
 1.63000000e+00  1.56570662e-03 
 1.64000000e+00  1.58103448e-03 
 1.65000000e+00  1.59629410e-03 
 1.66000000e+00  1.61148598e-03 
 1.67000000e+00  1.62661065e-03 
 1.68000000e+00  1.64166863e-03 
 1.69000000e+00  1.65666040e-03 
 1.70000000e+00  1.67158650e-03 
 1.71000000e+00  1.68644740e-03 
 1.72000000e+00  1.70124362e-03 
 1.73000000e+00  1.71597563e-03 
 1.74000000e+00  1.73064395e-03 
 1.75000000e+00  1.74524904e-03 
 1.76000000e+00  1.75979139e-03 
 1.77000000e+00  1.77427148e-03 
 1.78000000e+00  1.78868979e-03 
 1.79000000e+00  1.80304679e-03 
 1.80000000e+00  1.81734294e-03 
 1.81000000e+00  1.83157871e-03 
 1.82000000e+00  1.84575456e-03 
 1.83000000e+00  1.85987096e-03 
 1.84000000e+00  1.87392834e-03 
 1.85000000e+00  1.88792716e-03 
 1.86000000e+00  1.90186788e-03 
 1.87000000e+00  1.91575092e-03 
 1.88000000e+00  1.92957674e-03 
 1.89000000e+00  1.94334576e-03 
 1.90000000e+00  1.95705843e-03 
 1.91000000e+00  1.97071517e-03 
 1.92000000e+00  1.98431640e-03 
 1.93000000e+00  1.99786255e-03 
 1.94000000e+00  2.01135404e-03 
 1.95000000e+00  2.02479129e-03 
 1.96000000e+00  2.03817470e-03 
 1.97000000e+00  2.05150469e-03 
 1.98000000e+00  2.06478166e-03 
 1.99000000e+00  2.07800601e-03 
 2.00000000e+00  2.09117815e-03 
 2.01000000e+00  2.10429847e-03 
 2.02000000e+00  2.11736736e-03 
 2.03000000e+00  2.13038522e-03 
 2.04000000e+00  2.14335242e-03 
 2.05000000e+00  2.15626936e-03 
 2.06000000e+00  2.16913640e-03 
 2.07000000e+00  2.18195394e-03 
 2.08000000e+00  2.19472234e-03 
 2.09000000e+00  2.20744198e-03 
 2.10000000e+00  2.22011321e-03 
 2.11000000e+00  2.23273642e-03 
 2.12000000e+00  2.24531195e-03 
 2.13000000e+00  2.25784016e-03 
 2.14000000e+00  2.27032142e-03 
 2.15000000e+00  2.28275607e-03 
 2.16000000e+00  2.29514447e-03 
 2.17000000e+00  2.30748696e-03 
 2.18000000e+00  2.31978388e-03 
 2.19000000e+00  2.33203557e-03 
 2.20000000e+00  2.34424238e-03 
 2.21000000e+00  2.35640464e-03 
 2.22000000e+00  2.36852268e-03 
 2.23000000e+00  2.38059683e-03 
 2.24000000e+00  2.39262742e-03 
 2.25000000e+00  2.40461476e-03 
 2.26000000e+00  2.41655919e-03 
 2.27000000e+00  2.42846102e-03 
 2.28000000e+00  2.44032057e-03 
 2.29000000e+00  2.45213815e-03 
 2.30000000e+00  2.46391406e-03 
 2.31000000e+00  2.47564863e-03 
 2.32000000e+00  2.48734215e-03 
 2.33000000e+00  2.49899492e-03 
 2.34000000e+00  2.51060725e-03 
 2.35000000e+00  2.52217944e-03 
 2.36000000e+00  2.53371177e-03 
 2.37000000e+00  2.54520454e-03 
 2.38000000e+00  2.55665805e-03 
 2.39000000e+00  2.56807258e-03 
 2.40000000e+00  2.57944841e-03 
 2.41000000e+00  2.59078582e-03 
 2.42000000e+00  2.60208511e-03 
 2.43000000e+00  2.61334654e-03 
 2.44000000e+00  2.62457039e-03 
 2.45000000e+00  2.63575694e-03 
 2.46000000e+00  2.64690645e-03 
 2.47000000e+00  2.65801920e-03 
 2.48000000e+00  2.66909545e-03 
 2.49000000e+00  2.68013546e-03 
 2.50000000e+00  2.69113951e-03 
 2.51000000e+00  2.70210784e-03 
 2.52000000e+00  2.71304071e-03 
 2.53000000e+00  2.72393839e-03 
 2.54000000e+00  2.73480112e-03 
 2.55000000e+00  2.74562916e-03 
 2.56000000e+00  2.75642275e-03 
 2.57000000e+00  2.76718214e-03 
 2.58000000e+00  2.77790758e-03 
 2.59000000e+00  2.78859931e-03 
 2.60000000e+00  2.79925757e-03 
 2.61000000e+00  2.80988260e-03 
 2.62000000e+00  2.82047464e-03 
 2.63000000e+00  2.83103392e-03 
 2.64000000e+00  2.84156068e-03 
 2.65000000e+00  2.85205514e-03 
 2.66000000e+00  2.86251753e-03 
 2.67000000e+00  2.87294810e-03 
 2.68000000e+00  2.88334704e-03 
 2.69000000e+00  2.89371460e-03 
 2.70000000e+00  2.90405100e-03 
 2.71000000e+00  2.91435645e-03 
 2.72000000e+00  2.92463117e-03 
 2.73000000e+00  2.93487538e-03 
 2.74000000e+00  2.94508929e-03 
 2.75000000e+00  2.95527312e-03 
 2.76000000e+00  2.96542708e-03 
 2.77000000e+00  2.97555137e-03 
 2.78000000e+00  2.98564621e-03 
 2.79000000e+00  2.99571179e-03 
 2.80000000e+00  3.00574834e-03 
 2.81000000e+00  3.01575604e-03 
 2.82000000e+00  3.02573510e-03 
 2.83000000e+00  3.03568571e-03 
 2.84000000e+00  3.04560809e-03 
 2.85000000e+00  3.05550241e-03 
 2.86000000e+00  3.06536888e-03 
 2.87000000e+00  3.07520770e-03 
 2.88000000e+00  3.08501904e-03 
 2.89000000e+00  3.09480311e-03 
 2.90000000e+00  3.10456009e-03 
 2.91000000e+00  3.11429016e-03 
 2.92000000e+00  3.12399352e-03 
 2.93000000e+00  3.13367034e-03 
 2.94000000e+00  3.14332082e-03 
 2.95000000e+00  3.15294513e-03 
 2.96000000e+00  3.16254344e-03 
 2.97000000e+00  3.17211595e-03 
 2.98000000e+00  3.18166282e-03 
 2.99000000e+00  3.19118424e-03 
 3.00000000e+00  3.20068037e-03 
 3.01000000e+00  3.21015139e-03 
 3.02000000e+00  3.21959747e-03 
 3.03000000e+00  3.22901878e-03 
 3.04000000e+00  3.23841549e-03 
 3.05000000e+00  3.24778777e-03 
 3.06000000e+00  3.25713578e-03 
 3.07000000e+00  3.26645969e-03 
 3.08000000e+00  3.27575966e-03 
 3.09000000e+00  3.28503585e-03 
 3.10000000e+00  3.29428843e-03 
 3.11000000e+00  3.30351756e-03 
 3.12000000e+00  3.31272339e-03 
 3.13000000e+00  3.32190608e-03 
 3.14000000e+00  3.33106579e-03 
 3.15000000e+00  3.34020267e-03 
 3.16000000e+00  3.34931688e-03 
 3.17000000e+00  3.35840857e-03 
 3.18000000e+00  3.36747789e-03 
 3.19000000e+00  3.37652499e-03 
 3.20000000e+00  3.38555002e-03 
 3.21000000e+00  3.39455313e-03 
 3.22000000e+00  3.40353446e-03 
 3.23000000e+00  3.41249417e-03 
 3.24000000e+00  3.42143240e-03 
 3.25000000e+00  3.43034928e-03 
 3.26000000e+00  3.43924497e-03 
 3.27000000e+00  3.44811961e-03 
 3.28000000e+00  3.45697333e-03 
 3.29000000e+00  3.46580627e-03 
 3.30000000e+00  3.47461858e-03 
