 3.00000000e-01  9.18207704e-09 
 3.10000000e-01  1.17028724e-08 
 3.20000000e-01  1.49067183e-08 
 3.30000000e-01  1.89749097e-08 
 3.40000000e-01  2.41353098e-08 
 3.50000000e-01  3.06736995e-08 
 3.60000000e-01  3.89476652e-08 
 3.70000000e-01  4.94035122e-08 
 3.80000000e-01  6.25967657e-08 
 3.90000000e-01  7.92168945e-08 
 4.00000000e-01  1.00116981e-07 
 4.10000000e-01  1.26349154e-07 
 4.20000000e-01  1.59206702e-07 
 4.30000000e-01  2.00273939e-07 
 4.40000000e-01  2.51485034e-07 
 4.50000000e-01  3.15193264e-07 
 4.60000000e-01  3.94252409e-07 
 4.70000000e-01  4.92112388e-07 
 4.80000000e-01  6.12931680e-07 
 4.90000000e-01  7.61709536e-07 
 5.00000000e-01  9.44441495e-07 
 5.10000000e-01  1.16830205e-06 
 5.20000000e-01  1.44185832e-06 
 5.30000000e-01  1.77531813e-06 
 5.40000000e-01  2.18081440e-06 
 5.50000000e-01  2.67272554e-06 
 5.60000000e-01  3.26802755e-06 
 5.70000000e-01  3.98666857e-06 
 5.80000000e-01  4.85195070e-06 
 5.90000000e-01  5.89089667e-06 
 6.00000000e-01  7.13457282e-06 
 6.10000000e-01  8.61833420e-06 
 6.20000000e-01  1.03819548e-05 
 6.30000000e-01  1.24696058e-05 
 6.40000000e-01  1.49296505e-05 
 6.50000000e-01  1.78142322e-05 
 6.60000000e-01  2.11786448e-05 
 6.70000000e-01  2.50804946e-05 
 6.80000000e-01  2.95786757e-05 
 6.90000000e-01  3.47322019e-05 
 7.00000000e-01  4.05989513e-05 
 7.10000000e-01  4.72343885e-05 
 7.20000000e-01  5.46903345e-05 
 7.30000000e-01  6.30138490e-05 
 7.40000000e-01  7.22462816e-05 
 7.50000000e-01  8.24225332e-05 
 7.60000000e-01  9.35705516e-05 
 7.70000000e-01  1.05711068e-04 
 7.80000000e-01  1.18857566e-04 
 7.90000000e-01  1.33016450e-04 
 8.00000000e-01  1.48187392e-04 
 8.10000000e-01  1.64363810e-04 
 8.20000000e-01  1.81533431e-04 
 8.30000000e-01  1.99678914e-04 
 8.40000000e-01  2.18778478e-04 
 8.50000000e-01  2.38806527e-04 
 8.60000000e-01  2.59734229e-04 
 8.70000000e-01  2.81530047e-04 
 8.80000000e-01  3.04160201e-04 
 8.90000000e-01  3.27589062e-04 
 9.00000000e-01  3.51779478e-04 
 9.10000000e-01  3.76693035e-04 
 9.20000000e-01  4.02290255e-04 
 9.30000000e-01  4.28530751e-04 
 9.40000000e-01  4.55373342e-04 
 9.50000000e-01  4.82776147e-04 
 9.60000000e-01  5.10696675e-04 
 9.70000000e-01  5.39091921e-04 
 9.80000000e-01  5.67918490e-04 
 9.90000000e-01  5.97132757e-04 
 1.00000000e+00  6.26691075e-04 
 1.01000000e+00  6.56550044e-04 
 1.02000000e+00  6.86666819e-04 
 1.03000000e+00  7.16999460e-04 
 1.04000000e+00  7.47507314e-04 
 1.05000000e+00  7.78151379e-04 
 1.06000000e+00  8.08894657e-04 
 1.07000000e+00  8.39702446e-04 
 1.08000000e+00  8.70542571e-04 
 1.09000000e+00  9.01385530e-04 
 1.10000000e+00  9.32204564e-04 
 1.11000000e+00  9.62975642e-04 
 1.12000000e+00  9.93677387e-04 
 1.13000000e+00  1.02429094e-03 
 1.14000000e+00  1.05479980e-03 
 1.15000000e+00  1.08518962e-03 
 1.16000000e+00  1.11544801e-03 
 1.17000000e+00  1.14556434e-03 
 1.18000000e+00  1.17552953e-03 
 1.19000000e+00  1.20533588e-03 
 1.20000000e+00  1.23497690e-03 
 1.21000000e+00  1.26444712e-03 
 1.22000000e+00  1.29374202e-03 
 1.23000000e+00  1.32285783e-03 
 1.24000000e+00  1.35179151e-03 
 1.25000000e+00  1.38054058e-03 
 1.26000000e+00  1.40910307e-03 
 1.27000000e+00  1.43747748e-03 
 1.28000000e+00  1.46566266e-03 
 1.29000000e+00  1.49365782e-03 
 1.30000000e+00  1.52146244e-03 
 1.31000000e+00  1.54907626e-03 
 1.32000000e+00  1.57649921e-03 
 1.33000000e+00  1.60373144e-03 
 1.34000000e+00  1.63077325e-03 
 1.35000000e+00  1.65762506e-03 
 1.36000000e+00  1.68428746e-03 
 1.37000000e+00  1.71076110e-03 
 1.38000000e+00  1.73704674e-03 
 1.39000000e+00  1.76314524e-03 
 1.40000000e+00  1.78905750e-03 
 1.41000000e+00  1.81478451e-03 
 1.42000000e+00  1.84032729e-03 
 1.43000000e+00  1.86568691e-03 
 1.44000000e+00  1.89086450e-03 
 1.45000000e+00  1.91586120e-03 
 1.46000000e+00  1.94067820e-03 
 1.47000000e+00  1.96531669e-03 
 1.48000000e+00  1.98977791e-03 
 1.49000000e+00  2.01406311e-03 
 1.50000000e+00  2.03817354e-03 
 1.51000000e+00  2.06211048e-03 
 1.52000000e+00  2.08587521e-03 
 1.53000000e+00  2.10946902e-03 
 1.54000000e+00  2.13289322e-03 
 1.55000000e+00  2.15614911e-03 
 1.56000000e+00  2.17923799e-03 
 1.57000000e+00  2.20216117e-03 
 1.58000000e+00  2.22491995e-03 
 1.59000000e+00  2.24751565e-03 
 1.60000000e+00  2.26994957e-03 
 1.61000000e+00  2.29222302e-03 
 1.62000000e+00  2.31433728e-03 
 1.63000000e+00  2.33629367e-03 
 1.64000000e+00  2.35809346e-03 
 1.65000000e+00  2.37973794e-03 
 1.66000000e+00  2.40122840e-03 
 1.67000000e+00  2.42256609e-03 
 1.68000000e+00  2.44375230e-03 
 1.69000000e+00  2.46478827e-03 
 1.70000000e+00  2.48567526e-03 
 1.71000000e+00  2.50641451e-03 
 1.72000000e+00  2.52700725e-03 
 1.73000000e+00  2.54745471e-03 
 1.74000000e+00  2.56775811e-03 
 1.75000000e+00  2.58791865e-03 
 1.76000000e+00  2.60793753e-03 
 1.77000000e+00  2.62781595e-03 
 1.78000000e+00  2.64755508e-03 
 1.79000000e+00  2.66715610e-03 
 1.80000000e+00  2.68662016e-03 
 1.81000000e+00  2.70594842e-03 
 1.82000000e+00  2.72514203e-03 
 1.83000000e+00  2.74420211e-03 
 1.84000000e+00  2.76312979e-03 
 1.85000000e+00  2.78192618e-03 
 1.86000000e+00  2.80059238e-03 
 1.87000000e+00  2.81912949e-03 
 1.88000000e+00  2.83753859e-03 
 1.89000000e+00  2.85582076e-03 
 1.90000000e+00  2.87397707e-03 
 1.91000000e+00  2.89200855e-03 
 1.92000000e+00  2.90991627e-03 
 1.93000000e+00  2.92770125e-03 
 1.94000000e+00  2.94536453e-03 
 1.95000000e+00  2.96290711e-03 
 1.96000000e+00  2.98033001e-03 
 1.97000000e+00  2.99763421e-03 
 1.98000000e+00  3.01482072e-03 
 1.99000000e+00  3.03189050e-03 
 2.00000000e+00  3.04884452e-03 
 2.01000000e+00  3.06568375e-03 
 2.02000000e+00  3.08240913e-03 
 2.03000000e+00  3.09902161e-03 
 2.04000000e+00  3.11552212e-03 
 2.05000000e+00  3.13191158e-03 
 2.06000000e+00  3.14819090e-03 
 2.07000000e+00  3.16436098e-03 
 2.08000000e+00  3.18042274e-03 
 2.09000000e+00  3.19637704e-03 
 2.10000000e+00  3.21222478e-03 
 2.11000000e+00  3.22796682e-03 
 2.12000000e+00  3.24360402e-03 
 2.13000000e+00  3.25913724e-03 
 2.14000000e+00  3.27456732e-03 
 2.15000000e+00  3.28989510e-03 
 2.16000000e+00  3.30512141e-03 
 2.17000000e+00  3.32024706e-03 
 2.18000000e+00  3.33527287e-03 
 2.19000000e+00  3.35019965e-03 
 2.20000000e+00  3.36502818e-03 
 2.21000000e+00  3.37975926e-03 
 2.22000000e+00  3.39439367e-03 
 2.23000000e+00  3.40893219e-03 
 2.24000000e+00  3.42337557e-03 
 2.25000000e+00  3.43772458e-03 
 2.26000000e+00  3.45197996e-03 
 2.27000000e+00  3.46614247e-03 
 2.28000000e+00  3.48021283e-03 
 2.29000000e+00  3.49419178e-03 
 2.30000000e+00  3.50808003e-03 
 2.31000000e+00  3.52187831e-03 
 2.32000000e+00  3.53558731e-03 
 2.33000000e+00  3.54920774e-03 
 2.34000000e+00  3.56274030e-03 
 2.35000000e+00  3.57618567e-03 
 2.36000000e+00  3.58954453e-03 
 2.37000000e+00  3.60281756e-03 
 2.38000000e+00  3.61600542e-03 
 2.39000000e+00  3.62910878e-03 
 2.40000000e+00  3.64212828e-03 
 2.41000000e+00  3.65506459e-03 
 2.42000000e+00  3.66791833e-03 
 2.43000000e+00  3.68069014e-03 
 2.44000000e+00  3.69338066e-03 
 2.45000000e+00  3.70599051e-03 
 2.46000000e+00  3.71852031e-03 
 2.47000000e+00  3.73097066e-03 
 2.48000000e+00  3.74334218e-03 
 2.49000000e+00  3.75563546e-03 
 2.50000000e+00  3.76785110e-03 
 2.51000000e+00  3.77998968e-03 
 2.52000000e+00  3.79205180e-03 
 2.53000000e+00  3.80403802e-03 
 2.54000000e+00  3.81594892e-03 
 2.55000000e+00  3.82778507e-03 
 2.56000000e+00  3.83954703e-03 
 2.57000000e+00  3.85123535e-03 
 2.58000000e+00  3.86285058e-03 
 2.59000000e+00  3.87439327e-03 
 2.60000000e+00  3.88586397e-03 
 2.61000000e+00  3.89726319e-03 
 2.62000000e+00  3.90859149e-03 
 2.63000000e+00  3.91984937e-03 
 2.64000000e+00  3.93103737e-03 
 2.65000000e+00  3.94215599e-03 
 2.66000000e+00  3.95320575e-03 
 2.67000000e+00  3.96418715e-03 
 2.68000000e+00  3.97510070e-03 
 2.69000000e+00  3.98594690e-03 
 2.70000000e+00  3.99672622e-03 
 2.71000000e+00  4.00743917e-03 
 2.72000000e+00  4.01808622e-03 
 2.73000000e+00  4.02866786e-03 
 2.74000000e+00  4.03918455e-03 
 2.75000000e+00  4.04963677e-03 
 2.76000000e+00  4.06002498e-03 
 2.77000000e+00  4.07034965e-03 
 2.78000000e+00  4.08061123e-03 
 2.79000000e+00  4.09081017e-03 
 2.80000000e+00  4.10094692e-03 
 2.81000000e+00  4.11102194e-03 
 2.82000000e+00  4.12103565e-03 
 2.83000000e+00  4.13098850e-03 
 2.84000000e+00  4.14088092e-03 
 2.85000000e+00  4.15071333e-03 
 2.86000000e+00  4.16048617e-03 
 2.87000000e+00  4.17019985e-03 
 2.88000000e+00  4.17985479e-03 
 2.89000000e+00  4.18945141e-03 
 2.90000000e+00  4.19899011e-03 
 2.91000000e+00  4.20847130e-03 
 2.92000000e+00  4.21789539e-03 
 2.93000000e+00  4.22726277e-03 
 2.94000000e+00  4.23657384e-03 
 2.95000000e+00  4.24582899e-03 
 2.96000000e+00  4.25502861e-03 
 2.97000000e+00  4.26417308e-03 
 2.98000000e+00  4.27326280e-03 
 2.99000000e+00  4.28229812e-03 
 3.00000000e+00  4.29127944e-03 
 3.01000000e+00  4.30020713e-03 
 3.02000000e+00  4.30908154e-03 
 3.03000000e+00  4.31790305e-03 
 3.04000000e+00  4.32667202e-03 
 3.05000000e+00  4.33538882e-03 
 3.06000000e+00  4.34405378e-03 
 3.07000000e+00  4.35266727e-03 
 3.08000000e+00  4.36122964e-03 
 3.09000000e+00  4.36974124e-03 
 3.10000000e+00  4.37820240e-03 
 3.11000000e+00  4.38661348e-03 
 3.12000000e+00  4.39497480e-03 
 3.13000000e+00  4.40328670e-03 
 3.14000000e+00  4.41154952e-03 
 3.15000000e+00  4.41976359e-03 
 3.16000000e+00  4.42792922e-03 
 3.17000000e+00  4.43604675e-03 
 3.18000000e+00  4.44411650e-03 
 3.19000000e+00  4.45213878e-03 
 3.20000000e+00  4.46011392e-03 
 3.21000000e+00  4.46804221e-03 
 3.22000000e+00  4.47592398e-03 
 3.23000000e+00  4.48375954e-03 
 3.24000000e+00  4.49154918e-03 
 3.25000000e+00  4.49929321e-03 
 3.26000000e+00  4.50699193e-03 
 3.27000000e+00  4.51464564e-03 
 3.28000000e+00  4.52225463e-03 
 3.29000000e+00  4.52981920e-03 
 3.30000000e+00  4.53733964e-03 
