 3.00000000e-01  2.94980383e-08 
 3.10000000e-01  3.62422160e-08 
 3.20000000e-01  4.45016491e-08 
 3.30000000e-01  5.46077749e-08 
 3.40000000e-01  6.69616322e-08 
 3.50000000e-01  8.20476065e-08 
 3.60000000e-01  1.00449654e-07 
 3.70000000e-01  1.22870404e-07 
 3.80000000e-01  1.50153588e-07 
 3.90000000e-01  1.83310333e-07 
 4.00000000e-01  2.23549910e-07 
 4.10000000e-01  2.72315660e-07 
 4.20000000e-01  3.31326940e-07 
 4.30000000e-01  4.02628053e-07 
 4.40000000e-01  4.88645351e-07 
 4.50000000e-01  5.92253872e-07 
 4.60000000e-01  7.16855094e-07 
 4.70000000e-01  8.66467608e-07 
 4.80000000e-01  1.04583266e-06 
 4.90000000e-01  1.26053660e-06 
 5.00000000e-01  1.51715202e-06 
 5.10000000e-01  1.82339923e-06 
 5.20000000e-01  2.18832847e-06 
 5.30000000e-01  2.62252235e-06 
 5.40000000e-01  3.13831584e-06 
 5.50000000e-01  3.75002868e-06 
 5.60000000e-01  4.47420216e-06 
 5.70000000e-01  5.32982856e-06 
 5.80000000e-01  6.33855851e-06 
 5.90000000e-01  7.52486823e-06 
 6.00000000e-01  8.91616696e-06 
 6.10000000e-01  1.05428241e-05 
 6.20000000e-01  1.24380970e-05 
 6.30000000e-01  1.46379447e-05 
 6.40000000e-01  1.71807172e-05 
 6.50000000e-01  2.01067191e-05 
 6.60000000e-01  2.34576544e-05 
 6.70000000e-01  2.72759679e-05 
 6.80000000e-01  3.16041084e-05 
 6.90000000e-01  3.64837446e-05 
 7.00000000e-01  4.19549681e-05 
 7.10000000e-01  4.80555210e-05 
 7.20000000e-01  5.48200831e-05 
 7.30000000e-01  6.22796479e-05 
 7.40000000e-01  7.04610117e-05 
 7.50000000e-01  7.93863909e-05 
 7.60000000e-01  8.90731741e-05 
 7.70000000e-01  9.95338082e-05 
 7.80000000e-01  1.10775808e-04 
 7.90000000e-01  1.22801878e-04 
 8.00000000e-01  1.35610119e-04 
 8.10000000e-01  1.49194314e-04 
 8.20000000e-01  1.63544254e-04 
 8.30000000e-01  1.78646095e-04 
 8.40000000e-01  1.94482723e-04 
 8.50000000e-01  2.11034111e-04 
 8.60000000e-01  2.28277652e-04 
 8.70000000e-01  2.46188467e-04 
 8.80000000e-01  2.64739670e-04 
 8.90000000e-01  2.83902601e-04 
 9.00000000e-01  3.03647016e-04 
 9.10000000e-01  3.23941251e-04 
 9.20000000e-01  3.44752358e-04 
 9.30000000e-01  3.66046235e-04 
 9.40000000e-01  3.87787762e-04 
 9.50000000e-01  4.09940950e-04 
 9.60000000e-01  4.32469133e-04 
 9.70000000e-01  4.55335210e-04 
 9.80000000e-01  4.78501932e-04 
 9.90000000e-01  5.01932251e-04 
 1.00000000e+00  5.25589705e-04 
 1.01000000e+00  5.49438827e-04 
 1.02000000e+00  5.73445541e-04 
 1.03000000e+00  5.97577533e-04 
 1.04000000e+00  6.21804556e-04 
 1.05000000e+00  6.46098657e-04 
 1.06000000e+00  6.70434314e-04 
 1.07000000e+00  6.94788495e-04 
 1.08000000e+00  7.19140624e-04 
 1.09000000e+00  7.43472492e-04 
 1.10000000e+00  7.67768120e-04 
 1.11000000e+00  7.92013586e-04 
 1.12000000e+00  8.16196833e-04 
 1.13000000e+00  8.40307483e-04 
 1.14000000e+00  8.64336644e-04 
 1.15000000e+00  8.88276729e-04 
 1.16000000e+00  9.12121295e-04 
 1.17000000e+00  9.35864890e-04 
 1.18000000e+00  9.59502923e-04 
 1.19000000e+00  9.83031544e-04 
 1.20000000e+00  1.00644754e-03 
 1.21000000e+00  1.02974825e-03 
 1.22000000e+00  1.05293149e-03 
 1.23000000e+00  1.07599546e-03 
 1.24000000e+00  1.09893875e-03 
 1.25000000e+00  1.12176021e-03 
 1.26000000e+00  1.14445897e-03 
 1.27000000e+00  1.16703438e-03 
 1.28000000e+00  1.18948598e-03 
 1.29000000e+00  1.21181347e-03 
 1.30000000e+00  1.23401672e-03 
 1.31000000e+00  1.25609569e-03 
 1.32000000e+00  1.27805046e-03 
 1.33000000e+00  1.29988121e-03 
 1.34000000e+00  1.32158820e-03 
 1.35000000e+00  1.34317174e-03 
 1.36000000e+00  1.36463224e-03 
 1.37000000e+00  1.38597013e-03 
 1.38000000e+00  1.40718589e-03 
 1.39000000e+00  1.42828006e-03 
 1.40000000e+00  1.44925319e-03 
 1.41000000e+00  1.47010588e-03 
 1.42000000e+00  1.49083874e-03 
 1.43000000e+00  1.51145243e-03 
 1.44000000e+00  1.53194759e-03 
 1.45000000e+00  1.55232492e-03 
 1.46000000e+00  1.57258510e-03 
 1.47000000e+00  1.59272884e-03 
 1.48000000e+00  1.61275685e-03 
 1.49000000e+00  1.63266987e-03 
 1.50000000e+00  1.65246863e-03 
 1.51000000e+00  1.67215388e-03 
 1.52000000e+00  1.69172634e-03 
 1.53000000e+00  1.71118679e-03 
 1.54000000e+00  1.73053597e-03 
 1.55000000e+00  1.74977464e-03 
 1.56000000e+00  1.76890356e-03 
 1.57000000e+00  1.78792349e-03 
 1.58000000e+00  1.80683518e-03 
 1.59000000e+00  1.82563941e-03 
 1.60000000e+00  1.84433692e-03 
 1.61000000e+00  1.86292848e-03 
 1.62000000e+00  1.88141485e-03 
 1.63000000e+00  1.89979678e-03 
 1.64000000e+00  1.91807503e-03 
 1.65000000e+00  1.93625034e-03 
 1.66000000e+00  1.95432348e-03 
 1.67000000e+00  1.97229517e-03 
 1.68000000e+00  1.99016617e-03 
 1.69000000e+00  2.00793722e-03 
 1.70000000e+00  2.02560904e-03 
 1.71000000e+00  2.04318238e-03 
 1.72000000e+00  2.06065797e-03 
 1.73000000e+00  2.07803652e-03 
 1.74000000e+00  2.09531876e-03 
 1.75000000e+00  2.11250540e-03 
 1.76000000e+00  2.12959716e-03 
 1.77000000e+00  2.14659474e-03 
 1.78000000e+00  2.16349885e-03 
 1.79000000e+00  2.18031018e-03 
 1.80000000e+00  2.19702943e-03 
 1.81000000e+00  2.21365729e-03 
 1.82000000e+00  2.23019444e-03 
 1.83000000e+00  2.24664156e-03 
 1.84000000e+00  2.26299932e-03 
 1.85000000e+00  2.27926840e-03 
 1.86000000e+00  2.29544946e-03 
 1.87000000e+00  2.31154316e-03 
 1.88000000e+00  2.32755015e-03 
 1.89000000e+00  2.34347108e-03 
 1.90000000e+00  2.35930661e-03 
 1.91000000e+00  2.37505735e-03 
 1.92000000e+00  2.39072396e-03 
 1.93000000e+00  2.40630706e-03 
 1.94000000e+00  2.42180728e-03 
 1.95000000e+00  2.43722523e-03 
 1.96000000e+00  2.45256152e-03 
 1.97000000e+00  2.46781678e-03 
 1.98000000e+00  2.48299159e-03 
 1.99000000e+00  2.49808657e-03 
 2.00000000e+00  2.51310230e-03 
 2.01000000e+00  2.52803938e-03 
 2.02000000e+00  2.54289839e-03 
 2.03000000e+00  2.55767990e-03 
 2.04000000e+00  2.57238450e-03 
 2.05000000e+00  2.58701275e-03 
 2.06000000e+00  2.60156521e-03 
 2.07000000e+00  2.61604245e-03 
 2.08000000e+00  2.63044502e-03 
 2.09000000e+00  2.64477348e-03 
 2.10000000e+00  2.65902836e-03 
 2.11000000e+00  2.67321021e-03 
 2.12000000e+00  2.68731956e-03 
 2.13000000e+00  2.70135694e-03 
 2.14000000e+00  2.71532289e-03 
 2.15000000e+00  2.72921792e-03 
 2.16000000e+00  2.74304256e-03 
 2.17000000e+00  2.75679730e-03 
 2.18000000e+00  2.77048267e-03 
 2.19000000e+00  2.78409917e-03 
 2.20000000e+00  2.79764729e-03 
 2.21000000e+00  2.81112753e-03 
 2.22000000e+00  2.82454039e-03 
 2.23000000e+00  2.83788634e-03 
 2.24000000e+00  2.85116587e-03 
 2.25000000e+00  2.86437946e-03 
 2.26000000e+00  2.87752759e-03 
 2.27000000e+00  2.89061071e-03 
 2.28000000e+00  2.90362930e-03 
 2.29000000e+00  2.91658382e-03 
 2.30000000e+00  2.92947473e-03 
 2.31000000e+00  2.94230247e-03 
 2.32000000e+00  2.95506749e-03 
 2.33000000e+00  2.96777025e-03 
 2.34000000e+00  2.98041119e-03 
 2.35000000e+00  2.99299073e-03 
 2.36000000e+00  3.00550932e-03 
 2.37000000e+00  3.01796738e-03 
 2.38000000e+00  3.03036533e-03 
 2.39000000e+00  3.04270361e-03 
 2.40000000e+00  3.05498263e-03 
 2.41000000e+00  3.06720280e-03 
 2.42000000e+00  3.07936453e-03 
 2.43000000e+00  3.09146824e-03 
 2.44000000e+00  3.10351432e-03 
 2.45000000e+00  3.11550317e-03 
 2.46000000e+00  3.12743520e-03 
 2.47000000e+00  3.13931079e-03 
 2.48000000e+00  3.15113034e-03 
 2.49000000e+00  3.16289422e-03 
 2.50000000e+00  3.17460283e-03 
 2.51000000e+00  3.18625654e-03 
 2.52000000e+00  3.19785573e-03 
 2.53000000e+00  3.20940077e-03 
 2.54000000e+00  3.22089203e-03 
 2.55000000e+00  3.23232988e-03 
 2.56000000e+00  3.24371468e-03 
 2.57000000e+00  3.25504679e-03 
 2.58000000e+00  3.26632657e-03 
 2.59000000e+00  3.27755437e-03 
 2.60000000e+00  3.28873054e-03 
 2.61000000e+00  3.29985543e-03 
 2.62000000e+00  3.31092939e-03 
 2.63000000e+00  3.32195275e-03 
 2.64000000e+00  3.33292585e-03 
 2.65000000e+00  3.34384904e-03 
 2.66000000e+00  3.35472264e-03 
 2.67000000e+00  3.36554698e-03 
 2.68000000e+00  3.37632239e-03 
 2.69000000e+00  3.38704920e-03 
 2.70000000e+00  3.39772772e-03 
 2.71000000e+00  3.40835828e-03 
 2.72000000e+00  3.41894119e-03 
 2.73000000e+00  3.42947676e-03 
 2.74000000e+00  3.43996531e-03 
 2.75000000e+00  3.45040714e-03 
 2.76000000e+00  3.46080257e-03 
 2.77000000e+00  3.47115188e-03 
 2.78000000e+00  3.48145539e-03 
 2.79000000e+00  3.49171339e-03 
 2.80000000e+00  3.50192617e-03 
 2.81000000e+00  3.51209403e-03 
 2.82000000e+00  3.52221726e-03 
 2.83000000e+00  3.53229615e-03 
 2.84000000e+00  3.54233098e-03 
 2.85000000e+00  3.55232204e-03 
 2.86000000e+00  3.56226960e-03 
 2.87000000e+00  3.57217394e-03 
 2.88000000e+00  3.58203535e-03 
 2.89000000e+00  3.59185409e-03 
 2.90000000e+00  3.60163044e-03 
 2.91000000e+00  3.61136466e-03 
 2.92000000e+00  3.62105702e-03 
 2.93000000e+00  3.63070779e-03 
 2.94000000e+00  3.64031723e-03 
 2.95000000e+00  3.64988560e-03 
 2.96000000e+00  3.65941316e-03 
 2.97000000e+00  3.66890016e-03 
 2.98000000e+00  3.67834686e-03 
 2.99000000e+00  3.68775351e-03 
 3.00000000e+00  3.69712036e-03 
 3.01000000e+00  3.70644766e-03 
 3.02000000e+00  3.71573566e-03 
 3.03000000e+00  3.72498459e-03 
 3.04000000e+00  3.73419470e-03 
 3.05000000e+00  3.74336624e-03 
 3.06000000e+00  3.75249943e-03 
 3.07000000e+00  3.76159451e-03 
 3.08000000e+00  3.77065172e-03 
 3.09000000e+00  3.77967130e-03 
 3.10000000e+00  3.78865346e-03 
 3.11000000e+00  3.79759845e-03 
 3.12000000e+00  3.80650648e-03 
 3.13000000e+00  3.81537778e-03 
 3.14000000e+00  3.82421258e-03 
 3.15000000e+00  3.83301109e-03 
 3.16000000e+00  3.84177354e-03 
 3.17000000e+00  3.85050014e-03 
 3.18000000e+00  3.85919111e-03 
 3.19000000e+00  3.86784666e-03 
 3.20000000e+00  3.87646701e-03 
 3.21000000e+00  3.88505237e-03 
 3.22000000e+00  3.89360294e-03 
 3.23000000e+00  3.90211894e-03 
 3.24000000e+00  3.91060057e-03 
 3.25000000e+00  3.91904803e-03 
 3.26000000e+00  3.92746154e-03 
 3.27000000e+00  3.93584128e-03 
 3.28000000e+00  3.94418746e-03 
 3.29000000e+00  3.95250028e-03 
 3.30000000e+00  3.96077993e-03 
