 3.00000000e-01  7.05260828e-08 
 3.10000000e-01  8.41948572e-08 
 3.20000000e-01  1.00476166e-07 
 3.30000000e-01  1.19853888e-07 
 3.40000000e-01  1.42897597e-07 
 3.50000000e-01  1.70276845e-07 
 3.60000000e-01  2.02777670e-07 
 3.70000000e-01  2.41321666e-07 
 3.80000000e-01  2.86987984e-07 
 3.90000000e-01  3.41038732e-07 
 4.00000000e-01  4.04948297e-07 
 4.10000000e-01  4.80437191e-07 
 4.20000000e-01  5.69511145e-07 
 4.30000000e-01  6.74506260e-07 
 4.40000000e-01  7.98141128e-07 
 4.50000000e-01  9.43576928e-07 
 4.60000000e-01  1.11448656e-06 
 4.70000000e-01  1.31513386e-06 
 4.80000000e-01  1.55046392e-06 
 4.90000000e-01  1.82620515e-06 
 5.00000000e-01  2.14898355e-06 
 5.10000000e-01  2.52644877e-06 
 5.20000000e-01  2.96741101e-06 
 5.30000000e-01  3.48198620e-06 
 5.40000000e-01  4.08174611e-06 
 5.50000000e-01  4.77986773e-06 
 5.60000000e-01  5.59127525e-06 
 5.70000000e-01  6.53276577e-06 
 5.80000000e-01  7.62310886e-06 
 5.90000000e-01  8.88310879e-06 
 6.00000000e-01  1.03356184e-05 
 6.10000000e-01  1.20054941e-05 
 6.20000000e-01  1.39194827e-05 
 6.30000000e-01  1.61060348e-05 
 6.40000000e-01  1.85950418e-05 
 6.50000000e-01  2.14174980e-05 
 6.60000000e-01  2.46050961e-05 
 6.70000000e-01  2.81897651e-05 
 6.80000000e-01  3.22031687e-05 
 6.90000000e-01  3.66761798e-05 
 7.00000000e-01  4.16383537e-05 
 7.10000000e-01  4.71174198e-05 
 7.20000000e-01  5.31388101e-05 
 7.30000000e-01  5.97252439e-05 
 7.40000000e-01  6.68963799e-05 
 7.50000000e-01  7.46685451e-05 
 7.60000000e-01  8.30545459e-05 
 7.70000000e-01  9.20635600e-05 
 7.80000000e-01  1.01701106e-04 
 7.90000000e-01  1.11969081e-04 
 8.00000000e-01  1.22865857e-04 
 8.10000000e-01  1.34386428e-04 
 8.20000000e-01  1.46522582e-04 
 8.30000000e-01  1.59263101e-04 
 8.40000000e-01  1.72593968e-04 
 8.50000000e-01  1.86498570e-04 
 8.60000000e-01  2.00957896e-04 
 8.70000000e-01  2.15950711e-04 
 8.80000000e-01  2.31453727e-04 
 8.90000000e-01  2.47441749e-04 
 9.00000000e-01  2.63887822e-04 
 9.10000000e-01  2.80763376e-04 
 9.20000000e-01  2.98038399e-04 
 9.30000000e-01  3.15681634e-04 
 9.40000000e-01  3.33660835e-04 
 9.50000000e-01  3.51943078e-04 
 9.60000000e-01  3.70495130e-04 
 9.70000000e-01  3.89283876e-04 
 9.80000000e-01  4.08276770e-04 
 9.90000000e-01  4.27442292e-04 
 1.00000000e+00  4.46750371e-04 
 1.01000000e+00  4.66172744e-04 
 1.02000000e+00  4.85683235e-04 
 1.03000000e+00  5.05257930e-04 
 1.04000000e+00  5.24875260e-04 
 1.05000000e+00  5.44515994e-04 
 1.06000000e+00  5.64163159e-04 
 1.07000000e+00  5.83801913e-04 
 1.08000000e+00  6.03419375e-04 
 1.09000000e+00  6.23004447e-04 
 1.10000000e+00  6.42547621e-04 
 1.11000000e+00  6.62040797e-04 
 1.12000000e+00  6.81477110e-04 
 1.13000000e+00  7.00850767e-04 
 1.14000000e+00  7.20156907e-04 
 1.15000000e+00  7.39391468e-04 
 1.16000000e+00  7.58551080e-04 
 1.17000000e+00  7.77632961e-04 
 1.18000000e+00  7.96634836e-04 
 1.19000000e+00  8.15554862e-04 
 1.20000000e+00  8.34391566e-04 
 1.21000000e+00  8.53143789e-04 
 1.22000000e+00  8.71810641e-04 
 1.23000000e+00  8.90391463e-04 
 1.24000000e+00  9.08885788e-04 
 1.25000000e+00  9.27293318e-04 
 1.26000000e+00  9.45613894e-04 
 1.27000000e+00  9.63847480e-04 
 1.28000000e+00  9.81994140e-04 
 1.29000000e+00  1.00005402e-03 
 1.30000000e+00  1.01802736e-03 
 1.31000000e+00  1.03591443e-03 
 1.32000000e+00  1.05371558e-03 
 1.33000000e+00  1.07143119e-03 
 1.34000000e+00  1.08906167e-03 
 1.35000000e+00  1.10660749e-03 
 1.36000000e+00  1.12406911e-03 
 1.37000000e+00  1.14144704e-03 
 1.38000000e+00  1.15874179e-03 
 1.39000000e+00  1.17595388e-03 
 1.40000000e+00  1.19308387e-03 
 1.41000000e+00  1.21013230e-03 
 1.42000000e+00  1.22709973e-03 
 1.43000000e+00  1.24398671e-03 
 1.44000000e+00  1.26079383e-03 
 1.45000000e+00  1.27752163e-03 
 1.46000000e+00  1.29417071e-03 
 1.47000000e+00  1.31074162e-03 
 1.48000000e+00  1.32723494e-03 
 1.49000000e+00  1.34365124e-03 
 1.50000000e+00  1.35999109e-03 
 1.51000000e+00  1.37625505e-03 
 1.52000000e+00  1.39244369e-03 
 1.53000000e+00  1.40855758e-03 
 1.54000000e+00  1.42459727e-03 
 1.55000000e+00  1.44056332e-03 
 1.56000000e+00  1.45645629e-03 
 1.57000000e+00  1.47227673e-03 
 1.58000000e+00  1.48802519e-03 
 1.59000000e+00  1.50370220e-03 
 1.60000000e+00  1.51930831e-03 
 1.61000000e+00  1.53484407e-03 
 1.62000000e+00  1.55030999e-03 
 1.63000000e+00  1.56570662e-03 
 1.64000000e+00  1.58103448e-03 
 1.65000000e+00  1.59629410e-03 
 1.66000000e+00  1.61148598e-03 
 1.67000000e+00  1.62661065e-03 
 1.68000000e+00  1.64166863e-03 
 1.69000000e+00  1.65666040e-03 
 1.70000000e+00  1.67158650e-03 
 1.71000000e+00  1.68644740e-03 
 1.72000000e+00  1.70124362e-03 
 1.73000000e+00  1.71597563e-03 
 1.74000000e+00  1.73064395e-03 
 1.75000000e+00  1.74524904e-03 
 1.76000000e+00  1.75979139e-03 
 1.77000000e+00  1.77427148e-03 
 1.78000000e+00  1.78868979e-03 
 1.79000000e+00  1.80304679e-03 
 1.80000000e+00  1.81734294e-03 
 1.81000000e+00  1.83157871e-03 
 1.82000000e+00  1.84575456e-03 
 1.83000000e+00  1.85987096e-03 
 1.84000000e+00  1.87392834e-03 
 1.85000000e+00  1.88792716e-03 
 1.86000000e+00  1.90186788e-03 
 1.87000000e+00  1.91575092e-03 
 1.88000000e+00  1.92957674e-03 
 1.89000000e+00  1.94334576e-03 
 1.90000000e+00  1.95705843e-03 
 1.91000000e+00  1.97071517e-03 
 1.92000000e+00  1.98431640e-03 
 1.93000000e+00  1.99786255e-03 
 1.94000000e+00  2.01135404e-03 
 1.95000000e+00  2.02479129e-03 
 1.96000000e+00  2.03817470e-03 
 1.97000000e+00  2.05150469e-03 
 1.98000000e+00  2.06478166e-03 
 1.99000000e+00  2.07800601e-03 
 2.00000000e+00  2.09117815e-03 
 2.01000000e+00  2.10429847e-03 
 2.02000000e+00  2.11736736e-03 
 2.03000000e+00  2.13038522e-03 
 2.04000000e+00  2.14335242e-03 
 2.05000000e+00  2.15626936e-03 
 2.06000000e+00  2.16913640e-03 
 2.07000000e+00  2.18195394e-03 
 2.08000000e+00  2.19472234e-03 
 2.09000000e+00  2.20744198e-03 
 2.10000000e+00  2.22011321e-03 
 2.11000000e+00  2.23273642e-03 
 2.12000000e+00  2.24531195e-03 
 2.13000000e+00  2.25784016e-03 
 2.14000000e+00  2.27032142e-03 
 2.15000000e+00  2.28275607e-03 
 2.16000000e+00  2.29514447e-03 
 2.17000000e+00  2.30748696e-03 
 2.18000000e+00  2.31978388e-03 
 2.19000000e+00  2.33203557e-03 
 2.20000000e+00  2.34424238e-03 
 2.21000000e+00  2.35640464e-03 
 2.22000000e+00  2.36852268e-03 
 2.23000000e+00  2.38059683e-03 
 2.24000000e+00  2.39262742e-03 
 2.25000000e+00  2.40461476e-03 
 2.26000000e+00  2.41655919e-03 
 2.27000000e+00  2.42846102e-03 
 2.28000000e+00  2.44032057e-03 
 2.29000000e+00  2.45213815e-03 
 2.30000000e+00  2.46391406e-03 
 2.31000000e+00  2.47564863e-03 
 2.32000000e+00  2.48734215e-03 
 2.33000000e+00  2.49899492e-03 
 2.34000000e+00  2.51060725e-03 
 2.35000000e+00  2.52217944e-03 
 2.36000000e+00  2.53371177e-03 
 2.37000000e+00  2.54520454e-03 
 2.38000000e+00  2.55665805e-03 
 2.39000000e+00  2.56807258e-03 
 2.40000000e+00  2.57944841e-03 
 2.41000000e+00  2.59078582e-03 
 2.42000000e+00  2.60208511e-03 
 2.43000000e+00  2.61334654e-03 
 2.44000000e+00  2.62457039e-03 
 2.45000000e+00  2.63575694e-03 
 2.46000000e+00  2.64690645e-03 
 2.47000000e+00  2.65801920e-03 
 2.48000000e+00  2.66909545e-03 
 2.49000000e+00  2.68013546e-03 
 2.50000000e+00  2.69113951e-03 
 2.51000000e+00  2.70210784e-03 
 2.52000000e+00  2.71304071e-03 
 2.53000000e+00  2.72393839e-03 
 2.54000000e+00  2.73480112e-03 
 2.55000000e+00  2.74562916e-03 
 2.56000000e+00  2.75642275e-03 
 2.57000000e+00  2.76718214e-03 
 2.58000000e+00  2.77790758e-03 
 2.59000000e+00  2.78859931e-03 
 2.60000000e+00  2.79925757e-03 
 2.61000000e+00  2.80988260e-03 
 2.62000000e+00  2.82047464e-03 
 2.63000000e+00  2.83103392e-03 
 2.64000000e+00  2.84156068e-03 
 2.65000000e+00  2.85205514e-03 
 2.66000000e+00  2.86251753e-03 
 2.67000000e+00  2.87294810e-03 
 2.68000000e+00  2.88334704e-03 
 2.69000000e+00  2.89371460e-03 
 2.70000000e+00  2.90405100e-03 
 2.71000000e+00  2.91435645e-03 
 2.72000000e+00  2.92463117e-03 
 2.73000000e+00  2.93487538e-03 
 2.74000000e+00  2.94508929e-03 
 2.75000000e+00  2.95527312e-03 
 2.76000000e+00  2.96542708e-03 
 2.77000000e+00  2.97555137e-03 
 2.78000000e+00  2.98564621e-03 
 2.79000000e+00  2.99571179e-03 
 2.80000000e+00  3.00574834e-03 
 2.81000000e+00  3.01575604e-03 
 2.82000000e+00  3.02573510e-03 
 2.83000000e+00  3.03568571e-03 
 2.84000000e+00  3.04560809e-03 
 2.85000000e+00  3.05550241e-03 
 2.86000000e+00  3.06536888e-03 
 2.87000000e+00  3.07520770e-03 
 2.88000000e+00  3.08501904e-03 
 2.89000000e+00  3.09480311e-03 
 2.90000000e+00  3.10456009e-03 
 2.91000000e+00  3.11429016e-03 
 2.92000000e+00  3.12399352e-03 
 2.93000000e+00  3.13367034e-03 
 2.94000000e+00  3.14332082e-03 
 2.95000000e+00  3.15294513e-03 
 2.96000000e+00  3.16254344e-03 
 2.97000000e+00  3.17211595e-03 
 2.98000000e+00  3.18166282e-03 
 2.99000000e+00  3.19118424e-03 
 3.00000000e+00  3.20068037e-03 
 3.01000000e+00  3.21015139e-03 
 3.02000000e+00  3.21959747e-03 
 3.03000000e+00  3.22901878e-03 
 3.04000000e+00  3.23841549e-03 
 3.05000000e+00  3.24778777e-03 
 3.06000000e+00  3.25713578e-03 
 3.07000000e+00  3.26645969e-03 
 3.08000000e+00  3.27575966e-03 
 3.09000000e+00  3.28503585e-03 
 3.10000000e+00  3.29428843e-03 
 3.11000000e+00  3.30351756e-03 
 3.12000000e+00  3.31272339e-03 
 3.13000000e+00  3.32190608e-03 
 3.14000000e+00  3.33106579e-03 
 3.15000000e+00  3.34020267e-03 
 3.16000000e+00  3.34931688e-03 
 3.17000000e+00  3.35840857e-03 
 3.18000000e+00  3.36747789e-03 
 3.19000000e+00  3.37652499e-03 
 3.20000000e+00  3.38555002e-03 
 3.21000000e+00  3.39455313e-03 
 3.22000000e+00  3.40353446e-03 
 3.23000000e+00  3.41249417e-03 
 3.24000000e+00  3.42143240e-03 
 3.25000000e+00  3.43034928e-03 
 3.26000000e+00  3.43924497e-03 
 3.27000000e+00  3.44811961e-03 
 3.28000000e+00  3.45697333e-03 
 3.29000000e+00  3.46580627e-03 
 3.30000000e+00  3.47461858e-03 
