 3.00000000e-01  4.56557443e-05 
 3.10000000e-01  4.85806089e-05 
 3.20000000e-01  5.16485977e-05 
 3.30000000e-01  5.47472480e-05 
 3.40000000e-01  5.79097071e-05 
 3.50000000e-01  6.11329256e-05 
 3.60000000e-01  6.44140215e-05 
 3.70000000e-01  6.77502793e-05 
 3.80000000e-01  7.11391460e-05 
 3.90000000e-01  7.45782257e-05 
 4.00000000e-01  7.80652728e-05 
 4.10000000e-01  8.15981841e-05 
 4.20000000e-01  8.51749911e-05 
 4.30000000e-01  8.87938513e-05 
 4.40000000e-01  9.24530399e-05 
 4.50000000e-01  9.61509415e-05 
 4.60000000e-01  9.98860425e-05 
 4.70000000e-01  1.03656923e-04 
 4.80000000e-01  1.07462251e-04 
 4.90000000e-01  1.11300772e-04 
 5.00000000e-01  1.15171309e-04 
 5.10000000e-01  1.19072751e-04 
 5.20000000e-01  1.23004049e-04 
 5.30000000e-01  1.26964213e-04 
 5.40000000e-01  1.30952307e-04 
 5.50000000e-01  1.34967443e-04 
 5.60000000e-01  1.39008779e-04 
 5.70000000e-01  1.43075514e-04 
 5.80000000e-01  1.47166887e-04 
 5.90000000e-01  1.51282174e-04 
 6.00000000e-01  1.55420683e-04 
 6.10000000e-01  1.59581752e-04 
 6.20000000e-01  1.63764752e-04 
 6.30000000e-01  1.67969078e-04 
 6.40000000e-01  1.72194150e-04 
 6.50000000e-01  1.76439414e-04 
 6.60000000e-01  1.80704338e-04 
 6.70000000e-01  1.84988409e-04 
 6.80000000e-01  1.89291137e-04 
 6.90000000e-01  1.93612046e-04 
 7.00000000e-01  1.97950683e-04 
 7.10000000e-01  2.02306607e-04 
 7.20000000e-01  2.06679397e-04 
 7.30000000e-01  2.11068644e-04 
 7.40000000e-01  2.15473954e-04 
 7.50000000e-01  2.19894947e-04 
 7.60000000e-01  2.24331257e-04 
 7.70000000e-01  2.28782528e-04 
 7.80000000e-01  2.33248418e-04 
 7.90000000e-01  2.37728594e-04 
 8.00000000e-01  2.42222737e-04 
 8.10000000e-01  2.46730535e-04 
 8.20000000e-01  2.51251689e-04 
 8.30000000e-01  2.55785907e-04 
 8.40000000e-01  2.60332908e-04 
 8.50000000e-01  2.64892419e-04 
 8.60000000e-01  2.69464174e-04 
 8.70000000e-01  2.74047919e-04 
 8.80000000e-01  2.78643404e-04 
 8.90000000e-01  2.83250388e-04 
 9.00000000e-01  2.87868637e-04 
 9.10000000e-01  2.92497925e-04 
 9.20000000e-01  2.97138032e-04 
 9.30000000e-01  3.01788743e-04 
 9.40000000e-01  3.06449853e-04 
 9.50000000e-01  3.11121158e-04 
 9.60000000e-01  3.15802465e-04 
 9.70000000e-01  3.20493583e-04 
 9.80000000e-01  3.25194328e-04 
 9.90000000e-01  3.29904520e-04 
 1.00000000e+00  3.34623986e-04 
 1.01000000e+00  3.39352556e-04 
 1.02000000e+00  3.44090066e-04 
 1.03000000e+00  3.48836355e-04 
 1.04000000e+00  3.53591270e-04 
 1.05000000e+00  3.58354657e-04 
 1.06000000e+00  3.63126371e-04 
 1.07000000e+00  3.67906267e-04 
 1.08000000e+00  3.72694207e-04 
 1.09000000e+00  3.77490055e-04 
 1.10000000e+00  3.82293680e-04 
 1.11000000e+00  3.87104952e-04 
 1.12000000e+00  3.91923747e-04 
 1.13000000e+00  3.96749943e-04 
 1.14000000e+00  4.01583421e-04 
 1.15000000e+00  4.06424067e-04 
 1.16000000e+00  4.11271766e-04 
 1.17000000e+00  4.16126410e-04 
 1.18000000e+00  4.20987892e-04 
 1.19000000e+00  4.25856107e-04 
 1.20000000e+00  4.30730955e-04 
 1.21000000e+00  4.35612335e-04 
 1.22000000e+00  4.40500151e-04 
 1.23000000e+00  4.45394310e-04 
 1.24000000e+00  4.50294718e-04 
 1.25000000e+00  4.55201288e-04 
 1.26000000e+00  4.60113930e-04 
 1.27000000e+00  4.65032560e-04 
 1.28000000e+00  4.69957094e-04 
 1.29000000e+00  4.74887452e-04 
 1.30000000e+00  4.79823553e-04 
 1.31000000e+00  4.84765320e-04 
 1.32000000e+00  4.89712677e-04 
 1.33000000e+00  4.94665551e-04 
 1.34000000e+00  4.99623868e-04 
 1.35000000e+00  5.04587559e-04 
 1.36000000e+00  5.09556555e-04 
 1.37000000e+00  5.14530787e-04 
 1.38000000e+00  5.19510190e-04 
 1.39000000e+00  5.24494700e-04 
 1.40000000e+00  5.29484254e-04 
 1.41000000e+00  5.34478789e-04 
 1.42000000e+00  5.39478246e-04 
 1.43000000e+00  5.44482566e-04 
 1.44000000e+00  5.49491691e-04 
 1.45000000e+00  5.54505565e-04 
 1.46000000e+00  5.59524132e-04 
 1.47000000e+00  5.64547338e-04 
 1.48000000e+00  5.69575131e-04 
 1.49000000e+00  5.74607459e-04 
 1.50000000e+00  5.79644270e-04 
 1.51000000e+00  5.84685517e-04 
 1.52000000e+00  5.89731149e-04 
 1.53000000e+00  5.94781119e-04 
 1.54000000e+00  5.99835380e-04 
 1.55000000e+00  6.04893888e-04 
 1.56000000e+00  6.09956597e-04 
 1.57000000e+00  6.15023463e-04 
 1.58000000e+00  6.20094443e-04 
 1.59000000e+00  6.25169496e-04 
 1.60000000e+00  6.30248579e-04 
 1.61000000e+00  6.35331653e-04 
 1.62000000e+00  6.40418677e-04 
 1.63000000e+00  6.45509614e-04 
 1.64000000e+00  6.50604423e-04 
 1.65000000e+00  6.55703069e-04 
 1.66000000e+00  6.60805514e-04 
 1.67000000e+00  6.65911722e-04 
 1.68000000e+00  6.71021659e-04 
 1.69000000e+00  6.76135288e-04 
 1.70000000e+00  6.81252577e-04 
 1.71000000e+00  6.86373491e-04 
 1.72000000e+00  6.91497998e-04 
 1.73000000e+00  6.96626066e-04 
 1.74000000e+00  7.01757663e-04 
 1.75000000e+00  7.06892758e-04 
 1.76000000e+00  7.12031320e-04 
 1.77000000e+00  7.17173319e-04 
 1.78000000e+00  7.22318727e-04 
 1.79000000e+00  7.27467514e-04 
 1.80000000e+00  7.32619652e-04 
 1.81000000e+00  7.37775112e-04 
 1.82000000e+00  7.42933868e-04 
 1.83000000e+00  7.48095892e-04 
 1.84000000e+00  7.53261158e-04 
 1.85000000e+00  7.58429640e-04 
 1.86000000e+00  7.63601312e-04 
 1.87000000e+00  7.68776149e-04 
 1.88000000e+00  7.73954126e-04 
 1.89000000e+00  7.79135219e-04 
 1.90000000e+00  7.84319405e-04 
 1.91000000e+00  7.89506659e-04 
 1.92000000e+00  7.94696958e-04 
 1.93000000e+00  7.99890279e-04 
 1.94000000e+00  8.05086601e-04 
 1.95000000e+00  8.10285900e-04 
 1.96000000e+00  8.15488156e-04 
 1.97000000e+00  8.20693346e-04 
 1.98000000e+00  8.25901451e-04 
 1.99000000e+00  8.31112449e-04 
 2.00000000e+00  8.36326319e-04 
 2.01000000e+00  8.41543042e-04 
 2.02000000e+00  8.46762599e-04 
 2.03000000e+00  8.51984968e-04 
 2.04000000e+00  8.57210132e-04 
 2.05000000e+00  8.62438072e-04 
 2.06000000e+00  8.67668769e-04 
 2.07000000e+00  8.72902204e-04 
 2.08000000e+00  8.78138359e-04 
 2.09000000e+00  8.83377218e-04 
 2.10000000e+00  8.88618762e-04 
 2.11000000e+00  8.93862974e-04 
 2.12000000e+00  8.99109837e-04 
 2.13000000e+00  9.04359335e-04 
 2.14000000e+00  9.09611450e-04 
 2.15000000e+00  9.14866167e-04 
 2.16000000e+00  9.20123469e-04 
 2.17000000e+00  9.25383342e-04 
 2.18000000e+00  9.30645768e-04 
 2.19000000e+00  9.35910733e-04 
 2.20000000e+00  9.41178222e-04 
 2.21000000e+00  9.46448220e-04 
 2.22000000e+00  9.51720711e-04 
 2.23000000e+00  9.56995682e-04 
 2.24000000e+00  9.62273118e-04 
 2.25000000e+00  9.67553005e-04 
 2.26000000e+00  9.72835329e-04 
 2.27000000e+00  9.78120076e-04 
 2.28000000e+00  9.83407233e-04 
 2.29000000e+00  9.88696787e-04 
 2.30000000e+00  9.93988723e-04 
 2.31000000e+00  9.99283029e-04 
 2.32000000e+00  1.00457969e-03 
 2.33000000e+00  1.00987870e-03 
 2.34000000e+00  1.01518004e-03 
 2.35000000e+00  1.02048370e-03 
 2.36000000e+00  1.02578967e-03 
 2.37000000e+00  1.03109793e-03 
 2.38000000e+00  1.03640847e-03 
 2.39000000e+00  1.04172129e-03 
 2.40000000e+00  1.04703637e-03 
 2.41000000e+00  1.05235369e-03 
 2.42000000e+00  1.05767325e-03 
 2.43000000e+00  1.06299504e-03 
 2.44000000e+00  1.06831905e-03 
 2.45000000e+00  1.07364525e-03 
 2.46000000e+00  1.07897365e-03 
 2.47000000e+00  1.08430424e-03 
 2.48000000e+00  1.08963699e-03 
 2.49000000e+00  1.09497191e-03 
 2.50000000e+00  1.10030897e-03 
 2.51000000e+00  1.10564818e-03 
 2.52000000e+00  1.11098952e-03 
 2.53000000e+00  1.11633299e-03 
 2.54000000e+00  1.12167856e-03 
 2.55000000e+00  1.12702623e-03 
 2.56000000e+00  1.13237600e-03 
 2.57000000e+00  1.13772785e-03 
 2.58000000e+00  1.14308177e-03 
 2.59000000e+00  1.14843776e-03 
 2.60000000e+00  1.15379580e-03 
 2.61000000e+00  1.15915589e-03 
 2.62000000e+00  1.16451801e-03 
 2.63000000e+00  1.16988217e-03 
 2.64000000e+00  1.17524834e-03 
 2.65000000e+00  1.18061652e-03 
 2.66000000e+00  1.18598671e-03 
 2.67000000e+00  1.19135889e-03 
 2.68000000e+00  1.19673305e-03 
 2.69000000e+00  1.20210919e-03 
 2.70000000e+00  1.20748730e-03 
 2.71000000e+00  1.21286737e-03 
 2.72000000e+00  1.21824940e-03 
 2.73000000e+00  1.22363337e-03 
 2.74000000e+00  1.22901928e-03 
 2.75000000e+00  1.23440711e-03 
 2.76000000e+00  1.23979687e-03 
 2.77000000e+00  1.24518854e-03 
 2.78000000e+00  1.25058212e-03 
 2.79000000e+00  1.25597760e-03 
 2.80000000e+00  1.26137496e-03 
 2.81000000e+00  1.26677422e-03 
 2.82000000e+00  1.27217535e-03 
 2.83000000e+00  1.27757835e-03 
 2.84000000e+00  1.28298321e-03 
 2.85000000e+00  1.28838993e-03 
 2.86000000e+00  1.29379850e-03 
 2.87000000e+00  1.29920891e-03 
 2.88000000e+00  1.30462116e-03 
 2.89000000e+00  1.31003524e-03 
 2.90000000e+00  1.31545113e-03 
 2.91000000e+00  1.32086885e-03 
 2.92000000e+00  1.32628837e-03 
 2.93000000e+00  1.33170970e-03 
 2.94000000e+00  1.33713282e-03 
 2.95000000e+00  1.34255773e-03 
 2.96000000e+00  1.34798442e-03 
 2.97000000e+00  1.35341289e-03 
 2.98000000e+00  1.35884314e-03 
 2.99000000e+00  1.36427514e-03 
 3.00000000e+00  1.36970891e-03 
 3.01000000e+00  1.37514443e-03 
 3.02000000e+00  1.38058170e-03 
 3.03000000e+00  1.38602071e-03 
 3.04000000e+00  1.39146145e-03 
 3.05000000e+00  1.39690392e-03 
 3.06000000e+00  1.40234812e-03 
 3.07000000e+00  1.40779404e-03 
 3.08000000e+00  1.41324167e-03 
 3.09000000e+00  1.41869100e-03 
 3.10000000e+00  1.42414204e-03 
 3.11000000e+00  1.42959477e-03 
 3.12000000e+00  1.43504920e-03 
 3.13000000e+00  1.44050531e-03 
 3.14000000e+00  1.44596309e-03 
 3.15000000e+00  1.45142256e-03 
 3.16000000e+00  1.45688369e-03 
 3.17000000e+00  1.46234649e-03 
 3.18000000e+00  1.46781095e-03 
 3.19000000e+00  1.47327706e-03 
 3.20000000e+00  1.47874482e-03 
 3.21000000e+00  1.48421422e-03 
 3.22000000e+00  1.48968527e-03 
 3.23000000e+00  1.49515795e-03 
 3.24000000e+00  1.50063225e-03 
 3.25000000e+00  1.50610818e-03 
 3.26000000e+00  1.51158574e-03 
 3.27000000e+00  1.51706490e-03 
 3.28000000e+00  1.52254568e-03 
 3.29000000e+00  1.52802806e-03 
 3.30000000e+00  1.53351205e-03 
