 3.00000000e-01  4.33626016e-11 
 3.10000000e-01  5.39047914e-11 
 3.20000000e-01  6.71053424e-11 
 3.30000000e-01  8.36004953e-11 
 3.40000000e-01  1.04167741e-10 
 3.50000000e-01  1.29754178e-10 
 3.60000000e-01  1.61510008e-10 
 3.70000000e-01  2.00828116e-10 
 3.80000000e-01  2.49390874e-10 
 3.90000000e-01  3.09225595e-10 
 4.00000000e-01  3.82770277e-10 
 4.10000000e-01  4.72951566e-10 
 4.20000000e-01  5.83276960e-10 
 4.30000000e-01  7.17943276e-10 
 4.40000000e-01  8.81963026e-10 
 4.50000000e-01  1.08130959e-09 
 4.60000000e-01  1.32308083e-09 
 4.70000000e-01  1.61567876e-09 
 4.80000000e-01  1.96900083e-09 
 4.90000000e-01  2.39463511e-09 
 5.00000000e-01  2.90604913e-09 
 5.10000000e-01  3.51875915e-09 
 5.20000000e-01  4.25046472e-09 
 5.30000000e-01  5.12113239e-09 
 5.40000000e-01  6.15301296e-09 
 5.50000000e-01  7.37057899e-09 
 5.60000000e-01  8.80037346e-09 
 5.70000000e-01  1.04707659e-08 
 5.80000000e-01  1.24116194e-08 
 5.90000000e-01  1.46538782e-08 
 6.00000000e-01  1.72290934e-08 
 6.10000000e-01  2.01689097e-08 
 6.20000000e-01  2.35045369e-08 
 6.30000000e-01  2.72662366e-08 
 6.40000000e-01  3.14828462e-08 
 6.50000000e-01  3.61813653e-08 
 6.60000000e-01  4.13866191e-08 
 6.70000000e-01  4.71210105e-08 
 6.80000000e-01  5.34043638e-08 
 6.90000000e-01  6.02538587e-08 
 7.00000000e-01  6.76840459e-08 
 7.10000000e-01  7.57069346e-08 
 7.20000000e-01  8.43321367e-08 
 7.30000000e-01  9.35670553e-08 
 7.40000000e-01  1.03417101e-07 
 7.50000000e-01  1.13885927e-07 
 7.60000000e-01  1.24975662e-07 
 7.70000000e-01  1.36687151e-07 
 7.80000000e-01  1.49020170e-07 
 7.90000000e-01  1.61973637e-07 
 8.00000000e-01  1.75545796e-07 
 8.10000000e-01  1.89734379e-07 
 8.20000000e-01  2.04536752e-07 
 8.30000000e-01  2.19950036e-07 
 8.40000000e-01  2.35971205e-07 
 8.50000000e-01  2.52597176e-07 
 8.60000000e-01  2.69824866e-07 
 8.70000000e-01  2.87651251e-07 
 8.80000000e-01  3.06073402e-07 
 8.90000000e-01  3.25088516e-07 
 9.00000000e-01  3.44693931e-07 
 9.10000000e-01  3.64887142e-07 
 9.20000000e-01  3.85665807e-07 
 9.30000000e-01  4.07027744e-07 
 9.40000000e-01  4.28970935e-07 
 9.50000000e-01  4.51493518e-07 
 9.60000000e-01  4.74593778e-07 
 9.70000000e-01  4.98270143e-07 
 9.80000000e-01  5.22521171e-07 
 9.90000000e-01  5.47345542e-07 
 1.00000000e+00  5.72742048e-07 
 1.01000000e+00  5.98709580e-07 
 1.02000000e+00  6.25247125e-07 
 1.03000000e+00  6.52353749e-07 
 1.04000000e+00  6.80028594e-07 
 1.05000000e+00  7.08270866e-07 
 1.06000000e+00  7.37079830e-07 
 1.07000000e+00  7.66454801e-07 
 1.08000000e+00  7.96395137e-07 
 1.09000000e+00  8.26900235e-07 
 1.10000000e+00  8.57969525e-07 
 1.11000000e+00  8.89602463e-07 
 1.12000000e+00  9.21798531e-07 
 1.13000000e+00  9.54557227e-07 
 1.14000000e+00  9.87878067e-07 
 1.15000000e+00  1.02176058e-06 
 1.16000000e+00  1.05620430e-06 
 1.17000000e+00  1.09120878e-06 
 1.18000000e+00  1.12677356e-06 
 1.19000000e+00  1.16289820e-06 
 1.20000000e+00  1.19958226e-06 
 1.21000000e+00  1.23682530e-06 
 1.22000000e+00  1.27462686e-06 
 1.23000000e+00  1.31298651e-06 
 1.24000000e+00  1.35190379e-06 
 1.25000000e+00  1.39137826e-06 
 1.26000000e+00  1.43140946e-06 
 1.27000000e+00  1.47199692e-06 
 1.28000000e+00  1.51314020e-06 
 1.29000000e+00  1.55483881e-06 
 1.30000000e+00  1.59709229e-06 
 1.31000000e+00  1.63990014e-06 
 1.32000000e+00  1.68326190e-06 
 1.33000000e+00  1.72717706e-06 
 1.34000000e+00  1.77164513e-06 
 1.35000000e+00  1.81666561e-06 
 1.36000000e+00  1.86223799e-06 
 1.37000000e+00  1.90836175e-06 
 1.38000000e+00  1.95503637e-06 
 1.39000000e+00  2.00226133e-06 
 1.40000000e+00  2.05003609e-06 
 1.41000000e+00  2.09836013e-06 
 1.42000000e+00  2.14723289e-06 
 1.43000000e+00  2.19665383e-06 
 1.44000000e+00  2.24662239e-06 
 1.45000000e+00  2.29713803e-06 
 1.46000000e+00  2.34820016e-06 
 1.47000000e+00  2.39980824e-06 
 1.48000000e+00  2.45196167e-06 
 1.49000000e+00  2.50465989e-06 
 1.50000000e+00  2.55790232e-06 
 1.51000000e+00  2.61168836e-06 
 1.52000000e+00  2.66601742e-06 
 1.53000000e+00  2.72088892e-06 
 1.54000000e+00  2.77630224e-06 
 1.55000000e+00  2.83225680e-06 
 1.56000000e+00  2.88875196e-06 
 1.57000000e+00  2.94578714e-06 
 1.58000000e+00  3.00336171e-06 
 1.59000000e+00  3.06147505e-06 
 1.60000000e+00  3.12012654e-06 
 1.61000000e+00  3.17931555e-06 
 1.62000000e+00  3.23904146e-06 
 1.63000000e+00  3.29930363e-06 
 1.64000000e+00  3.36010142e-06 
 1.65000000e+00  3.42143420e-06 
 1.66000000e+00  3.48330132e-06 
 1.67000000e+00  3.54570213e-06 
 1.68000000e+00  3.60863600e-06 
 1.69000000e+00  3.67210226e-06 
 1.70000000e+00  3.73610027e-06 
 1.71000000e+00  3.80062936e-06 
 1.72000000e+00  3.86568888e-06 
 1.73000000e+00  3.93127817e-06 
 1.74000000e+00  3.99739656e-06 
 1.75000000e+00  4.06404338e-06 
 1.76000000e+00  4.13121796e-06 
 1.77000000e+00  4.19891964e-06 
 1.78000000e+00  4.26714774e-06 
 1.79000000e+00  4.33590158e-06 
 1.80000000e+00  4.40518048e-06 
 1.81000000e+00  4.47498377e-06 
 1.82000000e+00  4.54531077e-06 
 1.83000000e+00  4.61616078e-06 
 1.84000000e+00  4.68753313e-06 
 1.85000000e+00  4.75942712e-06 
 1.86000000e+00  4.83184207e-06 
 1.87000000e+00  4.90477729e-06 
 1.88000000e+00  4.97823207e-06 
 1.89000000e+00  5.05220574e-06 
 1.90000000e+00  5.12669759e-06 
 1.91000000e+00  5.20170693e-06 
 1.92000000e+00  5.27723305e-06 
 1.93000000e+00  5.35327526e-06 
 1.94000000e+00  5.42983286e-06 
 1.95000000e+00  5.50690514e-06 
 1.96000000e+00  5.58449141e-06 
 1.97000000e+00  5.66259095e-06 
 1.98000000e+00  5.74120306e-06 
 1.99000000e+00  5.82032704e-06 
 2.00000000e+00  5.89996218e-06 
 2.01000000e+00  5.98010776e-06 
 2.02000000e+00  6.06076308e-06 
 2.03000000e+00  6.14192744e-06 
 2.04000000e+00  6.22360011e-06 
 2.05000000e+00  6.30578039e-06 
 2.06000000e+00  6.38846757e-06 
 2.07000000e+00  6.47166092e-06 
 2.08000000e+00  6.55535975e-06 
 2.09000000e+00  6.63956334e-06 
 2.10000000e+00  6.72427096e-06 
 2.11000000e+00  6.80948192e-06 
 2.12000000e+00  6.89519549e-06 
 2.13000000e+00  6.98141095e-06 
 2.14000000e+00  7.06812760e-06 
 2.15000000e+00  7.15534471e-06 
 2.16000000e+00  7.24306157e-06 
 2.17000000e+00  7.33127747e-06 
 2.18000000e+00  7.41999169e-06 
 2.19000000e+00  7.50920351e-06 
 2.20000000e+00  7.59891222e-06 
 2.21000000e+00  7.68911710e-06 
 2.22000000e+00  7.77981743e-06 
 2.23000000e+00  7.87101250e-06 
 2.24000000e+00  7.96270160e-06 
 2.25000000e+00  8.05488400e-06 
 2.26000000e+00  8.14755900e-06 
 2.27000000e+00  8.24072588e-06 
 2.28000000e+00  8.33438392e-06 
 2.29000000e+00  8.42853242e-06 
 2.30000000e+00  8.52317065e-06 
 2.31000000e+00  8.61829790e-06 
 2.32000000e+00  8.71391346e-06 
 2.33000000e+00  8.81001662e-06 
 2.34000000e+00  8.90660667e-06 
 2.35000000e+00  9.00368289e-06 
 2.36000000e+00  9.10124458e-06 
 2.37000000e+00  9.19929102e-06 
 2.38000000e+00  9.29782151e-06 
 2.39000000e+00  9.39683534e-06 
 2.40000000e+00  9.49633180e-06 
 2.41000000e+00  9.59631018e-06 
 2.42000000e+00  9.69676977e-06 
 2.43000000e+00  9.79770988e-06 
 2.44000000e+00  9.89912979e-06 
 2.45000000e+00  1.00010288e-05 
 2.46000000e+00  1.01034062e-05 
 2.47000000e+00  1.02062613e-05 
 2.48000000e+00  1.03095934e-05 
 2.49000000e+00  1.04134018e-05 
 2.50000000e+00  1.05176858e-05 
 2.51000000e+00  1.06224447e-05 
 2.52000000e+00  1.07276778e-05 
 2.53000000e+00  1.08333844e-05 
 2.54000000e+00  1.09395638e-05 
 2.55000000e+00  1.10462154e-05 
 2.56000000e+00  1.11533383e-05 
 2.57000000e+00  1.12609320e-05 
 2.58000000e+00  1.13689957e-05 
 2.59000000e+00  1.14775288e-05 
 2.60000000e+00  1.15865305e-05 
 2.61000000e+00  1.16960002e-05 
 2.62000000e+00  1.18059372e-05 
 2.63000000e+00  1.19163407e-05 
 2.64000000e+00  1.20272102e-05 
 2.65000000e+00  1.21385449e-05 
 2.66000000e+00  1.22503442e-05 
 2.67000000e+00  1.23626073e-05 
 2.68000000e+00  1.24753336e-05 
 2.69000000e+00  1.25885224e-05 
 2.70000000e+00  1.27021730e-05 
 2.71000000e+00  1.28162847e-05 
 2.72000000e+00  1.29308570e-05 
 2.73000000e+00  1.30458890e-05 
 2.74000000e+00  1.31613801e-05 
 2.75000000e+00  1.32773296e-05 
 2.76000000e+00  1.33937369e-05 
 2.77000000e+00  1.35106013e-05 
 2.78000000e+00  1.36279221e-05 
 2.79000000e+00  1.37456987e-05 
 2.80000000e+00  1.38639303e-05 
 2.81000000e+00  1.39826163e-05 
 2.82000000e+00  1.41017560e-05 
 2.83000000e+00  1.42213487e-05 
 2.84000000e+00  1.43413938e-05 
 2.85000000e+00  1.44618907e-05 
 2.86000000e+00  1.45828385e-05 
 2.87000000e+00  1.47042367e-05 
 2.88000000e+00  1.48260846e-05 
 2.89000000e+00  1.49483815e-05 
 2.90000000e+00  1.50711268e-05 
 2.91000000e+00  1.51943197e-05 
 2.92000000e+00  1.53179595e-05 
 2.93000000e+00  1.54420457e-05 
 2.94000000e+00  1.55665775e-05 
 2.95000000e+00  1.56915542e-05 
 2.96000000e+00  1.58169752e-05 
 2.97000000e+00  1.59428398e-05 
 2.98000000e+00  1.60691473e-05 
 2.99000000e+00  1.61958969e-05 
 3.00000000e+00  1.63230881e-05 
 3.01000000e+00  1.64507201e-05 
 3.02000000e+00  1.65787922e-05 
 3.03000000e+00  1.67073036e-05 
 3.04000000e+00  1.68362538e-05 
 3.05000000e+00  1.69656420e-05 
 3.06000000e+00  1.70954674e-05 
 3.07000000e+00  1.72257294e-05 
 3.08000000e+00  1.73564272e-05 
 3.09000000e+00  1.74875600e-05 
 3.10000000e+00  1.76191272e-05 
 3.11000000e+00  1.77511280e-05 
 3.12000000e+00  1.78835615e-05 
 3.13000000e+00  1.80164272e-05 
 3.14000000e+00  1.81497240e-05 
 3.15000000e+00  1.82834514e-05 
 3.16000000e+00  1.84176084e-05 
 3.17000000e+00  1.85521943e-05 
 3.18000000e+00  1.86872082e-05 
 3.19000000e+00  1.88226493e-05 
 3.20000000e+00  1.89585166e-05 
 3.21000000e+00  1.90948094e-05 
 3.22000000e+00  1.92315268e-05 
 3.23000000e+00  1.93686677e-05 
 3.24000000e+00  1.95062313e-05 
 3.25000000e+00  1.96442166e-05 
 3.26000000e+00  1.97826226e-05 
 3.27000000e+00  1.99214483e-05 
 3.28000000e+00  2.00606927e-05 
 3.29000000e+00  2.02003545e-05 
 3.30000000e+00  2.03404328e-05 
