 0.00000000e+00 -0.00000000e+00 
 1.00000000e-02  8.07984249e-06 
 2.00000000e-02  1.61193438e-05 
 3.00000000e-02  2.41184649e-05 
 4.00000000e-02  3.20771664e-05 
 5.00000000e-02  3.99954094e-05 
 6.00000000e-02  4.78731547e-05 
 7.00000000e-02  5.57103630e-05 
 8.00000000e-02  6.35069953e-05 
 9.00000000e-02  7.12630124e-05 
 1.00000000e-01  7.89783751e-05 
 1.10000000e-01  8.66530443e-05 
 1.20000000e-01  9.42869809e-05 
 1.30000000e-01  1.01880146e-04 
 1.40000000e-01  1.09432500e-04 
 1.50000000e-01  1.16944003e-04 
 1.60000000e-01  1.24414618e-04 
 1.70000000e-01  1.31844304e-04 
 1.80000000e-01  1.39233022e-04 
 1.90000000e-01  1.46580734e-04 
 2.00000000e-01  1.53887400e-04 
 2.10000000e-01  1.61152981e-04 
 2.20000000e-01  1.68377438e-04 
 2.30000000e-01  1.75560732e-04 
 2.40000000e-01  1.82702823e-04 
 2.50000000e-01  1.89803672e-04 
 2.60000000e-01  1.96863241e-04 
 2.70000000e-01  2.03881490e-04 
 2.80000000e-01  2.10858379e-04 
 2.90000000e-01  2.17793871e-04 
 3.00000000e-01  2.24687925e-04 
 3.10000000e-01  2.31540503e-04 
 3.20000000e-01  2.38351565e-04 
 3.30000000e-01  2.45121072e-04 
 3.40000000e-01  2.51848986e-04 
 3.50000000e-01  2.58535266e-04 
 3.60000000e-01  2.65179874e-04 
 3.70000000e-01  2.71782771e-04 
 3.80000000e-01  2.78343917e-04 
 3.90000000e-01  2.84863273e-04 
 4.00000000e-01  2.91340800e-04 
 4.10000000e-01  2.97776460e-04 
 4.20000000e-01  3.04170212e-04 
 4.30000000e-01  3.10522018e-04 
 4.40000000e-01  3.16831839e-04 
 4.50000000e-01  3.23099635e-04 
 4.60000000e-01  3.29325367e-04 
 4.70000000e-01  3.35508996e-04 
 4.80000000e-01  3.41650484e-04 
 4.90000000e-01  3.47749790e-04 
 5.00000000e-01  3.53806876e-04 
 5.10000000e-01  3.59821702e-04 
 5.20000000e-01  3.65794229e-04 
 5.30000000e-01  3.71724419e-04 
 5.40000000e-01  3.77612232e-04 
 5.50000000e-01  3.83457629e-04 
 5.60000000e-01  3.89260570e-04 
 5.70000000e-01  3.95021017e-04 
 5.80000000e-01  4.00738931e-04 
 5.90000000e-01  4.06414272e-04 
 6.00000000e-01  4.12047001e-04 
 6.10000000e-01  4.17637079e-04 
 6.20000000e-01  4.23184466e-04 
 6.30000000e-01  4.28689125e-04 
 6.40000000e-01  4.34151015e-04 
 6.50000000e-01  4.39570098e-04 
 6.60000000e-01  4.44946333e-04 
 6.70000000e-01  4.50279683e-04 
 6.80000000e-01  4.55570108e-04 
 6.90000000e-01  4.60817568e-04 
 7.00000000e-01  4.66022026e-04 
 7.10000000e-01  4.71183440e-04 
 7.20000000e-01  4.76301774e-04 
 7.30000000e-01  4.81376986e-04 
 7.40000000e-01  4.86409038e-04 
 7.50000000e-01  4.91397891e-04 
 7.60000000e-01  4.96343506e-04 
 7.70000000e-01  5.01245844e-04 
 7.80000000e-01  5.06104865e-04 
 7.90000000e-01  5.10920530e-04 
 8.00000000e-01  5.15692801e-04 
 8.10000000e-01  5.20421637e-04 
 8.20000000e-01  5.25107001e-04 
 8.30000000e-01  5.29748852e-04 
 8.40000000e-01  5.34347151e-04 
 8.50000000e-01  5.38901860e-04 
 8.60000000e-01  5.43412939e-04 
 8.70000000e-01  5.47880350e-04 
 8.80000000e-01  5.52304052e-04 
 8.90000000e-01  5.56684007e-04 
 9.00000000e-01  5.61020176e-04 
 9.10000000e-01  5.65312519e-04 
 9.20000000e-01  5.69560998e-04 
 9.30000000e-01  5.73765573e-04 
 9.40000000e-01  5.77926204e-04 
 9.50000000e-01  5.82042854e-04 
 9.60000000e-01  5.86115483e-04 
 9.70000000e-01  5.90144051e-04 
 9.80000000e-01  5.94128519e-04 
 9.90000000e-01  5.98068849e-04 
 1.00000000e+00  6.01965001e-04 
 1.01000000e+00  6.05816936e-04 
 1.02000000e+00  6.09624615e-04 
 1.03000000e+00  6.13387998e-04 
 1.04000000e+00  6.17107047e-04 
 1.05000000e+00  6.20781723e-04 
 1.06000000e+00  6.24411986e-04 
 1.07000000e+00  6.27997797e-04 
 1.08000000e+00  6.31539116e-04 
 1.09000000e+00  6.35035906e-04 
 1.10000000e+00  6.38488126e-04 
 1.11000000e+00  6.41895738e-04 
 1.12000000e+00  6.45258702e-04 
 1.13000000e+00  6.48576979e-04 
 1.14000000e+00  6.51850531e-04 
 1.15000000e+00  6.55079317e-04 
 1.16000000e+00  6.58263299e-04 
 1.17000000e+00  6.61402437e-04 
 1.18000000e+00  6.64496693e-04 
 1.19000000e+00  6.67546028e-04 
 1.20000000e+00  6.70550401e-04 
 1.21000000e+00  6.73509775e-04 
 1.22000000e+00  6.76424109e-04 
 1.23000000e+00  6.79293365e-04 
 1.24000000e+00  6.82117504e-04 
 1.25000000e+00  6.84896486e-04 
 1.26000000e+00  6.87630272e-04 
 1.27000000e+00  6.90318823e-04 
 1.28000000e+00  6.92962100e-04 
 1.29000000e+00  6.95560065e-04 
 1.30000000e+00  6.98112676e-04 
 1.31000000e+00  7.00619897e-04 
 1.32000000e+00  7.03081686e-04 
 1.33000000e+00  7.05498006e-04 
 1.34000000e+00  7.07868817e-04 
 1.35000000e+00  7.10194079e-04 
 1.36000000e+00  7.12473755e-04 
 1.37000000e+00  7.14707804e-04 
 1.38000000e+00  7.16896188e-04 
 1.39000000e+00  7.19038866e-04 
 1.40000000e+00  7.21135801e-04 
 1.41000000e+00  7.23186953e-04 
 1.42000000e+00  7.25192283e-04 
 1.43000000e+00  7.27151752e-04 
 1.44000000e+00  7.29065320e-04 
 1.45000000e+00  7.30932948e-04 
 1.46000000e+00  7.32754598e-04 
 1.47000000e+00  7.34530230e-04 
 1.48000000e+00  7.36259805e-04 
 1.49000000e+00  7.37943283e-04 
 1.50000000e+00  7.39580627e-04 
 1.51000000e+00  7.41171795e-04 
 1.52000000e+00  7.42716750e-04 
 1.53000000e+00  7.44215453e-04 
 1.54000000e+00  7.45667863e-04 
 1.55000000e+00  7.47073942e-04 
 1.56000000e+00  7.48433651e-04 
 1.57000000e+00  7.49746951e-04 
 1.58000000e+00  7.51013802e-04 
 1.59000000e+00  7.52234165e-04 
 1.60000000e+00  7.53408002e-04 
 1.61000000e+00  7.54535272e-04 
 1.62000000e+00  7.55615937e-04 
 1.63000000e+00  7.56649958e-04 
 1.64000000e+00  7.57637296e-04 
 1.65000000e+00  7.58577911e-04 
 1.66000000e+00  7.59471764e-04 
 1.67000000e+00  7.60318817e-04 
 1.68000000e+00  7.61119029e-04 
 1.69000000e+00  7.61872362e-04 
 1.70000000e+00  7.62578777e-04 
 1.71000000e+00  7.63238234e-04 
 1.72000000e+00  7.63850695e-04 
 1.73000000e+00  7.64416119e-04 
 1.74000000e+00  7.64934469e-04 
 1.75000000e+00  7.65405705e-04 
 1.76000000e+00  7.65829787e-04 
 1.77000000e+00  7.66206677e-04 
 1.78000000e+00  7.66536336e-04 
 1.79000000e+00  7.66818724e-04 
 1.80000000e+00  7.67053802e-04 
 1.81000000e+00  7.67265212e-04 
 1.82000000e+00  7.67476622e-04 
 1.83000000e+00  7.67688032e-04 
 1.84000000e+00  7.67899442e-04 
 1.85000000e+00  7.68110852e-04 
 1.86000000e+00  7.68322262e-04 
 1.87000000e+00  7.68533672e-04 
 1.88000000e+00  7.68745082e-04 
 1.89000000e+00  7.68956492e-04 
 1.90000000e+00  7.69167902e-04 
 1.91000000e+00  7.69379312e-04 
 1.92000000e+00  7.69590722e-04 
 1.93000000e+00  7.69802132e-04 
 1.94000000e+00  7.70013542e-04 
 1.95000000e+00  7.70224952e-04 
 1.96000000e+00  7.70436362e-04 
 1.97000000e+00  7.70647772e-04 
 1.98000000e+00  7.70859182e-04 
 1.99000000e+00  7.71070592e-04 
 2.00000000e+00  7.71282002e-04 
 2.01000000e+00  7.71493412e-04 
 2.02000000e+00  7.71704822e-04 
 2.03000000e+00  7.71916232e-04 
 2.04000000e+00  7.72127642e-04 
 2.05000000e+00  7.72339052e-04 
 2.06000000e+00  7.72550462e-04 
 2.07000000e+00  7.72761872e-04 
 2.08000000e+00  7.72973282e-04 
 2.09000000e+00  7.73184692e-04 
 2.10000000e+00  7.73396102e-04 
 2.11000000e+00  7.73607512e-04 
 2.12000000e+00  7.73818922e-04 
 2.13000000e+00  7.74030332e-04 
 2.14000000e+00  7.74241742e-04 
 2.15000000e+00  7.74453152e-04 
 2.16000000e+00  7.74664562e-04 
 2.17000000e+00  7.74875972e-04 
 2.18000000e+00  7.75087382e-04 
 2.19000000e+00  7.75298792e-04 
 2.20000000e+00  7.75510202e-04 
 2.21000000e+00  7.75721612e-04 
 2.22000000e+00  7.75933022e-04 
 2.23000000e+00  7.76144432e-04 
 2.24000000e+00  7.76355842e-04 
 2.25000000e+00  7.76567252e-04 
 2.26000000e+00  7.76778662e-04 
 2.27000000e+00  7.76990072e-04 
 2.28000000e+00  7.77201482e-04 
 2.29000000e+00  7.77412892e-04 
 2.30000000e+00  7.77624302e-04 
 2.31000000e+00  7.77835712e-04 
 2.32000000e+00  7.78047122e-04 
 2.33000000e+00  7.78258532e-04 
 2.34000000e+00  7.78469942e-04 
 2.35000000e+00  7.78681352e-04 
 2.36000000e+00  7.78892762e-04 
 2.37000000e+00  7.79104172e-04 
 2.38000000e+00  7.79315582e-04 
 2.39000000e+00  7.79526992e-04 
 2.40000000e+00  7.79738402e-04 
 2.41000000e+00  7.79949812e-04 
 2.42000000e+00  7.80161222e-04 
 2.43000000e+00  7.80372632e-04 
 2.44000000e+00  7.80584042e-04 
 2.45000000e+00  7.80795452e-04 
 2.46000000e+00  7.81006862e-04 
 2.47000000e+00  7.81218272e-04 
 2.48000000e+00  7.81429682e-04 
 2.49000000e+00  7.81641092e-04 
 2.50000000e+00  7.81852503e-04 
 2.51000000e+00  7.82063913e-04 
 2.52000000e+00  7.82275323e-04 
 2.53000000e+00  7.82486733e-04 
 2.54000000e+00  7.82698143e-04 
 2.55000000e+00  7.82909553e-04 
 2.56000000e+00  7.83120963e-04 
 2.57000000e+00  7.83332373e-04 
 2.58000000e+00  7.83543783e-04 
 2.59000000e+00  7.83755193e-04 
 2.60000000e+00  7.83966603e-04 
 2.61000000e+00  7.84178013e-04 
 2.62000000e+00  7.84389423e-04 
 2.63000000e+00  7.84600833e-04 
 2.64000000e+00  7.84812243e-04 
 2.65000000e+00  7.85023653e-04 
 2.66000000e+00  7.85235063e-04 
 2.67000000e+00  7.85446473e-04 
 2.68000000e+00  7.85657883e-04 
 2.69000000e+00  7.85869293e-04 
 2.70000000e+00  7.86080703e-04 
 2.71000000e+00  7.86292113e-04 
 2.72000000e+00  7.86503523e-04 
 2.73000000e+00  7.86714933e-04 
 2.74000000e+00  7.86926343e-04 
 2.75000000e+00  7.87137753e-04 
 2.76000000e+00  7.87349163e-04 
 2.77000000e+00  7.87560573e-04 
 2.78000000e+00  7.87771983e-04 
 2.79000000e+00  7.87983393e-04 
 2.80000000e+00  7.88194803e-04 
 2.81000000e+00  7.88406213e-04 
 2.82000000e+00  7.88617623e-04 
 2.83000000e+00  7.88829033e-04 
 2.84000000e+00  7.89040443e-04 
 2.85000000e+00  7.89251853e-04 
 2.86000000e+00  7.89463263e-04 
 2.87000000e+00  7.89674673e-04 
 2.88000000e+00  7.89886083e-04 
 2.89000000e+00  7.90097493e-04 
 2.90000000e+00  7.90308903e-04 
 2.91000000e+00  7.90520313e-04 
 2.92000000e+00  7.90731723e-04 
 2.93000000e+00  7.90943133e-04 
 2.94000000e+00  7.91154543e-04 
 2.95000000e+00  7.91365953e-04 
 2.96000000e+00  7.91577363e-04 
 2.97000000e+00  7.91788773e-04 
 2.98000000e+00  7.92000183e-04 
 2.99000000e+00  7.92211593e-04 
 3.00000000e+00  7.92423003e-04 
 3.01000000e+00  7.92634413e-04 
 3.02000000e+00  7.92845823e-04 
 3.03000000e+00  7.93057233e-04 
 3.04000000e+00  7.93268643e-04 
 3.05000000e+00  7.93480053e-04 
 3.06000000e+00  7.93691463e-04 
 3.07000000e+00  7.93902873e-04 
 3.08000000e+00  7.94114283e-04 
 3.09000000e+00  7.94325693e-04 
 3.10000000e+00  7.94537103e-04 
 3.11000000e+00  7.94748513e-04 
 3.12000000e+00  7.94959923e-04 
 3.13000000e+00  7.95171333e-04 
 3.14000000e+00  7.95382743e-04 
 3.15000000e+00  7.95594153e-04 
 3.16000000e+00  7.95805563e-04 
 3.17000000e+00  7.96016973e-04 
 3.18000000e+00  7.96228383e-04 
 3.19000000e+00  7.96439793e-04 
 3.20000000e+00  7.96651203e-04 
 3.21000000e+00  7.96862613e-04 
 3.22000000e+00  7.97074023e-04 
 3.23000000e+00  7.97285433e-04 
 3.24000000e+00  7.97496843e-04 
 3.25000000e+00  7.97708253e-04 
 3.26000000e+00  7.97919663e-04 
 3.27000000e+00  7.98131073e-04 
 3.28000000e+00  7.98342483e-04 
 3.29000000e+00  7.98553893e-04 
 3.30000000e+00  7.98765303e-04 
 3.31000000e+00  7.98976713e-04 
 3.32000000e+00  7.99188123e-04 
 3.33000000e+00  7.99399533e-04 
 3.34000000e+00  7.99610943e-04 
 3.35000000e+00  7.99822353e-04 
 3.36000000e+00  8.00033763e-04 
 3.37000000e+00  8.00245173e-04 
 3.38000000e+00  8.00456583e-04 
 3.39000000e+00  8.00667993e-04 
 3.40000000e+00  8.00879403e-04 
 3.41000000e+00  8.01090813e-04 
 3.42000000e+00  8.01302223e-04 
 3.43000000e+00  8.01513633e-04 
 3.44000000e+00  8.01725043e-04 
 3.45000000e+00  8.01936453e-04 
 3.46000000e+00  8.02147863e-04 
 3.47000000e+00  8.02359273e-04 
 3.48000000e+00  8.02570683e-04 
 3.49000000e+00  8.02782093e-04 
 3.50000000e+00  8.02993504e-04 
 3.51000000e+00  8.03204914e-04 
 3.52000000e+00  8.03416324e-04 
 3.53000000e+00  8.03627734e-04 
 3.54000000e+00  8.03839144e-04 
 3.55000000e+00  8.04050554e-04 
 3.56000000e+00  8.04261964e-04 
 3.57000000e+00  8.04473374e-04 
 3.58000000e+00  8.04684784e-04 
 3.59000000e+00  8.04896194e-04 
 3.60000000e+00  8.05107604e-04 
 3.61000000e+00  8.05319014e-04 
 3.62000000e+00  8.05530424e-04 
 3.63000000e+00  8.05741834e-04 
 3.64000000e+00  8.05953244e-04 
 3.65000000e+00  8.06164654e-04 
 3.66000000e+00  8.06376064e-04 
 3.67000000e+00  8.06587474e-04 
 3.68000000e+00  8.06798884e-04 
 3.69000000e+00  8.07010294e-04 
 3.70000000e+00  8.07221704e-04 
 3.71000000e+00  8.07433114e-04 
 3.72000000e+00  8.07644524e-04 
 3.73000000e+00  8.07855934e-04 
 3.74000000e+00  8.08067344e-04 
 3.75000000e+00  8.08278754e-04 
 3.76000000e+00  8.08490164e-04 
 3.77000000e+00  8.08701574e-04 
 3.78000000e+00  8.08912984e-04 
 3.79000000e+00  8.09124394e-04 
 3.80000000e+00  8.09335804e-04 
 3.81000000e+00  8.09547214e-04 
 3.82000000e+00  8.09758624e-04 
 3.83000000e+00  8.09970034e-04 
 3.84000000e+00  8.10181444e-04 
 3.85000000e+00  8.10392854e-04 
 3.86000000e+00  8.10604264e-04 
 3.87000000e+00  8.10815674e-04 
 3.88000000e+00  8.11027084e-04 
 3.89000000e+00  8.11238494e-04 
 3.90000000e+00  8.11449904e-04 
 3.91000000e+00  8.11661314e-04 
 3.92000000e+00  8.11872724e-04 
 3.93000000e+00  8.12084134e-04 
 3.94000000e+00  8.12295544e-04 
 3.95000000e+00  8.12506954e-04 
 3.96000000e+00  8.12718364e-04 
 3.97000000e+00  8.12929774e-04 
 3.98000000e+00  8.13141184e-04 
 3.99000000e+00  8.13352594e-04 
 4.00000000e+00  8.13564004e-04 
 4.01000000e+00  8.13775414e-04 
 4.02000000e+00  8.13986824e-04 
 4.03000000e+00  8.14198234e-04 
 4.04000000e+00  8.14409644e-04 
 4.05000000e+00  8.14621054e-04 
 4.06000000e+00  8.14832464e-04 
 4.07000000e+00  8.15043874e-04 
 4.08000000e+00  8.15255284e-04 
 4.09000000e+00  8.15466694e-04 
 4.10000000e+00  8.15678104e-04 
 4.11000000e+00  8.15889514e-04 
 4.12000000e+00  8.16100924e-04 
 4.13000000e+00  8.16312334e-04 
 4.14000000e+00  8.16523744e-04 
 4.15000000e+00  8.16735154e-04 
 4.16000000e+00  8.16946564e-04 
 4.17000000e+00  8.17157974e-04 
 4.18000000e+00  8.17369384e-04 
 4.19000000e+00  8.17580794e-04 
 4.20000000e+00  8.17792204e-04 
 4.21000000e+00  8.18003614e-04 
 4.22000000e+00  8.18215024e-04 
 4.23000000e+00  8.18426434e-04 
 4.24000000e+00  8.18637844e-04 
 4.25000000e+00  8.18849254e-04 
 4.26000000e+00  8.19060664e-04 
 4.27000000e+00  8.19272074e-04 
 4.28000000e+00  8.19483484e-04 
 4.29000000e+00  8.19694894e-04 
 4.30000000e+00  8.19906304e-04 
 4.31000000e+00  8.20117714e-04 
 4.32000000e+00  8.20329124e-04 
 4.33000000e+00  8.20540534e-04 
 4.34000000e+00  8.20751944e-04 
 4.35000000e+00  8.20963354e-04 
 4.36000000e+00  8.21174764e-04 
 4.37000000e+00  8.21386174e-04 
 4.38000000e+00  8.21597584e-04 
 4.39000000e+00  8.21808994e-04 
 4.40000000e+00  8.22020404e-04 
 4.41000000e+00  8.22231814e-04 
 4.42000000e+00  8.22443224e-04 
 4.43000000e+00  8.22654634e-04 
 4.44000000e+00  8.22866044e-04 
 4.45000000e+00  8.23077454e-04 
 4.46000000e+00  8.23288864e-04 
 4.47000000e+00  8.23500274e-04 
 4.48000000e+00  8.23711684e-04 
 4.49000000e+00  8.23923094e-04 
 4.50000000e+00  8.24134505e-04 
 4.51000000e+00  8.24345915e-04 
 4.52000000e+00  8.24557325e-04 
 4.53000000e+00  8.24768735e-04 
 4.54000000e+00  8.24980145e-04 
 4.55000000e+00  8.25191555e-04 
 4.56000000e+00  8.25402965e-04 
 4.57000000e+00  8.25614375e-04 
 4.58000000e+00  8.25825785e-04 
 4.59000000e+00  8.26037195e-04 
 4.60000000e+00  8.26248605e-04 
 4.61000000e+00  8.26460015e-04 
 4.62000000e+00  8.26671425e-04 
 4.63000000e+00  8.26882835e-04 
 4.64000000e+00  8.27094245e-04 
 4.65000000e+00  8.27305655e-04 
 4.66000000e+00  8.27517065e-04 
 4.67000000e+00  8.27728475e-04 
 4.68000000e+00  8.27939885e-04 
 4.69000000e+00  8.28151295e-04 
 4.70000000e+00  8.28362705e-04 
 4.71000000e+00  8.28574115e-04 
 4.72000000e+00  8.28785525e-04 
 4.73000000e+00  8.28996935e-04 
 4.74000000e+00  8.29208345e-04 
 4.75000000e+00  8.29419755e-04 
 4.76000000e+00  8.29631165e-04 
 4.77000000e+00  8.29842575e-04 
 4.78000000e+00  8.30053985e-04 
 4.79000000e+00  8.30265395e-04 
 4.80000000e+00  8.30476805e-04 
 4.81000000e+00  8.30688215e-04 
 4.82000000e+00  8.30899625e-04 
 4.83000000e+00  8.31111035e-04 
 4.84000000e+00  8.31322445e-04 
 4.85000000e+00  8.31533855e-04 
 4.86000000e+00  8.31745265e-04 
 4.87000000e+00  8.31956675e-04 
 4.88000000e+00  8.32168085e-04 
 4.89000000e+00  8.32379495e-04 
 4.90000000e+00  8.32590905e-04 
 4.91000000e+00  8.32802315e-04 
 4.92000000e+00  8.33013725e-04 
 4.93000000e+00  8.33225135e-04 
 4.94000000e+00  8.33436545e-04 
 4.95000000e+00  8.33647955e-04 
 4.96000000e+00  8.33859365e-04 
 4.97000000e+00  8.34070775e-04 
 4.98000000e+00  8.34282185e-04 
 4.99000000e+00  8.34493595e-04 
 5.00000000e+00  8.34705005e-04 
