 0.00000000e+00 -0.00000000e+00 
 1.00000000e-02  1.03304950e-05 
 2.00000000e-02  2.06219538e-05 
 3.00000000e-02  3.08743374e-05 
 4.00000000e-02  4.10876064e-05 
 5.00000000e-02  5.12617219e-05 
 6.00000000e-02  6.13966447e-05 
 7.00000000e-02  7.14923355e-05 
 8.00000000e-02  8.15487553e-05 
 9.00000000e-02  9.15658649e-05 
 1.00000000e-01  1.01543625e-04 
 1.10000000e-01  1.11481997e-04 
 1.20000000e-01  1.21380941e-04 
 1.30000000e-01  1.31240418e-04 
 1.40000000e-01  1.41060390e-04 
 1.50000000e-01  1.50840816e-04 
 1.60000000e-01  1.60581658e-04 
 1.70000000e-01  1.70282876e-04 
 1.80000000e-01  1.79944432e-04 
 1.90000000e-01  1.89566287e-04 
 2.00000000e-01  1.99148400e-04 
 2.10000000e-01  2.08690734e-04 
 2.20000000e-01  2.18193248e-04 
 2.30000000e-01  2.27655904e-04 
 2.40000000e-01  2.37078663e-04 
 2.50000000e-01  2.46461485e-04 
 2.60000000e-01  2.55804331e-04 
 2.70000000e-01  2.65107162e-04 
 2.80000000e-01  2.74369939e-04 
 2.90000000e-01  2.83592624e-04 
 3.00000000e-01  2.92775175e-04 
 3.10000000e-01  3.01917556e-04 
 3.20000000e-01  3.11019725e-04 
 3.30000000e-01  3.20081645e-04 
 3.40000000e-01  3.29103276e-04 
 3.50000000e-01  3.38084578e-04 
 3.60000000e-01  3.47025514e-04 
 3.70000000e-01  3.55926043e-04 
 3.80000000e-01  3.64786127e-04 
 3.90000000e-01  3.73605725e-04 
 4.00000000e-01  3.82384800e-04 
 4.10000000e-01  3.91123312e-04 
 4.20000000e-01  3.99821222e-04 
 4.30000000e-01  4.08478491e-04 
 4.40000000e-01  4.17095079e-04 
 4.50000000e-01  4.25670947e-04 
 4.60000000e-01  4.34206057e-04 
 4.70000000e-01  4.42700369e-04 
 4.80000000e-01  4.51153844e-04 
 4.90000000e-01  4.59566442e-04 
 5.00000000e-01  4.67938126e-04 
 5.10000000e-01  4.76268854e-04 
 5.20000000e-01  4.84558589e-04 
 5.30000000e-01  4.92807292e-04 
 5.40000000e-01  5.01014922e-04 
 5.50000000e-01  5.09181441e-04 
 5.60000000e-01  5.17306810e-04 
 5.70000000e-01  5.25390990e-04 
 5.80000000e-01  5.33433941e-04 
 5.90000000e-01  5.41435624e-04 
 6.00000000e-01  5.49396001e-04 
 6.10000000e-01  5.57315031e-04 
 6.20000000e-01  5.65192676e-04 
 6.30000000e-01  5.73028897e-04 
 6.40000000e-01  5.80823655e-04 
 6.50000000e-01  5.88576910e-04 
 6.60000000e-01  5.96288623e-04 
 6.70000000e-01  6.03958756e-04 
 6.80000000e-01  6.11587268e-04 
 6.90000000e-01  6.19174121e-04 
 7.00000000e-01  6.26719276e-04 
 7.10000000e-01  6.34222693e-04 
 7.20000000e-01  6.41684334e-04 
 7.30000000e-01  6.49104158e-04 
 7.40000000e-01  6.56482128e-04 
 7.50000000e-01  6.63818204e-04 
 7.60000000e-01  6.71112346e-04 
 7.70000000e-01  6.78364516e-04 
 7.80000000e-01  6.85574675e-04 
 7.90000000e-01  6.92742783e-04 
 8.00000000e-01  6.99868801e-04 
 8.10000000e-01  7.06952690e-04 
 8.20000000e-01  7.13994411e-04 
 8.30000000e-01  7.20993924e-04 
 8.40000000e-01  7.27951191e-04 
 8.50000000e-01  7.34866173e-04 
 8.60000000e-01  7.41738829e-04 
 8.70000000e-01  7.48569122e-04 
 8.80000000e-01  7.55357012e-04 
 8.90000000e-01  7.62102460e-04 
 9.00000000e-01  7.68805426e-04 
 9.10000000e-01  7.75465872e-04 
 9.20000000e-01  7.82083758e-04 
 9.30000000e-01  7.88659045e-04 
 9.40000000e-01  7.95191694e-04 
 9.50000000e-01  8.01681667e-04 
 9.60000000e-01  8.08128923e-04 
 9.70000000e-01  8.14533423e-04 
 9.80000000e-01  8.20895129e-04 
 9.90000000e-01  8.27214002e-04 
 1.00000000e+00  8.33490001e-04 
 1.01000000e+00  8.39723088e-04 
 1.02000000e+00  8.45913225e-04 
 1.03000000e+00  8.52060371e-04 
 1.04000000e+00  8.58164487e-04 
 1.05000000e+00  8.64225535e-04 
 1.06000000e+00  8.70243476e-04 
 1.07000000e+00  8.76218269e-04 
 1.08000000e+00  8.82149876e-04 
 1.09000000e+00  8.88038258e-04 
 1.10000000e+00  8.93883376e-04 
 1.11000000e+00  8.99685190e-04 
 1.12000000e+00  9.05443662e-04 
 1.13000000e+00  9.11158752e-04 
 1.14000000e+00  9.16830421e-04 
 1.15000000e+00  9.22458629e-04 
 1.16000000e+00  9.28043339e-04 
 1.17000000e+00  9.33584510e-04 
 1.18000000e+00  9.39082103e-04 
 1.19000000e+00  9.44536080e-04 
 1.20000000e+00  9.49946401e-04 
 1.21000000e+00  9.55313027e-04 
 1.22000000e+00  9.60635919e-04 
 1.23000000e+00  9.65915038e-04 
 1.24000000e+00  9.71150344e-04 
 1.25000000e+00  9.76341798e-04 
 1.26000000e+00  9.81489362e-04 
 1.27000000e+00  9.86592996e-04 
 1.28000000e+00  9.91652660e-04 
 1.29000000e+00  9.96668317e-04 
 1.30000000e+00  1.00163993e-03 
 1.31000000e+00  1.00656745e-03 
 1.32000000e+00  1.01145085e-03 
 1.33000000e+00  1.01629008e-03 
 1.34000000e+00  1.02108511e-03 
 1.35000000e+00  1.02583589e-03 
 1.36000000e+00  1.03054239e-03 
 1.37000000e+00  1.03520458e-03 
 1.38000000e+00  1.03982240e-03 
 1.39000000e+00  1.04439582e-03 
 1.40000000e+00  1.04892480e-03 
 1.41000000e+00  1.05340931e-03 
 1.42000000e+00  1.05784929e-03 
 1.43000000e+00  1.06224472e-03 
 1.44000000e+00  1.06659556e-03 
 1.45000000e+00  1.07090176e-03 
 1.46000000e+00  1.07516329e-03 
 1.47000000e+00  1.07938010e-03 
 1.48000000e+00  1.08355216e-03 
 1.49000000e+00  1.08767944e-03 
 1.50000000e+00  1.09176188e-03 
 1.51000000e+00  1.09579945e-03 
 1.52000000e+00  1.09979211e-03 
 1.53000000e+00  1.10373983e-03 
 1.54000000e+00  1.10764255e-03 
 1.55000000e+00  1.11150025e-03 
 1.56000000e+00  1.11531289e-03 
 1.57000000e+00  1.11908042e-03 
 1.58000000e+00  1.12280281e-03 
 1.59000000e+00  1.12648002e-03 
 1.60000000e+00  1.13011200e-03 
 1.61000000e+00  1.13369872e-03 
 1.62000000e+00  1.13724015e-03 
 1.63000000e+00  1.14073623e-03 
 1.64000000e+00  1.14418694e-03 
 1.65000000e+00  1.14759222e-03 
 1.66000000e+00  1.15095205e-03 
 1.67000000e+00  1.15426639e-03 
 1.68000000e+00  1.15753519e-03 
 1.69000000e+00  1.16075841e-03 
 1.70000000e+00  1.16393603e-03 
 1.71000000e+00  1.16706799e-03 
 1.72000000e+00  1.17015425e-03 
 1.73000000e+00  1.17319479e-03 
 1.74000000e+00  1.17618956e-03 
 1.75000000e+00  1.17913852e-03 
 1.76000000e+00  1.18204163e-03 
 1.77000000e+00  1.18489885e-03 
 1.78000000e+00  1.18771015e-03 
 1.79000000e+00  1.19047548e-03 
 1.80000000e+00  1.19319480e-03 
 1.81000000e+00  1.19586808e-03 
 1.82000000e+00  1.19849528e-03 
 1.83000000e+00  1.20107636e-03 
 1.84000000e+00  1.20361127e-03 
 1.85000000e+00  1.20609999e-03 
 1.86000000e+00  1.20854246e-03 
 1.87000000e+00  1.21093866e-03 
 1.88000000e+00  1.21328853e-03 
 1.89000000e+00  1.21559205e-03 
 1.90000000e+00  1.21784918e-03 
 1.91000000e+00  1.22005987e-03 
 1.92000000e+00  1.22222408e-03 
 1.93000000e+00  1.22434178e-03 
 1.94000000e+00  1.22641293e-03 
 1.95000000e+00  1.22843748e-03 
 1.96000000e+00  1.23041540e-03 
 1.97000000e+00  1.23234666e-03 
 1.98000000e+00  1.23423120e-03 
 1.99000000e+00  1.23606900e-03 
 2.00000000e+00  1.23786000e-03 
 2.01000000e+00  1.23960418e-03 
 2.02000000e+00  1.24130150e-03 
 2.03000000e+00  1.24295190e-03 
 2.04000000e+00  1.24455537e-03 
 2.05000000e+00  1.24611185e-03 
 2.06000000e+00  1.24762131e-03 
 2.07000000e+00  1.24908370e-03 
 2.08000000e+00  1.25049900e-03 
 2.09000000e+00  1.25186715e-03 
 2.10000000e+00  1.25318813e-03 
 2.11000000e+00  1.25446188e-03 
 2.12000000e+00  1.25568838e-03 
 2.13000000e+00  1.25686759e-03 
 2.14000000e+00  1.25799945e-03 
 2.15000000e+00  1.25908394e-03 
 2.16000000e+00  1.26012102e-03 
 2.17000000e+00  1.26111064e-03 
 2.18000000e+00  1.26205277e-03 
 2.19000000e+00  1.26294737e-03 
 2.20000000e+00  1.26379440e-03 
 2.21000000e+00  1.26459382e-03 
 2.22000000e+00  1.26534559e-03 
 2.23000000e+00  1.26604967e-03 
 2.24000000e+00  1.26670602e-03 
 2.25000000e+00  1.26731461e-03 
 2.26000000e+00  1.26787539e-03 
 2.27000000e+00  1.26838833e-03 
 2.28000000e+00  1.26885338e-03 
 2.29000000e+00  1.26927051e-03 
 2.30000000e+00  1.26963968e-03 
 2.31000000e+00  1.26998485e-03 
 2.32000000e+00  1.27033002e-03 
 2.33000000e+00  1.27067519e-03 
 2.34000000e+00  1.27102037e-03 
 2.35000000e+00  1.27136554e-03 
 2.36000000e+00  1.27171071e-03 
 2.37000000e+00  1.27205588e-03 
 2.38000000e+00  1.27240106e-03 
 2.39000000e+00  1.27274623e-03 
 2.40000000e+00  1.27309140e-03 
 2.41000000e+00  1.27343657e-03 
 2.42000000e+00  1.27378175e-03 
 2.43000000e+00  1.27412692e-03 
 2.44000000e+00  1.27447209e-03 
 2.45000000e+00  1.27481726e-03 
 2.46000000e+00  1.27516244e-03 
 2.47000000e+00  1.27550761e-03 
 2.48000000e+00  1.27585278e-03 
 2.49000000e+00  1.27619795e-03 
 2.50000000e+00  1.27654313e-03 
 2.51000000e+00  1.27688830e-03 
 2.52000000e+00  1.27723347e-03 
 2.53000000e+00  1.27757865e-03 
 2.54000000e+00  1.27792382e-03 
 2.55000000e+00  1.27826899e-03 
 2.56000000e+00  1.27861416e-03 
 2.57000000e+00  1.27895934e-03 
 2.58000000e+00  1.27930451e-03 
 2.59000000e+00  1.27964968e-03 
 2.60000000e+00  1.27999485e-03 
 2.61000000e+00  1.28034003e-03 
 2.62000000e+00  1.28068520e-03 
 2.63000000e+00  1.28103037e-03 
 2.64000000e+00  1.28137554e-03 
 2.65000000e+00  1.28172072e-03 
 2.66000000e+00  1.28206589e-03 
 2.67000000e+00  1.28241106e-03 
 2.68000000e+00  1.28275623e-03 
 2.69000000e+00  1.28310141e-03 
 2.70000000e+00  1.28344658e-03 
 2.71000000e+00  1.28379175e-03 
 2.72000000e+00  1.28413692e-03 
 2.73000000e+00  1.28448210e-03 
 2.74000000e+00  1.28482727e-03 
 2.75000000e+00  1.28517244e-03 
 2.76000000e+00  1.28551761e-03 
 2.77000000e+00  1.28586279e-03 
 2.78000000e+00  1.28620796e-03 
 2.79000000e+00  1.28655313e-03 
 2.80000000e+00  1.28689830e-03 
 2.81000000e+00  1.28724348e-03 
 2.82000000e+00  1.28758865e-03 
 2.83000000e+00  1.28793382e-03 
 2.84000000e+00  1.28827899e-03 
 2.85000000e+00  1.28862417e-03 
 2.86000000e+00  1.28896934e-03 
 2.87000000e+00  1.28931451e-03 
 2.88000000e+00  1.28965968e-03 
 2.89000000e+00  1.29000486e-03 
 2.90000000e+00  1.29035003e-03 
 2.91000000e+00  1.29069520e-03 
 2.92000000e+00  1.29104037e-03 
 2.93000000e+00  1.29138555e-03 
 2.94000000e+00  1.29173072e-03 
 2.95000000e+00  1.29207589e-03 
 2.96000000e+00  1.29242106e-03 
 2.97000000e+00  1.29276624e-03 
 2.98000000e+00  1.29311141e-03 
 2.99000000e+00  1.29345658e-03 
 3.00000000e+00  1.29380175e-03 
 3.01000000e+00  1.29414693e-03 
 3.02000000e+00  1.29449210e-03 
 3.03000000e+00  1.29483727e-03 
 3.04000000e+00  1.29518244e-03 
 3.05000000e+00  1.29552762e-03 
 3.06000000e+00  1.29587279e-03 
 3.07000000e+00  1.29621796e-03 
 3.08000000e+00  1.29656313e-03 
 3.09000000e+00  1.29690831e-03 
 3.10000000e+00  1.29725348e-03 
 3.11000000e+00  1.29759865e-03 
 3.12000000e+00  1.29794382e-03 
 3.13000000e+00  1.29828900e-03 
 3.14000000e+00  1.29863417e-03 
 3.15000000e+00  1.29897934e-03 
 3.16000000e+00  1.29932451e-03 
 3.17000000e+00  1.29966969e-03 
 3.18000000e+00  1.30001486e-03 
 3.19000000e+00  1.30036003e-03 
 3.20000000e+00  1.30070520e-03 
 3.21000000e+00  1.30105038e-03 
 3.22000000e+00  1.30139555e-03 
 3.23000000e+00  1.30174072e-03 
 3.24000000e+00  1.30208589e-03 
 3.25000000e+00  1.30243107e-03 
 3.26000000e+00  1.30277624e-03 
 3.27000000e+00  1.30312141e-03 
 3.28000000e+00  1.30346658e-03 
 3.29000000e+00  1.30381176e-03 
 3.30000000e+00  1.30415693e-03 
 3.31000000e+00  1.30450210e-03 
 3.32000000e+00  1.30484727e-03 
 3.33000000e+00  1.30519245e-03 
 3.34000000e+00  1.30553762e-03 
 3.35000000e+00  1.30588279e-03 
 3.36000000e+00  1.30622796e-03 
 3.37000000e+00  1.30657314e-03 
 3.38000000e+00  1.30691831e-03 
 3.39000000e+00  1.30726348e-03 
 3.40000000e+00  1.30760865e-03 
 3.41000000e+00  1.30795383e-03 
 3.42000000e+00  1.30829900e-03 
 3.43000000e+00  1.30864417e-03 
 3.44000000e+00  1.30898934e-03 
 3.45000000e+00  1.30933452e-03 
 3.46000000e+00  1.30967969e-03 
 3.47000000e+00  1.31002486e-03 
 3.48000000e+00  1.31037003e-03 
 3.49000000e+00  1.31071521e-03 
 3.50000000e+00  1.31106038e-03 
 3.51000000e+00  1.31140555e-03 
 3.52000000e+00  1.31175072e-03 
 3.53000000e+00  1.31209590e-03 
 3.54000000e+00  1.31244107e-03 
 3.55000000e+00  1.31278624e-03 
 3.56000000e+00  1.31313141e-03 
 3.57000000e+00  1.31347659e-03 
 3.58000000e+00  1.31382176e-03 
 3.59000000e+00  1.31416693e-03 
 3.60000000e+00  1.31451210e-03 
 3.61000000e+00  1.31485728e-03 
 3.62000000e+00  1.31520245e-03 
 3.63000000e+00  1.31554762e-03 
 3.64000000e+00  1.31589279e-03 
 3.65000000e+00  1.31623797e-03 
 3.66000000e+00  1.31658314e-03 
 3.67000000e+00  1.31692831e-03 
 3.68000000e+00  1.31727348e-03 
 3.69000000e+00  1.31761866e-03 
 3.70000000e+00  1.31796383e-03 
 3.71000000e+00  1.31830900e-03 
 3.72000000e+00  1.31865417e-03 
 3.73000000e+00  1.31899935e-03 
 3.74000000e+00  1.31934452e-03 
 3.75000000e+00  1.31968969e-03 
 3.76000000e+00  1.32003486e-03 
 3.77000000e+00  1.32038004e-03 
 3.78000000e+00  1.32072521e-03 
 3.79000000e+00  1.32107038e-03 
 3.80000000e+00  1.32141555e-03 
 3.81000000e+00  1.32176073e-03 
 3.82000000e+00  1.32210590e-03 
 3.83000000e+00  1.32245107e-03 
 3.84000000e+00  1.32279624e-03 
 3.85000000e+00  1.32314142e-03 
 3.86000000e+00  1.32348659e-03 
 3.87000000e+00  1.32383176e-03 
 3.88000000e+00  1.32417693e-03 
 3.89000000e+00  1.32452211e-03 
 3.90000000e+00  1.32486728e-03 
 3.91000000e+00  1.32521245e-03 
 3.92000000e+00  1.32555762e-03 
 3.93000000e+00  1.32590280e-03 
 3.94000000e+00  1.32624797e-03 
 3.95000000e+00  1.32659314e-03 
 3.96000000e+00  1.32693831e-03 
 3.97000000e+00  1.32728349e-03 
 3.98000000e+00  1.32762866e-03 
 3.99000000e+00  1.32797383e-03 
 4.00000000e+00  1.32831900e-03 
 4.01000000e+00  1.32866418e-03 
 4.02000000e+00  1.32900935e-03 
 4.03000000e+00  1.32935452e-03 
 4.04000000e+00  1.32969969e-03 
 4.05000000e+00  1.33004487e-03 
 4.06000000e+00  1.33039004e-03 
 4.07000000e+00  1.33073521e-03 
 4.08000000e+00  1.33108038e-03 
 4.09000000e+00  1.33142556e-03 
 4.10000000e+00  1.33177073e-03 
 4.11000000e+00  1.33211590e-03 
 4.12000000e+00  1.33246107e-03 
 4.13000000e+00  1.33280625e-03 
 4.14000000e+00  1.33315142e-03 
 4.15000000e+00  1.33349659e-03 
 4.16000000e+00  1.33384176e-03 
 4.17000000e+00  1.33418694e-03 
 4.18000000e+00  1.33453211e-03 
 4.19000000e+00  1.33487728e-03 
 4.20000000e+00  1.33522245e-03 
 4.21000000e+00  1.33556763e-03 
 4.22000000e+00  1.33591280e-03 
 4.23000000e+00  1.33625797e-03 
 4.24000000e+00  1.33660314e-03 
 4.25000000e+00  1.33694832e-03 
 4.26000000e+00  1.33729349e-03 
 4.27000000e+00  1.33763866e-03 
 4.28000000e+00  1.33798383e-03 
 4.29000000e+00  1.33832901e-03 
 4.30000000e+00  1.33867418e-03 
 4.31000000e+00  1.33901935e-03 
 4.32000000e+00  1.33936452e-03 
 4.33000000e+00  1.33970970e-03 
 4.34000000e+00  1.34005487e-03 
 4.35000000e+00  1.34040004e-03 
 4.36000000e+00  1.34074521e-03 
 4.37000000e+00  1.34109039e-03 
 4.38000000e+00  1.34143556e-03 
 4.39000000e+00  1.34178073e-03 
 4.40000000e+00  1.34212590e-03 
 4.41000000e+00  1.34247108e-03 
 4.42000000e+00  1.34281625e-03 
 4.43000000e+00  1.34316142e-03 
 4.44000000e+00  1.34350659e-03 
 4.45000000e+00  1.34385177e-03 
 4.46000000e+00  1.34419694e-03 
 4.47000000e+00  1.34454211e-03 
 4.48000000e+00  1.34488728e-03 
 4.49000000e+00  1.34523246e-03 
 4.50000000e+00  1.34557763e-03 
 4.51000000e+00  1.34592280e-03 
 4.52000000e+00  1.34626797e-03 
 4.53000000e+00  1.34661315e-03 
 4.54000000e+00  1.34695832e-03 
 4.55000000e+00  1.34730349e-03 
 4.56000000e+00  1.34764866e-03 
 4.57000000e+00  1.34799384e-03 
 4.58000000e+00  1.34833901e-03 
 4.59000000e+00  1.34868418e-03 
 4.60000000e+00  1.34902935e-03 
 4.61000000e+00  1.34937453e-03 
 4.62000000e+00  1.34971970e-03 
 4.63000000e+00  1.35006487e-03 
 4.64000000e+00  1.35041004e-03 
 4.65000000e+00  1.35075522e-03 
 4.66000000e+00  1.35110039e-03 
 4.67000000e+00  1.35144556e-03 
 4.68000000e+00  1.35179073e-03 
 4.69000000e+00  1.35213591e-03 
 4.70000000e+00  1.35248108e-03 
 4.71000000e+00  1.35282625e-03 
 4.72000000e+00  1.35317142e-03 
 4.73000000e+00  1.35351660e-03 
 4.74000000e+00  1.35386177e-03 
 4.75000000e+00  1.35420694e-03 
 4.76000000e+00  1.35455211e-03 
 4.77000000e+00  1.35489729e-03 
 4.78000000e+00  1.35524246e-03 
 4.79000000e+00  1.35558763e-03 
 4.80000000e+00  1.35593280e-03 
 4.81000000e+00  1.35627798e-03 
 4.82000000e+00  1.35662315e-03 
 4.83000000e+00  1.35696832e-03 
 4.84000000e+00  1.35731349e-03 
 4.85000000e+00  1.35765867e-03 
 4.86000000e+00  1.35800384e-03 
 4.87000000e+00  1.35834901e-03 
 4.88000000e+00  1.35869418e-03 
 4.89000000e+00  1.35903936e-03 
 4.90000000e+00  1.35938453e-03 
 4.91000000e+00  1.35972970e-03 
 4.92000000e+00  1.36007487e-03 
 4.93000000e+00  1.36042005e-03 
 4.94000000e+00  1.36076522e-03 
 4.95000000e+00  1.36111039e-03 
 4.96000000e+00  1.36145556e-03 
 4.97000000e+00  1.36180074e-03 
 4.98000000e+00  1.36214591e-03 
 4.99000000e+00  1.36249108e-03 
 5.00000000e+00  1.36283626e-03 
