 0.00000000e+00 -0.00000000e+00 
 1.00000000e-02  1.25811475e-05 
 2.00000000e-02  2.51245638e-05 
 3.00000000e-02  3.76302099e-05 
 4.00000000e-02  5.00980464e-05 
 5.00000000e-02  6.25280344e-05 
 6.00000000e-02  7.49201347e-05 
 7.00000000e-02  8.72743080e-05 
 8.00000000e-02  9.95905153e-05 
 9.00000000e-02  1.11868717e-04 
 1.00000000e-01  1.24108875e-04 
 1.10000000e-01  1.36310949e-04 
 1.20000000e-01  1.48474901e-04 
 1.30000000e-01  1.60600691e-04 
 1.40000000e-01  1.72688280e-04 
 1.50000000e-01  1.84737628e-04 
 1.60000000e-01  1.96748698e-04 
 1.70000000e-01  2.08721449e-04 
 1.80000000e-01  2.20655842e-04 
 1.90000000e-01  2.32551839e-04 
 2.00000000e-01  2.44409400e-04 
 2.10000000e-01  2.56228486e-04 
 2.20000000e-01  2.68009058e-04 
 2.30000000e-01  2.79751077e-04 
 2.40000000e-01  2.91454503e-04 
 2.50000000e-01  3.03119297e-04 
 2.60000000e-01  3.14745421e-04 
 2.70000000e-01  3.26332835e-04 
 2.80000000e-01  3.37881499e-04 
 2.90000000e-01  3.49391376e-04 
 3.00000000e-01  3.60862425e-04 
 3.10000000e-01  3.72294608e-04 
 3.20000000e-01  3.83687885e-04 
 3.30000000e-01  3.95042217e-04 
 3.40000000e-01  4.06357566e-04 
 3.50000000e-01  4.17633891e-04 
 3.60000000e-01  4.28871154e-04 
 3.70000000e-01  4.40069316e-04 
 3.80000000e-01  4.51228337e-04 
 3.90000000e-01  4.62348178e-04 
 4.00000000e-01  4.73428800e-04 
 4.10000000e-01  4.84470165e-04 
 4.20000000e-01  4.95472232e-04 
 4.30000000e-01  5.06434963e-04 
 4.40000000e-01  5.17358319e-04 
 4.50000000e-01  5.28242260e-04 
 4.60000000e-01  5.39086747e-04 
 4.70000000e-01  5.49891741e-04 
 4.80000000e-01  5.60657204e-04 
 4.90000000e-01  5.71383095e-04 
 5.00000000e-01  5.82069376e-04 
 5.10000000e-01  5.92716007e-04 
 5.20000000e-01  6.03322949e-04 
 5.30000000e-01  6.13890164e-04 
 5.40000000e-01  6.24417612e-04 
 5.50000000e-01  6.34905254e-04 
 5.60000000e-01  6.45353050e-04 
 5.70000000e-01  6.55760962e-04 
 5.80000000e-01  6.66128951e-04 
 5.90000000e-01  6.76456977e-04 
 6.00000000e-01  6.86745001e-04 
 6.10000000e-01  6.96992984e-04 
 6.20000000e-01  7.07200886e-04 
 6.30000000e-01  7.17368670e-04 
 6.40000000e-01  7.27496295e-04 
 6.50000000e-01  7.37583723e-04 
 6.60000000e-01  7.47630913e-04 
 6.70000000e-01  7.57637828e-04 
 6.80000000e-01  7.67604428e-04 
 6.90000000e-01  7.77530673e-04 
 7.00000000e-01  7.87416526e-04 
 7.10000000e-01  7.97261945e-04 
 7.20000000e-01  8.07066894e-04 
 7.30000000e-01  8.16831331e-04 
 7.40000000e-01  8.26555218e-04 
 7.50000000e-01  8.36238516e-04 
 7.60000000e-01  8.45881186e-04 
 7.70000000e-01  8.55483189e-04 
 7.80000000e-01  8.65044485e-04 
 7.90000000e-01  8.74565035e-04 
 8.00000000e-01  8.84044801e-04 
 8.10000000e-01  8.93483742e-04 
 8.20000000e-01  9.02881821e-04 
 8.30000000e-01  9.12238997e-04 
 8.40000000e-01  9.21555231e-04 
 8.50000000e-01  9.30830485e-04 
 8.60000000e-01  9.40064719e-04 
 8.70000000e-01  9.49257895e-04 
 8.80000000e-01  9.58409972e-04 
 8.90000000e-01  9.67520912e-04 
 9.00000000e-01  9.76590676e-04 
 9.10000000e-01  9.85619224e-04 
 9.20000000e-01  9.94606518e-04 
 9.30000000e-01  1.00355252e-03 
 9.40000000e-01  1.01245718e-03 
 9.50000000e-01  1.02132048e-03 
 9.60000000e-01  1.03014236e-03 
 9.70000000e-01  1.03892280e-03 
 9.80000000e-01  1.04766174e-03 
 9.90000000e-01  1.05635915e-03 
 1.00000000e+00  1.06501500e-03 
 1.01000000e+00  1.07362924e-03 
 1.02000000e+00  1.08220183e-03 
 1.03000000e+00  1.09073274e-03 
 1.04000000e+00  1.09922193e-03 
 1.05000000e+00  1.10766935e-03 
 1.06000000e+00  1.11607497e-03 
 1.07000000e+00  1.12443874e-03 
 1.08000000e+00  1.13276064e-03 
 1.09000000e+00  1.14104061e-03 
 1.10000000e+00  1.14927863e-03 
 1.11000000e+00  1.15747464e-03 
 1.12000000e+00  1.16562862e-03 
 1.13000000e+00  1.17374052e-03 
 1.14000000e+00  1.18181031e-03 
 1.15000000e+00  1.18983794e-03 
 1.16000000e+00  1.19782338e-03 
 1.17000000e+00  1.20576658e-03 
 1.18000000e+00  1.21366751e-03 
 1.19000000e+00  1.22152613e-03 
 1.20000000e+00  1.22934240e-03 
 1.21000000e+00  1.23711628e-03 
 1.22000000e+00  1.24484773e-03 
 1.23000000e+00  1.25253671e-03 
 1.24000000e+00  1.26018318e-03 
 1.25000000e+00  1.26778711e-03 
 1.26000000e+00  1.27534845e-03 
 1.27000000e+00  1.28286717e-03 
 1.28000000e+00  1.29034322e-03 
 1.29000000e+00  1.29777657e-03 
 1.30000000e+00  1.30516718e-03 
 1.31000000e+00  1.31251500e-03 
 1.32000000e+00  1.31982001e-03 
 1.33000000e+00  1.32708215e-03 
 1.34000000e+00  1.33430140e-03 
 1.35000000e+00  1.34147770e-03 
 1.36000000e+00  1.34861103e-03 
 1.37000000e+00  1.35570135e-03 
 1.38000000e+00  1.36274861e-03 
 1.39000000e+00  1.36975277e-03 
 1.40000000e+00  1.37671380e-03 
 1.41000000e+00  1.38363166e-03 
 1.42000000e+00  1.39050630e-03 
 1.43000000e+00  1.39733770e-03 
 1.44000000e+00  1.40412580e-03 
 1.45000000e+00  1.41087057e-03 
 1.46000000e+00  1.41757198e-03 
 1.47000000e+00  1.42422997e-03 
 1.48000000e+00  1.43084452e-03 
 1.49000000e+00  1.43741559e-03 
 1.50000000e+00  1.44394313e-03 
 1.51000000e+00  1.45042710e-03 
 1.52000000e+00  1.45686747e-03 
 1.53000000e+00  1.46326420e-03 
 1.54000000e+00  1.46961724e-03 
 1.55000000e+00  1.47592657e-03 
 1.56000000e+00  1.48219213e-03 
 1.57000000e+00  1.48841390e-03 
 1.58000000e+00  1.49459182e-03 
 1.59000000e+00  1.50072587e-03 
 1.60000000e+00  1.50681600e-03 
 1.61000000e+00  1.51286218e-03 
 1.62000000e+00  1.51886436e-03 
 1.63000000e+00  1.52482250e-03 
 1.64000000e+00  1.53073658e-03 
 1.65000000e+00  1.53660654e-03 
 1.66000000e+00  1.54243234e-03 
 1.67000000e+00  1.54821396e-03 
 1.68000000e+00  1.55395135e-03 
 1.69000000e+00  1.55964447e-03 
 1.70000000e+00  1.56529328e-03 
 1.71000000e+00  1.57089774e-03 
 1.72000000e+00  1.57645781e-03 
 1.73000000e+00  1.58197346e-03 
 1.74000000e+00  1.58744465e-03 
 1.75000000e+00  1.59287133e-03 
 1.76000000e+00  1.59825347e-03 
 1.77000000e+00  1.60359102e-03 
 1.78000000e+00  1.60888396e-03 
 1.79000000e+00  1.61413223e-03 
 1.80000000e+00  1.61933580e-03 
 1.81000000e+00  1.62449464e-03 
 1.82000000e+00  1.62960869e-03 
 1.83000000e+00  1.63467793e-03 
 1.84000000e+00  1.63970231e-03 
 1.85000000e+00  1.64468180e-03 
 1.86000000e+00  1.64961635e-03 
 1.87000000e+00  1.65450593e-03 
 1.88000000e+00  1.65935049e-03 
 1.89000000e+00  1.66415001e-03 
 1.90000000e+00  1.66890443e-03 
 1.91000000e+00  1.67361372e-03 
 1.92000000e+00  1.67827784e-03 
 1.93000000e+00  1.68289675e-03 
 1.94000000e+00  1.68747042e-03 
 1.95000000e+00  1.69199879e-03 
 1.96000000e+00  1.69648184e-03 
 1.97000000e+00  1.70091953e-03 
 1.98000000e+00  1.70531181e-03 
 1.99000000e+00  1.70965865e-03 
 2.00000000e+00  1.71396000e-03 
 2.01000000e+00  1.71821583e-03 
 2.02000000e+00  1.72242611e-03 
 2.03000000e+00  1.72659078e-03 
 2.04000000e+00  1.73070981e-03 
 2.05000000e+00  1.73478316e-03 
 2.06000000e+00  1.73881080e-03 
 2.07000000e+00  1.74279268e-03 
 2.08000000e+00  1.74672876e-03 
 2.09000000e+00  1.75061900e-03 
 2.10000000e+00  1.75446338e-03 
 2.11000000e+00  1.75826184e-03 
 2.12000000e+00  1.76201434e-03 
 2.13000000e+00  1.76572086e-03 
 2.14000000e+00  1.76938134e-03 
 2.15000000e+00  1.77299576e-03 
 2.16000000e+00  1.77656406e-03 
 2.17000000e+00  1.78008622e-03 
 2.18000000e+00  1.78356218e-03 
 2.19000000e+00  1.78699193e-03 
 2.20000000e+00  1.79037540e-03 
 2.21000000e+00  1.79371257e-03 
 2.22000000e+00  1.79700340e-03 
 2.23000000e+00  1.80024784e-03 
 2.24000000e+00  1.80344586e-03 
 2.25000000e+00  1.80659742e-03 
 2.26000000e+00  1.80970248e-03 
 2.27000000e+00  1.81276100e-03 
 2.28000000e+00  1.81577294e-03 
 2.29000000e+00  1.81873826e-03 
 2.30000000e+00  1.82165693e-03 
 2.31000000e+00  1.82452890e-03 
 2.32000000e+00  1.82735413e-03 
 2.33000000e+00  1.83013258e-03 
 2.34000000e+00  1.83286423e-03 
 2.35000000e+00  1.83554902e-03 
 2.36000000e+00  1.83818692e-03 
 2.37000000e+00  1.84077788e-03 
 2.38000000e+00  1.84332188e-03 
 2.39000000e+00  1.84581886e-03 
 2.40000000e+00  1.84826880e-03 
 2.41000000e+00  1.85067165e-03 
 2.42000000e+00  1.85302737e-03 
 2.43000000e+00  1.85533593e-03 
 2.44000000e+00  1.85759728e-03 
 2.45000000e+00  1.85981139e-03 
 2.46000000e+00  1.86197821e-03 
 2.47000000e+00  1.86409771e-03 
 2.48000000e+00  1.86616985e-03 
 2.49000000e+00  1.86819458e-03 
 2.50000000e+00  1.87017188e-03 
 2.51000000e+00  1.87210169e-03 
 2.52000000e+00  1.87398399e-03 
 2.53000000e+00  1.87581873e-03 
 2.54000000e+00  1.87760587e-03 
 2.55000000e+00  1.87934538e-03 
 2.56000000e+00  1.88103721e-03 
 2.57000000e+00  1.88268133e-03 
 2.58000000e+00  1.88427769e-03 
 2.59000000e+00  1.88582626e-03 
 2.60000000e+00  1.88732700e-03 
 2.61000000e+00  1.88877987e-03 
 2.62000000e+00  1.89018483e-03 
 2.63000000e+00  1.89154184e-03 
 2.64000000e+00  1.89285086e-03 
 2.65000000e+00  1.89411185e-03 
 2.66000000e+00  1.89532478e-03 
 2.67000000e+00  1.89648960e-03 
 2.68000000e+00  1.89760627e-03 
 2.69000000e+00  1.89867476e-03 
 2.70000000e+00  1.89969503e-03 
 2.71000000e+00  1.90066703e-03 
 2.72000000e+00  1.90159074e-03 
 2.73000000e+00  1.90246610e-03 
 2.74000000e+00  1.90329308e-03 
 2.75000000e+00  1.90407164e-03 
 2.76000000e+00  1.90480175e-03 
 2.77000000e+00  1.90548336e-03 
 2.78000000e+00  1.90611643e-03 
 2.79000000e+00  1.90670092e-03 
 2.80000000e+00  1.90723680e-03 
 2.81000000e+00  1.90774836e-03 
 2.82000000e+00  1.90825992e-03 
 2.83000000e+00  1.90877148e-03 
 2.84000000e+00  1.90928304e-03 
 2.85000000e+00  1.90979460e-03 
 2.86000000e+00  1.91030616e-03 
 2.87000000e+00  1.91081772e-03 
 2.88000000e+00  1.91132928e-03 
 2.89000000e+00  1.91184084e-03 
 2.90000000e+00  1.91235240e-03 
 2.91000000e+00  1.91286396e-03 
 2.92000000e+00  1.91337552e-03 
 2.93000000e+00  1.91388708e-03 
 2.94000000e+00  1.91439864e-03 
 2.95000000e+00  1.91491020e-03 
 2.96000000e+00  1.91542176e-03 
 2.97000000e+00  1.91593332e-03 
 2.98000000e+00  1.91644488e-03 
 2.99000000e+00  1.91695644e-03 
 3.00000000e+00  1.91746800e-03 
 3.01000000e+00  1.91797956e-03 
 3.02000000e+00  1.91849112e-03 
 3.03000000e+00  1.91900268e-03 
 3.04000000e+00  1.91951424e-03 
 3.05000000e+00  1.92002580e-03 
 3.06000000e+00  1.92053736e-03 
 3.07000000e+00  1.92104892e-03 
 3.08000000e+00  1.92156048e-03 
 3.09000000e+00  1.92207204e-03 
 3.10000000e+00  1.92258360e-03 
 3.11000000e+00  1.92309516e-03 
 3.12000000e+00  1.92360672e-03 
 3.13000000e+00  1.92411828e-03 
 3.14000000e+00  1.92462984e-03 
 3.15000000e+00  1.92514140e-03 
 3.16000000e+00  1.92565296e-03 
 3.17000000e+00  1.92616452e-03 
 3.18000000e+00  1.92667608e-03 
 3.19000000e+00  1.92718764e-03 
 3.20000000e+00  1.92769920e-03 
 3.21000000e+00  1.92821076e-03 
 3.22000000e+00  1.92872232e-03 
 3.23000000e+00  1.92923388e-03 
 3.24000000e+00  1.92974544e-03 
 3.25000000e+00  1.93025700e-03 
 3.26000000e+00  1.93076856e-03 
 3.27000000e+00  1.93128012e-03 
 3.28000000e+00  1.93179168e-03 
 3.29000000e+00  1.93230324e-03 
 3.30000000e+00  1.93281480e-03 
 3.31000000e+00  1.93332636e-03 
 3.32000000e+00  1.93383792e-03 
 3.33000000e+00  1.93434948e-03 
 3.34000000e+00  1.93486104e-03 
 3.35000000e+00  1.93537260e-03 
 3.36000000e+00  1.93588416e-03 
 3.37000000e+00  1.93639572e-03 
 3.38000000e+00  1.93690728e-03 
 3.39000000e+00  1.93741884e-03 
 3.40000000e+00  1.93793040e-03 
 3.41000000e+00  1.93844196e-03 
 3.42000000e+00  1.93895352e-03 
 3.43000000e+00  1.93946508e-03 
 3.44000000e+00  1.93997664e-03 
 3.45000000e+00  1.94048820e-03 
 3.46000000e+00  1.94099976e-03 
 3.47000000e+00  1.94151132e-03 
 3.48000000e+00  1.94202288e-03 
 3.49000000e+00  1.94253444e-03 
 3.50000000e+00  1.94304600e-03 
 3.51000000e+00  1.94355756e-03 
 3.52000000e+00  1.94406912e-03 
 3.53000000e+00  1.94458068e-03 
 3.54000000e+00  1.94509224e-03 
 3.55000000e+00  1.94560380e-03 
 3.56000000e+00  1.94611536e-03 
 3.57000000e+00  1.94662692e-03 
 3.58000000e+00  1.94713848e-03 
 3.59000000e+00  1.94765004e-03 
 3.60000000e+00  1.94816160e-03 
 3.61000000e+00  1.94867316e-03 
 3.62000000e+00  1.94918472e-03 
 3.63000000e+00  1.94969628e-03 
 3.64000000e+00  1.95020784e-03 
 3.65000000e+00  1.95071940e-03 
 3.66000000e+00  1.95123096e-03 
 3.67000000e+00  1.95174252e-03 
 3.68000000e+00  1.95225408e-03 
 3.69000000e+00  1.95276564e-03 
 3.70000000e+00  1.95327720e-03 
 3.71000000e+00  1.95378876e-03 
 3.72000000e+00  1.95430032e-03 
 3.73000000e+00  1.95481188e-03 
 3.74000000e+00  1.95532344e-03 
 3.75000000e+00  1.95583500e-03 
 3.76000000e+00  1.95634656e-03 
 3.77000000e+00  1.95685812e-03 
 3.78000000e+00  1.95736968e-03 
 3.79000000e+00  1.95788124e-03 
 3.80000000e+00  1.95839280e-03 
 3.81000000e+00  1.95890436e-03 
 3.82000000e+00  1.95941592e-03 
 3.83000000e+00  1.95992748e-03 
 3.84000000e+00  1.96043904e-03 
 3.85000000e+00  1.96095060e-03 
 3.86000000e+00  1.96146216e-03 
 3.87000000e+00  1.96197372e-03 
 3.88000000e+00  1.96248528e-03 
 3.89000000e+00  1.96299684e-03 
 3.90000000e+00  1.96350840e-03 
 3.91000000e+00  1.96401996e-03 
 3.92000000e+00  1.96453152e-03 
 3.93000000e+00  1.96504308e-03 
 3.94000000e+00  1.96555464e-03 
 3.95000000e+00  1.96606620e-03 
 3.96000000e+00  1.96657776e-03 
 3.97000000e+00  1.96708932e-03 
 3.98000000e+00  1.96760088e-03 
 3.99000000e+00  1.96811244e-03 
 4.00000000e+00  1.96862400e-03 
 4.01000000e+00  1.96913556e-03 
 4.02000000e+00  1.96964712e-03 
 4.03000000e+00  1.97015868e-03 
 4.04000000e+00  1.97067024e-03 
 4.05000000e+00  1.97118180e-03 
 4.06000000e+00  1.97169336e-03 
 4.07000000e+00  1.97220492e-03 
 4.08000000e+00  1.97271648e-03 
 4.09000000e+00  1.97322804e-03 
 4.10000000e+00  1.97373960e-03 
 4.11000000e+00  1.97425116e-03 
 4.12000000e+00  1.97476272e-03 
 4.13000000e+00  1.97527428e-03 
 4.14000000e+00  1.97578584e-03 
 4.15000000e+00  1.97629740e-03 
 4.16000000e+00  1.97680896e-03 
 4.17000000e+00  1.97732052e-03 
 4.18000000e+00  1.97783208e-03 
 4.19000000e+00  1.97834364e-03 
 4.20000000e+00  1.97885520e-03 
 4.21000000e+00  1.97936676e-03 
 4.22000000e+00  1.97987832e-03 
 4.23000000e+00  1.98038988e-03 
 4.24000000e+00  1.98090144e-03 
 4.25000000e+00  1.98141300e-03 
 4.26000000e+00  1.98192456e-03 
 4.27000000e+00  1.98243612e-03 
 4.28000000e+00  1.98294768e-03 
 4.29000000e+00  1.98345924e-03 
 4.30000000e+00  1.98397080e-03 
 4.31000000e+00  1.98448236e-03 
 4.32000000e+00  1.98499392e-03 
 4.33000000e+00  1.98550548e-03 
 4.34000000e+00  1.98601704e-03 
 4.35000000e+00  1.98652860e-03 
 4.36000000e+00  1.98704016e-03 
 4.37000000e+00  1.98755172e-03 
 4.38000000e+00  1.98806328e-03 
 4.39000000e+00  1.98857484e-03 
 4.40000000e+00  1.98908640e-03 
 4.41000000e+00  1.98959796e-03 
 4.42000000e+00  1.99010952e-03 
 4.43000000e+00  1.99062108e-03 
 4.44000000e+00  1.99113264e-03 
 4.45000000e+00  1.99164420e-03 
 4.46000000e+00  1.99215576e-03 
 4.47000000e+00  1.99266732e-03 
 4.48000000e+00  1.99317888e-03 
 4.49000000e+00  1.99369044e-03 
 4.50000000e+00  1.99420200e-03 
 4.51000000e+00  1.99471356e-03 
 4.52000000e+00  1.99522512e-03 
 4.53000000e+00  1.99573668e-03 
 4.54000000e+00  1.99624824e-03 
 4.55000000e+00  1.99675980e-03 
 4.56000000e+00  1.99727136e-03 
 4.57000000e+00  1.99778292e-03 
 4.58000000e+00  1.99829448e-03 
 4.59000000e+00  1.99880604e-03 
 4.60000000e+00  1.99931760e-03 
 4.61000000e+00  1.99982916e-03 
 4.62000000e+00  2.00034072e-03 
 4.63000000e+00  2.00085228e-03 
 4.64000000e+00  2.00136384e-03 
 4.65000000e+00  2.00187540e-03 
 4.66000000e+00  2.00238696e-03 
 4.67000000e+00  2.00289852e-03 
 4.68000000e+00  2.00341008e-03 
 4.69000000e+00  2.00392164e-03 
 4.70000000e+00  2.00443320e-03 
 4.71000000e+00  2.00494476e-03 
 4.72000000e+00  2.00545632e-03 
 4.73000000e+00  2.00596788e-03 
 4.74000000e+00  2.00647944e-03 
 4.75000000e+00  2.00699100e-03 
 4.76000000e+00  2.00750256e-03 
 4.77000000e+00  2.00801412e-03 
 4.78000000e+00  2.00852568e-03 
 4.79000000e+00  2.00903724e-03 
 4.80000000e+00  2.00954880e-03 
 4.81000000e+00  2.01006036e-03 
 4.82000000e+00  2.01057192e-03 
 4.83000000e+00  2.01108348e-03 
 4.84000000e+00  2.01159504e-03 
 4.85000000e+00  2.01210660e-03 
 4.86000000e+00  2.01261816e-03 
 4.87000000e+00  2.01312972e-03 
 4.88000000e+00  2.01364128e-03 
 4.89000000e+00  2.01415284e-03 
 4.90000000e+00  2.01466440e-03 
 4.91000000e+00  2.01517596e-03 
 4.92000000e+00  2.01568752e-03 
 4.93000000e+00  2.01619908e-03 
 4.94000000e+00  2.01671064e-03 
 4.95000000e+00  2.01722220e-03 
 4.96000000e+00  2.01773376e-03 
 4.97000000e+00  2.01824532e-03 
 4.98000000e+00  2.01875688e-03 
 4.99000000e+00  2.01926844e-03 
 5.00000000e+00  2.01978001e-03 
