 0.00000000e+00 -0.00000000e+00 
 1.00000000e-02  1.48318000e-05 
 2.00000000e-02  2.96271738e-05 
 3.00000000e-02  4.43860824e-05 
 4.00000000e-02  5.91084864e-05 
 5.00000000e-02  7.37943469e-05 
 6.00000000e-02  8.84436247e-05 
 7.00000000e-02  1.03056281e-04 
 8.00000000e-02  1.17632275e-04 
 9.00000000e-02  1.32171570e-04 
 1.00000000e-01  1.46674125e-04 
 1.10000000e-01  1.61139902e-04 
 1.20000000e-01  1.75568861e-04 
 1.30000000e-01  1.89960963e-04 
 1.40000000e-01  2.04316170e-04 
 1.50000000e-01  2.18634441e-04 
 1.60000000e-01  2.32915738e-04 
 1.70000000e-01  2.47160021e-04 
 1.80000000e-01  2.61367252e-04 
 1.90000000e-01  2.75537392e-04 
 2.00000000e-01  2.89670400e-04 
 2.10000000e-01  3.03766239e-04 
 2.20000000e-01  3.17824868e-04 
 2.30000000e-01  3.31846249e-04 
 2.40000000e-01  3.45830343e-04 
 2.50000000e-01  3.59777110e-04 
 2.60000000e-01  3.73686511e-04 
 2.70000000e-01  3.87558507e-04 
 2.80000000e-01  4.01393059e-04 
 2.90000000e-01  4.15190129e-04 
 3.00000000e-01  4.28949675e-04 
 3.10000000e-01  4.42671661e-04 
 3.20000000e-01  4.56356045e-04 
 3.30000000e-01  4.70002790e-04 
 3.40000000e-01  4.83611856e-04 
 3.50000000e-01  4.97183203e-04 
 3.60000000e-01  5.10716794e-04 
 3.70000000e-01  5.24212588e-04 
 3.80000000e-01  5.37670547e-04 
 3.90000000e-01  5.51090630e-04 
 4.00000000e-01  5.64472800e-04 
 4.10000000e-01  5.77817017e-04 
 4.20000000e-01  5.91123242e-04 
 4.30000000e-01  6.04391436e-04 
 4.40000000e-01  6.17621559e-04 
 4.50000000e-01  6.30813572e-04 
 4.60000000e-01  6.43967437e-04 
 4.70000000e-01  6.57083114e-04 
 4.80000000e-01  6.70160564e-04 
 4.90000000e-01  6.83199747e-04 
 5.00000000e-01  6.96200626e-04 
 5.10000000e-01  7.09163159e-04 
 5.20000000e-01  7.22087309e-04 
 5.30000000e-01  7.34973037e-04 
 5.40000000e-01  7.47820302e-04 
 5.50000000e-01  7.60629066e-04 
 5.60000000e-01  7.73399290e-04 
 5.70000000e-01  7.86130935e-04 
 5.80000000e-01  7.98823961e-04 
 5.90000000e-01  8.11478329e-04 
 6.00000000e-01  8.24094001e-04 
 6.10000000e-01  8.36670936e-04 
 6.20000000e-01  8.49209096e-04 
 6.30000000e-01  8.61708442e-04 
 6.40000000e-01  8.74168935e-04 
 6.50000000e-01  8.86590535e-04 
 6.60000000e-01  8.98973203e-04 
 6.70000000e-01  9.11316901e-04 
 6.80000000e-01  9.23621588e-04 
 6.90000000e-01  9.35887226e-04 
 7.00000000e-01  9.48113776e-04 
 7.10000000e-01  9.60301198e-04 
 7.20000000e-01  9.72449454e-04 
 7.30000000e-01  9.84558503e-04 
 7.40000000e-01  9.96628308e-04 
 7.50000000e-01  1.00865883e-03 
 7.60000000e-01  1.02065003e-03 
 7.70000000e-01  1.03260186e-03 
 7.80000000e-01  1.04451429e-03 
 7.90000000e-01  1.05638729e-03 
 8.00000000e-01  1.06822080e-03 
 8.10000000e-01  1.08001479e-03 
 8.20000000e-01  1.09176923e-03 
 8.30000000e-01  1.10348407e-03 
 8.40000000e-01  1.11515927e-03 
 8.50000000e-01  1.12679480e-03 
 8.60000000e-01  1.13839061e-03 
 8.70000000e-01  1.14994667e-03 
 8.80000000e-01  1.16146293e-03 
 8.90000000e-01  1.17293936e-03 
 9.00000000e-01  1.18437593e-03 
 9.10000000e-01  1.19577258e-03 
 9.20000000e-01  1.20712928e-03 
 9.30000000e-01  1.21844599e-03 
 9.40000000e-01  1.22972267e-03 
 9.50000000e-01  1.24095929e-03 
 9.60000000e-01  1.25215580e-03 
 9.70000000e-01  1.26331217e-03 
 9.80000000e-01  1.27442835e-03 
 9.90000000e-01  1.28550431e-03 
 1.00000000e+00  1.29654000e-03 
 1.01000000e+00  1.30753539e-03 
 1.02000000e+00  1.31849044e-03 
 1.03000000e+00  1.32940512e-03 
 1.04000000e+00  1.34027937e-03 
 1.05000000e+00  1.35111316e-03 
 1.06000000e+00  1.36190646e-03 
 1.07000000e+00  1.37265921e-03 
 1.08000000e+00  1.38337140e-03 
 1.09000000e+00  1.39404296e-03 
 1.10000000e+00  1.40467388e-03 
 1.11000000e+00  1.41526410e-03 
 1.12000000e+00  1.42581358e-03 
 1.13000000e+00  1.43632230e-03 
 1.14000000e+00  1.44679020e-03 
 1.15000000e+00  1.45721725e-03 
 1.16000000e+00  1.46760342e-03 
 1.17000000e+00  1.47794865e-03 
 1.18000000e+00  1.48825292e-03 
 1.19000000e+00  1.49851619e-03 
 1.20000000e+00  1.50873840e-03 
 1.21000000e+00  1.51891953e-03 
 1.22000000e+00  1.52905954e-03 
 1.23000000e+00  1.53915838e-03 
 1.24000000e+00  1.54921602e-03 
 1.25000000e+00  1.55923242e-03 
 1.26000000e+00  1.56920754e-03 
 1.27000000e+00  1.57914134e-03 
 1.28000000e+00  1.58903378e-03 
 1.29000000e+00  1.59888482e-03 
 1.30000000e+00  1.60869443e-03 
 1.31000000e+00  1.61846255e-03 
 1.32000000e+00  1.62818917e-03 
 1.33000000e+00  1.63787422e-03 
 1.34000000e+00  1.64751769e-03 
 1.35000000e+00  1.65711952e-03 
 1.36000000e+00  1.66667967e-03 
 1.37000000e+00  1.67619812e-03 
 1.38000000e+00  1.68567482e-03 
 1.39000000e+00  1.69510972e-03 
 1.40000000e+00  1.70450280e-03 
 1.41000000e+00  1.71385401e-03 
 1.42000000e+00  1.72316331e-03 
 1.43000000e+00  1.73243067e-03 
 1.44000000e+00  1.74165604e-03 
 1.45000000e+00  1.75083939e-03 
 1.46000000e+00  1.75998067e-03 
 1.47000000e+00  1.76907985e-03 
 1.48000000e+00  1.77813688e-03 
 1.49000000e+00  1.78715174e-03 
 1.50000000e+00  1.79612438e-03 
 1.51000000e+00  1.80505475e-03 
 1.52000000e+00  1.81394283e-03 
 1.53000000e+00  1.82278857e-03 
 1.54000000e+00  1.83159193e-03 
 1.55000000e+00  1.84035288e-03 
 1.56000000e+00  1.84907137e-03 
 1.57000000e+00  1.85774737e-03 
 1.58000000e+00  1.86638083e-03 
 1.59000000e+00  1.87497172e-03 
 1.60000000e+00  1.88352000e-03 
 1.61000000e+00  1.89202563e-03 
 1.62000000e+00  1.90048857e-03 
 1.63000000e+00  1.90890878e-03 
 1.64000000e+00  1.91728622e-03 
 1.65000000e+00  1.92562085e-03 
 1.66000000e+00  1.93391263e-03 
 1.67000000e+00  1.94216153e-03 
 1.68000000e+00  1.95036751e-03 
 1.69000000e+00  1.95853052e-03 
 1.70000000e+00  1.96665053e-03 
 1.71000000e+00  1.97472749e-03 
 1.72000000e+00  1.98276137e-03 
 1.73000000e+00  1.99075214e-03 
 1.74000000e+00  1.99869974e-03 
 1.75000000e+00  2.00660414e-03 
 1.76000000e+00  2.01446531e-03 
 1.77000000e+00  2.02228319e-03 
 1.78000000e+00  2.03005777e-03 
 1.79000000e+00  2.03778898e-03 
 1.80000000e+00  2.04547680e-03 
 1.81000000e+00  2.05312119e-03 
 1.82000000e+00  2.06072210e-03 
 1.83000000e+00  2.06827950e-03 
 1.84000000e+00  2.07579335e-03 
 1.85000000e+00  2.08326361e-03 
 1.86000000e+00  2.09069024e-03 
 1.87000000e+00  2.09807320e-03 
 1.88000000e+00  2.10541245e-03 
 1.89000000e+00  2.11270796e-03 
 1.90000000e+00  2.11995968e-03 
 1.91000000e+00  2.12716757e-03 
 1.92000000e+00  2.13433160e-03 
 1.93000000e+00  2.14145172e-03 
 1.94000000e+00  2.14852791e-03 
 1.95000000e+00  2.15556011e-03 
 1.96000000e+00  2.16254828e-03 
 1.97000000e+00  2.16949240e-03 
 1.98000000e+00  2.17639242e-03 
 1.99000000e+00  2.18324830e-03 
 2.00000000e+00  2.19006000e-03 
 2.01000000e+00  2.19682749e-03 
 2.02000000e+00  2.20355072e-03 
 2.03000000e+00  2.21022965e-03 
 2.04000000e+00  2.21686425e-03 
 2.05000000e+00  2.22345447e-03 
 2.06000000e+00  2.23000029e-03 
 2.07000000e+00  2.23650165e-03 
 2.08000000e+00  2.24295852e-03 
 2.09000000e+00  2.24937086e-03 
 2.10000000e+00  2.25573863e-03 
 2.11000000e+00  2.26206179e-03 
 2.12000000e+00  2.26834030e-03 
 2.13000000e+00  2.27457413e-03 
 2.14000000e+00  2.28076323e-03 
 2.15000000e+00  2.28690757e-03 
 2.16000000e+00  2.29300710e-03 
 2.17000000e+00  2.29906179e-03 
 2.18000000e+00  2.30507159e-03 
 2.19000000e+00  2.31103648e-03 
 2.20000000e+00  2.31695640e-03 
 2.21000000e+00  2.32283133e-03 
 2.22000000e+00  2.32866121e-03 
 2.23000000e+00  2.33444602e-03 
 2.24000000e+00  2.34018570e-03 
 2.25000000e+00  2.34588024e-03 
 2.26000000e+00  2.35152957e-03 
 2.27000000e+00  2.35713367e-03 
 2.28000000e+00  2.36269250e-03 
 2.29000000e+00  2.36820602e-03 
 2.30000000e+00  2.37367418e-03 
 2.31000000e+00  2.37909695e-03 
 2.32000000e+00  2.38447429e-03 
 2.33000000e+00  2.38980616e-03 
 2.34000000e+00  2.39509252e-03 
 2.35000000e+00  2.40033333e-03 
 2.36000000e+00  2.40552856e-03 
 2.37000000e+00  2.41067816e-03 
 2.38000000e+00  2.41578209e-03 
 2.39000000e+00  2.42084032e-03 
 2.40000000e+00  2.42585280e-03 
 2.41000000e+00  2.43081950e-03 
 2.42000000e+00  2.43574038e-03 
 2.43000000e+00  2.44061540e-03 
 2.44000000e+00  2.44544452e-03 
 2.45000000e+00  2.45022770e-03 
 2.46000000e+00  2.45496490e-03 
 2.47000000e+00  2.45965608e-03 
 2.48000000e+00  2.46430121e-03 
 2.49000000e+00  2.46890023e-03 
 2.50000000e+00  2.47345313e-03 
 2.51000000e+00  2.47795985e-03 
 2.52000000e+00  2.48242035e-03 
 2.53000000e+00  2.48683460e-03 
 2.54000000e+00  2.49120256e-03 
 2.55000000e+00  2.49552419e-03 
 2.56000000e+00  2.49979945e-03 
 2.57000000e+00  2.50402830e-03 
 2.58000000e+00  2.50821070e-03 
 2.59000000e+00  2.51234662e-03 
 2.60000000e+00  2.51643600e-03 
 2.61000000e+00  2.52047882e-03 
 2.62000000e+00  2.52447504e-03 
 2.63000000e+00  2.52842461e-03 
 2.64000000e+00  2.53232750e-03 
 2.65000000e+00  2.53618366e-03 
 2.66000000e+00  2.53999307e-03 
 2.67000000e+00  2.54375567e-03 
 2.68000000e+00  2.54747143e-03 
 2.69000000e+00  2.55114031e-03 
 2.70000000e+00  2.55476228e-03 
 2.71000000e+00  2.55833728e-03 
 2.72000000e+00  2.56186530e-03 
 2.73000000e+00  2.56534627e-03 
 2.74000000e+00  2.56878017e-03 
 2.75000000e+00  2.57216696e-03 
 2.76000000e+00  2.57550659e-03 
 2.77000000e+00  2.57879903e-03 
 2.78000000e+00  2.58204424e-03 
 2.79000000e+00  2.58524217e-03 
 2.80000000e+00  2.58839280e-03 
 2.81000000e+00  2.59149608e-03 
 2.82000000e+00  2.59455197e-03 
 2.83000000e+00  2.59756044e-03 
 2.84000000e+00  2.60052143e-03 
 2.85000000e+00  2.60343492e-03 
 2.86000000e+00  2.60630087e-03 
 2.87000000e+00  2.60911923e-03 
 2.88000000e+00  2.61188997e-03 
 2.89000000e+00  2.61461305e-03 
 2.90000000e+00  2.61728843e-03 
 2.91000000e+00  2.61991606e-03 
 2.92000000e+00  2.62249592e-03 
 2.93000000e+00  2.62502796e-03 
 2.94000000e+00  2.62751214e-03 
 2.95000000e+00  2.62994842e-03 
 2.96000000e+00  2.63233676e-03 
 2.97000000e+00  2.63467714e-03 
 2.98000000e+00  2.63696949e-03 
 2.99000000e+00  2.63921379e-03 
 3.00000000e+00  2.64141000e-03 
 3.01000000e+00  2.64355808e-03 
 3.02000000e+00  2.64565799e-03 
 3.03000000e+00  2.64770968e-03 
 3.04000000e+00  2.64971313e-03 
 3.05000000e+00  2.65166829e-03 
 3.06000000e+00  2.65357512e-03 
 3.07000000e+00  2.65543358e-03 
 3.08000000e+00  2.65724364e-03 
 3.09000000e+00  2.65900525e-03 
 3.10000000e+00  2.66071838e-03 
 3.11000000e+00  2.66238298e-03 
 3.12000000e+00  2.66399902e-03 
 3.13000000e+00  2.66556646e-03 
 3.14000000e+00  2.66708526e-03 
 3.15000000e+00  2.66855538e-03 
 3.16000000e+00  2.66997678e-03 
 3.17000000e+00  2.67134942e-03 
 3.18000000e+00  2.67267327e-03 
 3.19000000e+00  2.67394827e-03 
 3.20000000e+00  2.67517440e-03 
 3.21000000e+00  2.67635162e-03 
 3.22000000e+00  2.67747988e-03 
 3.23000000e+00  2.67855915e-03 
 3.24000000e+00  2.67958939e-03 
 3.25000000e+00  2.68057055e-03 
 3.26000000e+00  2.68150260e-03 
 3.27000000e+00  2.68238551e-03 
 3.28000000e+00  2.68321922e-03 
 3.29000000e+00  2.68400371e-03 
 3.30000000e+00  2.68473893e-03 
 3.31000000e+00  2.68544950e-03 
 3.32000000e+00  2.68616007e-03 
 3.33000000e+00  2.68687065e-03 
 3.34000000e+00  2.68758122e-03 
 3.35000000e+00  2.68829179e-03 
 3.36000000e+00  2.68900236e-03 
 3.37000000e+00  2.68971294e-03 
 3.38000000e+00  2.69042351e-03 
 3.39000000e+00  2.69113408e-03 
 3.40000000e+00  2.69184465e-03 
 3.41000000e+00  2.69255523e-03 
 3.42000000e+00  2.69326580e-03 
 3.43000000e+00  2.69397637e-03 
 3.44000000e+00  2.69468694e-03 
 3.45000000e+00  2.69539752e-03 
 3.46000000e+00  2.69610809e-03 
 3.47000000e+00  2.69681866e-03 
 3.48000000e+00  2.69752923e-03 
 3.49000000e+00  2.69823981e-03 
 3.50000000e+00  2.69895038e-03 
 3.51000000e+00  2.69966095e-03 
 3.52000000e+00  2.70037152e-03 
 3.53000000e+00  2.70108210e-03 
 3.54000000e+00  2.70179267e-03 
 3.55000000e+00  2.70250324e-03 
 3.56000000e+00  2.70321381e-03 
 3.57000000e+00  2.70392439e-03 
 3.58000000e+00  2.70463496e-03 
 3.59000000e+00  2.70534553e-03 
 3.60000000e+00  2.70605610e-03 
 3.61000000e+00  2.70676668e-03 
 3.62000000e+00  2.70747725e-03 
 3.63000000e+00  2.70818782e-03 
 3.64000000e+00  2.70889839e-03 
 3.65000000e+00  2.70960897e-03 
 3.66000000e+00  2.71031954e-03 
 3.67000000e+00  2.71103011e-03 
 3.68000000e+00  2.71174068e-03 
 3.69000000e+00  2.71245126e-03 
 3.70000000e+00  2.71316183e-03 
 3.71000000e+00  2.71387240e-03 
 3.72000000e+00  2.71458297e-03 
 3.73000000e+00  2.71529355e-03 
 3.74000000e+00  2.71600412e-03 
 3.75000000e+00  2.71671469e-03 
 3.76000000e+00  2.71742526e-03 
 3.77000000e+00  2.71813584e-03 
 3.78000000e+00  2.71884641e-03 
 3.79000000e+00  2.71955698e-03 
 3.80000000e+00  2.72026755e-03 
 3.81000000e+00  2.72097813e-03 
 3.82000000e+00  2.72168870e-03 
 3.83000000e+00  2.72239927e-03 
 3.84000000e+00  2.72310984e-03 
 3.85000000e+00  2.72382042e-03 
 3.86000000e+00  2.72453099e-03 
 3.87000000e+00  2.72524156e-03 
 3.88000000e+00  2.72595213e-03 
 3.89000000e+00  2.72666271e-03 
 3.90000000e+00  2.72737328e-03 
 3.91000000e+00  2.72808385e-03 
 3.92000000e+00  2.72879442e-03 
 3.93000000e+00  2.72950500e-03 
 3.94000000e+00  2.73021557e-03 
 3.95000000e+00  2.73092614e-03 
 3.96000000e+00  2.73163671e-03 
 3.97000000e+00  2.73234729e-03 
 3.98000000e+00  2.73305786e-03 
 3.99000000e+00  2.73376843e-03 
 4.00000000e+00  2.73447900e-03 
 4.01000000e+00  2.73518958e-03 
 4.02000000e+00  2.73590015e-03 
 4.03000000e+00  2.73661072e-03 
 4.04000000e+00  2.73732129e-03 
 4.05000000e+00  2.73803187e-03 
 4.06000000e+00  2.73874244e-03 
 4.07000000e+00  2.73945301e-03 
 4.08000000e+00  2.74016358e-03 
 4.09000000e+00  2.74087416e-03 
 4.10000000e+00  2.74158473e-03 
 4.11000000e+00  2.74229530e-03 
 4.12000000e+00  2.74300587e-03 
 4.13000000e+00  2.74371645e-03 
 4.14000000e+00  2.74442702e-03 
 4.15000000e+00  2.74513759e-03 
 4.16000000e+00  2.74584816e-03 
 4.17000000e+00  2.74655874e-03 
 4.18000000e+00  2.74726931e-03 
 4.19000000e+00  2.74797988e-03 
 4.20000000e+00  2.74869045e-03 
 4.21000000e+00  2.74940103e-03 
 4.22000000e+00  2.75011160e-03 
 4.23000000e+00  2.75082217e-03 
 4.24000000e+00  2.75153274e-03 
 4.25000000e+00  2.75224332e-03 
 4.26000000e+00  2.75295389e-03 
 4.27000000e+00  2.75366446e-03 
 4.28000000e+00  2.75437503e-03 
 4.29000000e+00  2.75508561e-03 
 4.30000000e+00  2.75579618e-03 
 4.31000000e+00  2.75650675e-03 
 4.32000000e+00  2.75721732e-03 
 4.33000000e+00  2.75792790e-03 
 4.34000000e+00  2.75863847e-03 
 4.35000000e+00  2.75934904e-03 
 4.36000000e+00  2.76005961e-03 
 4.37000000e+00  2.76077019e-03 
 4.38000000e+00  2.76148076e-03 
 4.39000000e+00  2.76219133e-03 
 4.40000000e+00  2.76290190e-03 
 4.41000000e+00  2.76361248e-03 
 4.42000000e+00  2.76432305e-03 
 4.43000000e+00  2.76503362e-03 
 4.44000000e+00  2.76574419e-03 
 4.45000000e+00  2.76645477e-03 
 4.46000000e+00  2.76716534e-03 
 4.47000000e+00  2.76787591e-03 
 4.48000000e+00  2.76858648e-03 
 4.49000000e+00  2.76929706e-03 
 4.50000000e+00  2.77000763e-03 
 4.51000000e+00  2.77071820e-03 
 4.52000000e+00  2.77142877e-03 
 4.53000000e+00  2.77213935e-03 
 4.54000000e+00  2.77284992e-03 
 4.55000000e+00  2.77356049e-03 
 4.56000000e+00  2.77427106e-03 
 4.57000000e+00  2.77498164e-03 
 4.58000000e+00  2.77569221e-03 
 4.59000000e+00  2.77640278e-03 
 4.60000000e+00  2.77711335e-03 
 4.61000000e+00  2.77782393e-03 
 4.62000000e+00  2.77853450e-03 
 4.63000000e+00  2.77924507e-03 
 4.64000000e+00  2.77995564e-03 
 4.65000000e+00  2.78066622e-03 
 4.66000000e+00  2.78137679e-03 
 4.67000000e+00  2.78208736e-03 
 4.68000000e+00  2.78279793e-03 
 4.69000000e+00  2.78350851e-03 
 4.70000000e+00  2.78421908e-03 
 4.71000000e+00  2.78492965e-03 
 4.72000000e+00  2.78564022e-03 
 4.73000000e+00  2.78635080e-03 
 4.74000000e+00  2.78706137e-03 
 4.75000000e+00  2.78777194e-03 
 4.76000000e+00  2.78848251e-03 
 4.77000000e+00  2.78919309e-03 
 4.78000000e+00  2.78990366e-03 
 4.79000000e+00  2.79061423e-03 
 4.80000000e+00  2.79132480e-03 
 4.81000000e+00  2.79203538e-03 
 4.82000000e+00  2.79274595e-03 
 4.83000000e+00  2.79345652e-03 
 4.84000000e+00  2.79416709e-03 
 4.85000000e+00  2.79487767e-03 
 4.86000000e+00  2.79558824e-03 
 4.87000000e+00  2.79629881e-03 
 4.88000000e+00  2.79700938e-03 
 4.89000000e+00  2.79771996e-03 
 4.90000000e+00  2.79843053e-03 
 4.91000000e+00  2.79914110e-03 
 4.92000000e+00  2.79985167e-03 
 4.93000000e+00  2.80056225e-03 
 4.94000000e+00  2.80127282e-03 
 4.95000000e+00  2.80198339e-03 
 4.96000000e+00  2.80269396e-03 
 4.97000000e+00  2.80340454e-03 
 4.98000000e+00  2.80411511e-03 
 4.99000000e+00  2.80482568e-03 
 5.00000000e+00  2.80553626e-03 
