 0.00000000e+00  5.01000000e-12 
 1.00000000e-02  5.01000000e-12 
 2.00000000e-02  5.01000000e-12 
 3.00000000e-02  5.01000000e-12 
 4.00000000e-02  5.01000000e-12 
 5.00000000e-02  5.01000000e-12 
 6.00000000e-02  5.01000000e-12 
 7.00000000e-02  5.01000000e-12 
 8.00000000e-02  5.01000000e-12 
 9.00000000e-02  5.01000000e-12 
 1.00000000e-01  5.01000000e-12 
 1.10000000e-01  5.01000000e-12 
 1.20000000e-01  5.01000000e-12 
 1.30000000e-01  5.01000000e-12 
 1.40000000e-01  5.01000000e-12 
 1.50000000e-01  5.01000000e-12 
 1.60000000e-01  5.01000000e-12 
 1.70000000e-01  5.01000000e-12 
 1.80000000e-01  5.01000000e-12 
 1.90000000e-01  5.01000000e-12 
 2.00000000e-01  5.01000000e-12 
 2.10000000e-01  5.01000000e-12 
 2.20000000e-01  5.01000000e-12 
 2.30000000e-01  5.01000000e-12 
 2.40000000e-01  5.01000000e-12 
 2.50000000e-01  5.01000000e-12 
 2.60000000e-01  5.01000000e-12 
 2.70000000e-01  5.01000000e-12 
 2.80000000e-01  5.01000000e-12 
 2.90000000e-01  5.01000000e-12 
 3.00000000e-01  5.01000000e-12 
 3.10000000e-01  5.01000000e-12 
 3.20000000e-01  5.01000000e-12 
 3.30000000e-01  5.01000000e-12 
 3.40000000e-01  5.01000000e-12 
 3.50000000e-01  5.01000000e-12 
 3.60000000e-01  5.01000000e-12 
 3.70000000e-01  5.01000000e-12 
 3.80000000e-01  5.01000000e-12 
 3.90000000e-01  5.01000000e-12 
 4.00000000e-01  5.01000000e-12 
 4.10000000e-01  5.01000000e-12 
 4.20000000e-01  5.01000000e-12 
 4.30000000e-01  5.01000000e-12 
 4.40000000e-01  5.01000000e-12 
 4.50000000e-01  5.01000000e-12 
 4.60000000e-01  5.01000000e-12 
 4.70000000e-01  5.01000000e-12 
 4.80000000e-01  5.01000000e-12 
 4.90000000e-01  5.01000000e-12 
 5.00000000e-01  5.01000000e-12 
 5.10000000e-01  5.01000000e-12 
 5.20000000e-01  5.01000000e-12 
 5.30000000e-01  5.01000000e-12 
 5.40000000e-01  5.01000000e-12 
 5.50000000e-01  5.01000000e-12 
 5.60000000e-01  5.01000000e-12 
 5.70000000e-01  5.01000000e-12 
 5.80000000e-01  5.01000000e-12 
 5.90000000e-01  5.01000000e-12 
 6.00000000e-01  5.01000000e-12 
 6.10000000e-01  5.01000000e-12 
 6.20000000e-01  5.01000000e-12 
 6.30000000e-01  5.01000000e-12 
 6.40000000e-01  5.01000000e-12 
 6.50000000e-01  5.01000000e-12 
 6.60000000e-01  5.01000000e-12 
 6.70000000e-01  5.01000000e-12 
 6.80000000e-01  5.01000000e-12 
 6.90000000e-01  5.01000000e-12 
 7.00000000e-01  5.01000000e-12 
 7.10000000e-01  2.57675100e-08 
 7.20000000e-01  1.03055010e-07 
 7.30000000e-01  2.31867510e-07 
 7.40000000e-01  4.12205010e-07 
 7.50000000e-01  6.44067510e-07 
 7.60000000e-01  9.27455010e-07 
 7.70000000e-01  1.26236751e-06 
 7.80000000e-01  1.64880501e-06 
 7.90000000e-01  2.08676751e-06 
 8.00000000e-01  2.57625501e-06 
 8.10000000e-01  3.11726751e-06 
 8.20000000e-01  3.70980501e-06 
 8.30000000e-01  4.35386751e-06 
 8.40000000e-01  5.04945501e-06 
 8.50000000e-01  5.79656751e-06 
 8.60000000e-01  6.59520501e-06 
 8.70000000e-01  7.44536751e-06 
 8.80000000e-01  8.34705501e-06 
 8.90000000e-01  9.30026751e-06 
 9.00000000e-01  1.03050050e-05 
 9.10000000e-01  1.13612675e-05 
 9.20000000e-01  1.24690550e-05 
 9.30000000e-01  1.36283675e-05 
 9.40000000e-01  1.48392050e-05 
 9.50000000e-01  1.61015675e-05 
 9.60000000e-01  1.74154550e-05 
 9.70000000e-01  1.87808675e-05 
 9.80000000e-01  2.01978050e-05 
 9.90000000e-01  2.16662675e-05 
 1.00000000e+00  2.31862550e-05 
 1.01000000e+00  2.47577675e-05 
 1.02000000e+00  2.63808050e-05 
 1.03000000e+00  2.80553675e-05 
 1.04000000e+00  2.97814550e-05 
 1.05000000e+00  3.15590675e-05 
 1.06000000e+00  3.33882050e-05 
 1.07000000e+00  3.52688675e-05 
 1.08000000e+00  3.72010550e-05 
 1.09000000e+00  3.91847675e-05 
 1.10000000e+00  4.12200050e-05 
 1.11000000e+00  4.33067675e-05 
 1.12000000e+00  4.54450550e-05 
 1.13000000e+00  4.76348675e-05 
 1.14000000e+00  4.98762050e-05 
 1.15000000e+00  5.21690675e-05 
 1.16000000e+00  5.45134550e-05 
 1.17000000e+00  5.69093675e-05 
 1.18000000e+00  5.93568050e-05 
 1.19000000e+00  6.18557675e-05 
 1.20000000e+00  6.44062550e-05 
 1.21000000e+00  6.70082675e-05 
 1.22000000e+00  6.96618050e-05 
 1.23000000e+00  7.23668675e-05 
 1.24000000e+00  7.51234550e-05 
 1.25000000e+00  7.79315675e-05 
 1.26000000e+00  8.07912050e-05 
 1.27000000e+00  8.37023675e-05 
 1.28000000e+00  8.66650550e-05 
 1.29000000e+00  8.96792675e-05 
 1.30000000e+00  9.27450050e-05 
 1.31000000e+00  9.58622675e-05 
 1.32000000e+00  9.90310550e-05 
 1.33000000e+00  1.02251368e-04 
 1.34000000e+00  1.05523205e-04 
 1.35000000e+00  1.08846568e-04 
 1.36000000e+00  1.12221455e-04 
 1.37000000e+00  1.15647868e-04 
 1.38000000e+00  1.19125805e-04 
 1.39000000e+00  1.22655268e-04 
 1.40000000e+00  1.26236255e-04 
 1.41000000e+00  1.29868768e-04 
 1.42000000e+00  1.33552805e-04 
 1.43000000e+00  1.37288368e-04 
 1.44000000e+00  1.41075455e-04 
 1.45000000e+00  1.44914068e-04 
 1.46000000e+00  1.48804205e-04 
 1.47000000e+00  1.52745868e-04 
 1.48000000e+00  1.56739055e-04 
 1.49000000e+00  1.60783768e-04 
 1.50000000e+00  1.64880005e-04 
 1.51000000e+00  1.69027768e-04 
 1.52000000e+00  1.73227055e-04 
 1.53000000e+00  1.77477868e-04 
 1.54000000e+00  1.81780205e-04 
 1.55000000e+00  1.86134068e-04 
 1.56000000e+00  1.90539455e-04 
 1.57000000e+00  1.94996368e-04 
 1.58000000e+00  1.99504805e-04 
 1.59000000e+00  2.04064768e-04 
 1.60000000e+00  2.08676255e-04 
 1.61000000e+00  2.13339268e-04 
 1.62000000e+00  2.18053805e-04 
 1.63000000e+00  2.22819868e-04 
 1.64000000e+00  2.27637455e-04 
 1.65000000e+00  2.32506568e-04 
 1.66000000e+00  2.37427205e-04 
 1.67000000e+00  2.42399368e-04 
 1.68000000e+00  2.47423055e-04 
 1.69000000e+00  2.52498268e-04 
 1.70000000e+00  2.57625005e-04 
 1.71000000e+00  2.62803268e-04 
 1.72000000e+00  2.68033055e-04 
 1.73000000e+00  2.73314368e-04 
 1.74000000e+00  2.78647205e-04 
 1.75000000e+00  2.84031568e-04 
 1.76000000e+00  2.89467455e-04 
 1.77000000e+00  2.94954868e-04 
 1.78000000e+00  3.00493805e-04 
 1.79000000e+00  3.06084268e-04 
 1.80000000e+00  3.11726255e-04 
 1.81000000e+00  3.17419768e-04 
 1.82000000e+00  3.23164805e-04 
 1.83000000e+00  3.28961368e-04 
 1.84000000e+00  3.34809455e-04 
 1.85000000e+00  3.40709068e-04 
 1.86000000e+00  3.46660205e-04 
 1.87000000e+00  3.52662868e-04 
 1.88000000e+00  3.58717055e-04 
 1.89000000e+00  3.64822768e-04 
 1.90000000e+00  3.70980005e-04 
 1.91000000e+00  3.77188768e-04 
 1.92000000e+00  3.83449055e-04 
 1.93000000e+00  3.89760868e-04 
 1.94000000e+00  3.96124205e-04 
 1.95000000e+00  4.02539068e-04 
 1.96000000e+00  4.09005455e-04 
 1.97000000e+00  4.15523368e-04 
 1.98000000e+00  4.22092805e-04 
 1.99000000e+00  4.28713768e-04 
 2.00000000e+00  4.35386255e-04 
 2.01000000e+00  4.42110268e-04 
 2.02000000e+00  4.48885805e-04 
 2.03000000e+00  4.55712868e-04 
 2.04000000e+00  4.62591455e-04 
 2.05000000e+00  4.69521568e-04 
 2.06000000e+00  4.76503205e-04 
 2.07000000e+00  4.83536368e-04 
 2.08000000e+00  4.90621055e-04 
 2.09000000e+00  4.97757268e-04 
 2.10000000e+00  5.04945005e-04 
 2.11000000e+00  5.12184268e-04 
 2.12000000e+00  5.19475055e-04 
 2.13000000e+00  5.26817368e-04 
 2.14000000e+00  5.34211205e-04 
 2.15000000e+00  5.41656568e-04 
 2.16000000e+00  5.49153455e-04 
 2.17000000e+00  5.56701868e-04 
 2.18000000e+00  5.64301805e-04 
 2.19000000e+00  5.71953268e-04 
 2.20000000e+00  5.79656255e-04 
 2.21000000e+00  5.87410768e-04 
 2.22000000e+00  5.95216805e-04 
 2.23000000e+00  6.03074368e-04 
 2.24000000e+00  6.10983455e-04 
 2.25000000e+00  6.18944068e-04 
 2.26000000e+00  6.26956205e-04 
 2.27000000e+00  6.35019868e-04 
 2.28000000e+00  6.43135055e-04 
 2.29000000e+00  6.51301768e-04 
 2.30000000e+00  6.59520005e-04 
 2.31000000e+00  6.67789768e-04 
 2.32000000e+00  6.76111055e-04 
 2.33000000e+00  6.84483868e-04 
 2.34000000e+00  6.92908205e-04 
 2.35000000e+00  7.01384068e-04 
 2.36000000e+00  7.09911455e-04 
 2.37000000e+00  7.18490368e-04 
 2.38000000e+00  7.27120805e-04 
 2.39000000e+00  7.35802768e-04 
 2.40000000e+00  7.44536255e-04 
 2.41000000e+00  7.53321268e-04 
 2.42000000e+00  7.62157805e-04 
 2.43000000e+00  7.71045868e-04 
 2.44000000e+00  7.79985455e-04 
 2.45000000e+00  7.88976568e-04 
 2.46000000e+00  7.98019205e-04 
 2.47000000e+00  8.07113368e-04 
 2.48000000e+00  8.16259055e-04 
 2.49000000e+00  8.25456268e-04 
 2.50000000e+00  8.34705005e-04 
 2.51000000e+00  8.44005268e-04 
 2.52000000e+00  8.53357055e-04 
 2.53000000e+00  8.62760368e-04 
 2.54000000e+00  8.72215205e-04 
 2.55000000e+00  8.81721568e-04 
 2.56000000e+00  8.91279455e-04 
 2.57000000e+00  9.00888868e-04 
 2.58000000e+00  9.10549805e-04 
 2.59000000e+00  9.20262268e-04 
 2.60000000e+00  9.30026255e-04 
 2.61000000e+00  9.39841768e-04 
 2.62000000e+00  9.49708805e-04 
 2.63000000e+00  9.59627368e-04 
 2.64000000e+00  9.69597455e-04 
 2.65000000e+00  9.79619068e-04 
 2.66000000e+00  9.89692205e-04 
 2.67000000e+00  9.99816868e-04 
 2.68000000e+00  1.00999306e-03 
 2.69000000e+00  1.02022077e-03 
 2.70000000e+00  1.03050001e-03 
 2.71000000e+00  1.04083077e-03 
 2.72000000e+00  1.05121306e-03 
 2.73000000e+00  1.06164687e-03 
 2.74000000e+00  1.07213221e-03 
 2.75000000e+00  1.08266907e-03 
 2.76000000e+00  1.09325746e-03 
 2.77000000e+00  1.10389737e-03 
 2.78000000e+00  1.11458881e-03 
 2.79000000e+00  1.12533177e-03 
 2.80000000e+00  1.13612626e-03 
 2.81000000e+00  1.14697227e-03 
 2.82000000e+00  1.15786981e-03 
 2.83000000e+00  1.16881887e-03 
 2.84000000e+00  1.17981946e-03 
 2.85000000e+00  1.19087157e-03 
 2.86000000e+00  1.20197521e-03 
 2.87000000e+00  1.21313037e-03 
 2.88000000e+00  1.22433706e-03 
 2.89000000e+00  1.23559527e-03 
 2.90000000e+00  1.24690501e-03 
 2.91000000e+00  1.25826627e-03 
 2.92000000e+00  1.26967906e-03 
 2.93000000e+00  1.28114337e-03 
 2.94000000e+00  1.29265921e-03 
 2.95000000e+00  1.30422657e-03 
 2.96000000e+00  1.31584546e-03 
 2.97000000e+00  1.32751587e-03 
 2.98000000e+00  1.33923781e-03 
 2.99000000e+00  1.35101127e-03 
 3.00000000e+00  1.36283626e-03 
 3.01000000e+00  1.37471277e-03 
 3.02000000e+00  1.38664081e-03 
 3.03000000e+00  1.39862037e-03 
 3.04000000e+00  1.41065146e-03 
 3.05000000e+00  1.42273407e-03 
 3.06000000e+00  1.43486821e-03 
 3.07000000e+00  1.44705387e-03 
 3.08000000e+00  1.45929106e-03 
 3.09000000e+00  1.47157977e-03 
 3.10000000e+00  1.48392001e-03 
 3.11000000e+00  1.49631177e-03 
 3.12000000e+00  1.50875506e-03 
 3.13000000e+00  1.52124987e-03 
 3.14000000e+00  1.53379621e-03 
 3.15000000e+00  1.54639407e-03 
 3.16000000e+00  1.55904346e-03 
 3.17000000e+00  1.57174437e-03 
 3.18000000e+00  1.58449681e-03 
 3.19000000e+00  1.59730077e-03 
 3.20000000e+00  1.61015626e-03 
 3.21000000e+00  1.62306327e-03 
 3.22000000e+00  1.63602181e-03 
 3.23000000e+00  1.64903187e-03 
 3.24000000e+00  1.66209346e-03 
 3.25000000e+00  1.67520657e-03 
 3.26000000e+00  1.68837121e-03 
 3.27000000e+00  1.70158737e-03 
 3.28000000e+00  1.71485506e-03 
 3.29000000e+00  1.72817427e-03 
 3.30000000e+00  1.74154501e-03 
 3.31000000e+00  1.75496727e-03 
 3.32000000e+00  1.76844106e-03 
 3.33000000e+00  1.78196637e-03 
 3.34000000e+00  1.79554321e-03 
 3.35000000e+00  1.80917157e-03 
 3.36000000e+00  1.82285146e-03 
 3.37000000e+00  1.83658287e-03 
 3.38000000e+00  1.85036581e-03 
 3.39000000e+00  1.86420027e-03 
 3.40000000e+00  1.87808626e-03 
 3.41000000e+00  1.89202377e-03 
 3.42000000e+00  1.90601281e-03 
 3.43000000e+00  1.92005337e-03 
 3.44000000e+00  1.93414546e-03 
 3.45000000e+00  1.94828907e-03 
 3.46000000e+00  1.96248421e-03 
 3.47000000e+00  1.97673087e-03 
 3.48000000e+00  1.99102906e-03 
 3.49000000e+00  2.00537877e-03 
 3.50000000e+00  2.01978001e-03 
 3.51000000e+00  2.03423277e-03 
 3.52000000e+00  2.04873706e-03 
 3.53000000e+00  2.06329287e-03 
 3.54000000e+00  2.07790021e-03 
 3.55000000e+00  2.09255907e-03 
 3.56000000e+00  2.10726946e-03 
 3.57000000e+00  2.12203137e-03 
 3.58000000e+00  2.13684481e-03 
 3.59000000e+00  2.15170977e-03 
 3.60000000e+00  2.16662626e-03 
 3.61000000e+00  2.18159427e-03 
 3.62000000e+00  2.19661381e-03 
 3.63000000e+00  2.21168487e-03 
 3.64000000e+00  2.22680746e-03 
 3.65000000e+00  2.24198157e-03 
 3.66000000e+00  2.25720721e-03 
 3.67000000e+00  2.27248437e-03 
 3.68000000e+00  2.28781306e-03 
 3.69000000e+00  2.30319327e-03 
 3.70000000e+00  2.31862501e-03 
 3.71000000e+00  2.33410827e-03 
 3.72000000e+00  2.34964306e-03 
 3.73000000e+00  2.36522937e-03 
 3.74000000e+00  2.38086721e-03 
 3.75000000e+00  2.39655657e-03 
 3.76000000e+00  2.41229746e-03 
 3.77000000e+00  2.42808987e-03 
 3.78000000e+00  2.44393381e-03 
 3.79000000e+00  2.45982927e-03 
 3.80000000e+00  2.47577626e-03 
 3.81000000e+00  2.49177477e-03 
 3.82000000e+00  2.50782481e-03 
 3.83000000e+00  2.52392637e-03 
 3.84000000e+00  2.54007946e-03 
 3.85000000e+00  2.55628407e-03 
 3.86000000e+00  2.57254021e-03 
 3.87000000e+00  2.58884787e-03 
 3.88000000e+00  2.60520706e-03 
 3.89000000e+00  2.62161777e-03 
 3.90000000e+00  2.63808001e-03 
 3.91000000e+00  2.65459377e-03 
 3.92000000e+00  2.67115906e-03 
 3.93000000e+00  2.68777587e-03 
 3.94000000e+00  2.70444421e-03 
 3.95000000e+00  2.72116407e-03 
 3.96000000e+00  2.73793546e-03 
 3.97000000e+00  2.75475837e-03 
 3.98000000e+00  2.77163281e-03 
 3.99000000e+00  2.78855877e-03 
 4.00000000e+00  2.80553626e-03 
 4.01000000e+00  2.82256527e-03 
 4.02000000e+00  2.83964581e-03 
 4.03000000e+00  2.85677787e-03 
 4.04000000e+00  2.87396146e-03 
 4.05000000e+00  2.89119657e-03 
 4.06000000e+00  2.90848321e-03 
 4.07000000e+00  2.92582137e-03 
 4.08000000e+00  2.94321106e-03 
 4.09000000e+00  2.96065227e-03 
 4.10000000e+00  2.97814501e-03 
 4.11000000e+00  2.99568927e-03 
 4.12000000e+00  3.01328506e-03 
 4.13000000e+00  3.03093237e-03 
 4.14000000e+00  3.04863121e-03 
 4.15000000e+00  3.06638157e-03 
 4.16000000e+00  3.08418346e-03 
 4.17000000e+00  3.10203687e-03 
 4.18000000e+00  3.11994181e-03 
 4.19000000e+00  3.13789827e-03 
 4.20000000e+00  3.15590626e-03 
 4.21000000e+00  3.17396577e-03 
 4.22000000e+00  3.19207681e-03 
 4.23000000e+00  3.21023937e-03 
 4.24000000e+00  3.22845346e-03 
 4.25000000e+00  3.24671907e-03 
 4.26000000e+00  3.26503621e-03 
 4.27000000e+00  3.28340487e-03 
 4.28000000e+00  3.30182506e-03 
 4.29000000e+00  3.32029677e-03 
 4.30000000e+00  3.33882001e-03 
 4.31000000e+00  3.35739477e-03 
 4.32000000e+00  3.37602106e-03 
 4.33000000e+00  3.39469887e-03 
 4.34000000e+00  3.41342821e-03 
 4.35000000e+00  3.43220907e-03 
 4.36000000e+00  3.45104146e-03 
 4.37000000e+00  3.46992537e-03 
 4.38000000e+00  3.48886081e-03 
 4.39000000e+00  3.50784777e-03 
 4.40000000e+00  3.52688626e-03 
 4.41000000e+00  3.54597627e-03 
 4.42000000e+00  3.56511781e-03 
 4.43000000e+00  3.58431087e-03 
 4.44000000e+00  3.60355546e-03 
 4.45000000e+00  3.62285157e-03 
 4.46000000e+00  3.64219921e-03 
 4.47000000e+00  3.66159837e-03 
 4.48000000e+00  3.68104906e-03 
 4.49000000e+00  3.70055127e-03 
 4.50000000e+00  3.72010501e-03 
 4.51000000e+00  3.73971027e-03 
 4.52000000e+00  3.75936706e-03 
 4.53000000e+00  3.77907537e-03 
 4.54000000e+00  3.79883521e-03 
 4.55000000e+00  3.81864657e-03 
 4.56000000e+00  3.83850946e-03 
 4.57000000e+00  3.85842387e-03 
 4.58000000e+00  3.87838981e-03 
 4.59000000e+00  3.89840727e-03 
 4.60000000e+00  3.91847626e-03 
 4.61000000e+00  3.93859677e-03 
 4.62000000e+00  3.95876881e-03 
 4.63000000e+00  3.97899237e-03 
 4.64000000e+00  3.99926746e-03 
 4.65000000e+00  4.01959407e-03 
 4.66000000e+00  4.03997221e-03 
 4.67000000e+00  4.06040187e-03 
 4.68000000e+00  4.08088306e-03 
 4.69000000e+00  4.10141577e-03 
 4.70000000e+00  4.12200001e-03 
 4.71000000e+00  4.14263577e-03 
 4.72000000e+00  4.16332306e-03 
 4.73000000e+00  4.18406187e-03 
 4.74000000e+00  4.20485221e-03 
 4.75000000e+00  4.22569407e-03 
 4.76000000e+00  4.24658746e-03 
 4.77000000e+00  4.26753237e-03 
 4.78000000e+00  4.28852881e-03 
 4.79000000e+00  4.30957677e-03 
 4.80000000e+00  4.33067626e-03 
 4.81000000e+00  4.35182727e-03 
 4.82000000e+00  4.37302981e-03 
 4.83000000e+00  4.39428387e-03 
 4.84000000e+00  4.41558946e-03 
 4.85000000e+00  4.43694657e-03 
 4.86000000e+00  4.45835521e-03 
 4.87000000e+00  4.47981537e-03 
 4.88000000e+00  4.50132706e-03 
 4.89000000e+00  4.52289027e-03 
 4.90000000e+00  4.54450501e-03 
 4.91000000e+00  4.56617127e-03 
 4.92000000e+00  4.58788906e-03 
 4.93000000e+00  4.60965837e-03 
 4.94000000e+00  4.63147921e-03 
 4.95000000e+00  4.65335157e-03 
 4.96000000e+00  4.67527546e-03 
 4.97000000e+00  4.69725087e-03 
 4.98000000e+00  4.71927781e-03 
 4.99000000e+00  4.74135627e-03 
 5.00000000e+00  4.76348626e-03 
