 0.00000000e+00  2.10000000e-13 
 1.00000000e-02  2.10000000e-13 
 2.00000000e-02  2.10000000e-13 
 3.00000000e-02  2.10000000e-13 
 4.00000000e-02  2.10000000e-13 
 5.00000000e-02  2.10000000e-13 
 6.00000000e-02  2.10000000e-13 
 7.00000000e-02  2.10000000e-13 
 8.00000000e-02  2.10000000e-13 
 9.00000000e-02  2.10000000e-13 
 1.00000000e-01  2.10000000e-13 
 1.10000000e-01  2.10000000e-13 
 1.20000000e-01  2.10000000e-13 
 1.30000000e-01  2.10000000e-13 
 1.40000000e-01  2.10000000e-13 
 1.50000000e-01  2.10000000e-13 
 1.60000000e-01  2.10000000e-13 
 1.70000000e-01  2.10000000e-13 
 1.80000000e-01  2.10000000e-13 
 1.90000000e-01  2.10000000e-13 
 2.00000000e-01  2.10000000e-13 
 2.10000000e-01  2.10000000e-13 
 2.20000000e-01  2.10000000e-13 
 2.30000000e-01  2.10000000e-13 
 2.40000000e-01  2.10000000e-13 
 2.50000000e-01  2.10000000e-13 
 2.60000000e-01  2.10000000e-13 
 2.70000000e-01  2.10000000e-13 
 2.80000000e-01  2.10000000e-13 
 2.90000000e-01  2.10000000e-13 
 3.00000000e-01  2.10000000e-13 
 3.10000000e-01  2.10000000e-13 
 3.20000000e-01  2.10000000e-13 
 3.30000000e-01  2.10000000e-13 
 3.40000000e-01  2.10000000e-13 
 3.50000000e-01  2.10000000e-13 
 3.60000000e-01  2.10000000e-13 
 3.70000000e-01  2.10000000e-13 
 3.80000000e-01  2.10000000e-13 
 3.90000000e-01  2.10000000e-13 
 4.00000000e-01  2.10000000e-13 
 4.10000000e-01  2.10000000e-13 
 4.20000000e-01  2.10000000e-13 
 4.30000000e-01  2.10000000e-13 
 4.40000000e-01  2.10000000e-13 
 4.50000000e-01  2.10000000e-13 
 4.60000000e-01  2.10000000e-13 
 4.70000000e-01  2.10000000e-13 
 4.80000000e-01  2.10000000e-13 
 4.90000000e-01  2.10000000e-13 
 5.00000000e-01  2.10000000e-13 
 5.10000000e-01  2.10000000e-13 
 5.20000000e-01  2.10000000e-13 
 5.30000000e-01  2.10000000e-13 
 5.40000000e-01  2.10000000e-13 
 5.50000000e-01  2.10000000e-13 
 5.60000000e-01  2.10000000e-13 
 5.70000000e-01  2.10000000e-13 
 5.80000000e-01  2.10000000e-13 
 5.90000000e-01  2.10000000e-13 
 6.00000000e-01  2.10000000e-13 
 6.10000000e-01  2.10000000e-13 
 6.20000000e-01  2.10000000e-13 
 6.30000000e-01  2.10000000e-13 
 6.40000000e-01  2.10000000e-13 
 6.50000000e-01  2.10000000e-13 
 6.60000000e-01  2.10000000e-13 
 6.70000000e-01  2.10000000e-13 
 6.80000000e-01  2.10000000e-13 
 6.90000000e-01  2.10000000e-13 
 7.00000000e-01  2.10000000e-13 
 7.10000000e-01  2.26307100e-08 
 7.20000000e-01  9.05222100e-08 
 7.30000000e-01  2.03674710e-07 
 7.40000000e-01  3.62088210e-07 
 7.50000000e-01  5.65762710e-07 
 7.60000000e-01  8.14698210e-07 
 7.70000000e-01  1.10889471e-06 
 7.80000000e-01  1.44835221e-06 
 7.90000000e-01  1.83307071e-06 
 8.00000000e-01  2.26305021e-06 
 8.10000000e-01  2.73829071e-06 
 8.20000000e-01  3.25879221e-06 
 8.30000000e-01  3.82455471e-06 
 8.40000000e-01  4.43557821e-06 
 8.50000000e-01  5.09186271e-06 
 8.60000000e-01  5.79340821e-06 
 8.70000000e-01  6.54021471e-06 
 8.80000000e-01  7.33228221e-06 
 8.90000000e-01  8.16961071e-06 
 9.00000000e-01  9.05220021e-06 
 9.10000000e-01  9.95742021e-06 
 9.20000000e-01  1.08626402e-05 
 9.30000000e-01  1.17678602e-05 
 9.40000000e-01  1.26730802e-05 
 9.50000000e-01  1.35783002e-05 
 9.60000000e-01  1.44835202e-05 
 9.70000000e-01  1.53887402e-05 
 9.80000000e-01  1.62939602e-05 
 9.90000000e-01  1.71991802e-05 
 1.00000000e+00  1.81044002e-05 
 1.01000000e+00  1.90096202e-05 
 1.02000000e+00  1.99148402e-05 
 1.03000000e+00  2.08200602e-05 
 1.04000000e+00  2.17252802e-05 
 1.05000000e+00  2.26305002e-05 
 1.06000000e+00  2.35357202e-05 
 1.07000000e+00  2.44409402e-05 
 1.08000000e+00  2.53461602e-05 
 1.09000000e+00  2.62513802e-05 
 1.10000000e+00  2.71566002e-05 
 1.11000000e+00  2.80618202e-05 
 1.12000000e+00  2.89670402e-05 
 1.13000000e+00  2.98722602e-05 
 1.14000000e+00  3.07774802e-05 
 1.15000000e+00  3.16827002e-05 
 1.16000000e+00  3.25879202e-05 
 1.17000000e+00  3.34931402e-05 
 1.18000000e+00  3.43983602e-05 
 1.19000000e+00  3.53035802e-05 
 1.20000000e+00  3.62088002e-05 
 1.21000000e+00  3.71140202e-05 
 1.22000000e+00  3.80192402e-05 
 1.23000000e+00  3.89244602e-05 
 1.24000000e+00  3.98296802e-05 
 1.25000000e+00  4.07349002e-05 
 1.26000000e+00  4.16401202e-05 
 1.27000000e+00  4.25453402e-05 
 1.28000000e+00  4.34505602e-05 
 1.29000000e+00  4.43557802e-05 
 1.30000000e+00  4.52610002e-05 
 1.31000000e+00  4.61662202e-05 
 1.32000000e+00  4.70714402e-05 
 1.33000000e+00  4.79766602e-05 
 1.34000000e+00  4.88818802e-05 
 1.35000000e+00  4.97871002e-05 
 1.36000000e+00  5.06923202e-05 
 1.37000000e+00  5.15975402e-05 
 1.38000000e+00  5.25027602e-05 
 1.39000000e+00  5.34079802e-05 
 1.40000000e+00  5.43132002e-05 
 1.41000000e+00  5.52184202e-05 
 1.42000000e+00  5.61236402e-05 
 1.43000000e+00  5.70288602e-05 
 1.44000000e+00  5.79340802e-05 
 1.45000000e+00  5.88393002e-05 
 1.46000000e+00  5.97445202e-05 
 1.47000000e+00  6.06497402e-05 
 1.48000000e+00  6.15549602e-05 
 1.49000000e+00  6.24601802e-05 
 1.50000000e+00  6.33654002e-05 
 1.51000000e+00  6.42706202e-05 
 1.52000000e+00  6.51758402e-05 
 1.53000000e+00  6.60810602e-05 
 1.54000000e+00  6.69862802e-05 
 1.55000000e+00  6.78915002e-05 
 1.56000000e+00  6.87967202e-05 
 1.57000000e+00  6.97019402e-05 
 1.58000000e+00  7.06071602e-05 
 1.59000000e+00  7.15123802e-05 
 1.60000000e+00  7.24176002e-05 
 1.61000000e+00  7.33228202e-05 
 1.62000000e+00  7.42280402e-05 
 1.63000000e+00  7.51332602e-05 
 1.64000000e+00  7.60384802e-05 
 1.65000000e+00  7.69437002e-05 
 1.66000000e+00  7.78489202e-05 
 1.67000000e+00  7.87541402e-05 
 1.68000000e+00  7.96593602e-05 
 1.69000000e+00  8.05645802e-05 
 1.70000000e+00  8.14698002e-05 
 1.71000000e+00  8.23750202e-05 
 1.72000000e+00  8.32802402e-05 
 1.73000000e+00  8.41854602e-05 
 1.74000000e+00  8.50906802e-05 
 1.75000000e+00  8.59959002e-05 
 1.76000000e+00  8.69011202e-05 
 1.77000000e+00  8.78063402e-05 
 1.78000000e+00  8.87115602e-05 
 1.79000000e+00  8.96167802e-05 
 1.80000000e+00  9.05220002e-05 
 1.81000000e+00  9.14272202e-05 
 1.82000000e+00  9.23324402e-05 
 1.83000000e+00  9.32376602e-05 
 1.84000000e+00  9.41428802e-05 
 1.85000000e+00  9.50481002e-05 
 1.86000000e+00  9.59533202e-05 
 1.87000000e+00  9.68585402e-05 
 1.88000000e+00  9.77637602e-05 
 1.89000000e+00  9.86689802e-05 
 1.90000000e+00  9.95742002e-05 
 1.91000000e+00  1.00479420e-04 
 1.92000000e+00  1.01384640e-04 
 1.93000000e+00  1.02289860e-04 
 1.94000000e+00  1.03195080e-04 
 1.95000000e+00  1.04100300e-04 
 1.96000000e+00  1.05005520e-04 
 1.97000000e+00  1.05910740e-04 
 1.98000000e+00  1.06815960e-04 
 1.99000000e+00  1.07721180e-04 
 2.00000000e+00  1.08626400e-04 
 2.01000000e+00  1.09531620e-04 
 2.02000000e+00  1.10436840e-04 
 2.03000000e+00  1.11342060e-04 
 2.04000000e+00  1.12247280e-04 
 2.05000000e+00  1.13152500e-04 
 2.06000000e+00  1.14057720e-04 
 2.07000000e+00  1.14962940e-04 
 2.08000000e+00  1.15868160e-04 
 2.09000000e+00  1.16773380e-04 
 2.10000000e+00  1.17678600e-04 
 2.11000000e+00  1.18583820e-04 
 2.12000000e+00  1.19489040e-04 
 2.13000000e+00  1.20394260e-04 
 2.14000000e+00  1.21299480e-04 
 2.15000000e+00  1.22204700e-04 
 2.16000000e+00  1.23109920e-04 
 2.17000000e+00  1.24015140e-04 
 2.18000000e+00  1.24920360e-04 
 2.19000000e+00  1.25825580e-04 
 2.20000000e+00  1.26730800e-04 
 2.21000000e+00  1.27636020e-04 
 2.22000000e+00  1.28541240e-04 
 2.23000000e+00  1.29446460e-04 
 2.24000000e+00  1.30351680e-04 
 2.25000000e+00  1.31256900e-04 
 2.26000000e+00  1.32162120e-04 
 2.27000000e+00  1.33067340e-04 
 2.28000000e+00  1.33972560e-04 
 2.29000000e+00  1.34877780e-04 
 2.30000000e+00  1.35783000e-04 
 2.31000000e+00  1.36688220e-04 
 2.32000000e+00  1.37593440e-04 
 2.33000000e+00  1.38498660e-04 
 2.34000000e+00  1.39403880e-04 
 2.35000000e+00  1.40309100e-04 
 2.36000000e+00  1.41214320e-04 
 2.37000000e+00  1.42119540e-04 
 2.38000000e+00  1.43024760e-04 
 2.39000000e+00  1.43929980e-04 
 2.40000000e+00  1.44835200e-04 
 2.41000000e+00  1.45740420e-04 
 2.42000000e+00  1.46645640e-04 
 2.43000000e+00  1.47550860e-04 
 2.44000000e+00  1.48456080e-04 
 2.45000000e+00  1.49361300e-04 
 2.46000000e+00  1.50266520e-04 
 2.47000000e+00  1.51171740e-04 
 2.48000000e+00  1.52076960e-04 
 2.49000000e+00  1.52982180e-04 
 2.50000000e+00  1.53887400e-04 
 2.51000000e+00  1.54792620e-04 
 2.52000000e+00  1.55697840e-04 
 2.53000000e+00  1.56603060e-04 
 2.54000000e+00  1.57508280e-04 
 2.55000000e+00  1.58413500e-04 
 2.56000000e+00  1.59318720e-04 
 2.57000000e+00  1.60223940e-04 
 2.58000000e+00  1.61129160e-04 
 2.59000000e+00  1.62034380e-04 
 2.60000000e+00  1.62939600e-04 
 2.61000000e+00  1.63844820e-04 
 2.62000000e+00  1.64750040e-04 
 2.63000000e+00  1.65655260e-04 
 2.64000000e+00  1.66560480e-04 
 2.65000000e+00  1.67465700e-04 
 2.66000000e+00  1.68370920e-04 
 2.67000000e+00  1.69276140e-04 
 2.68000000e+00  1.70181360e-04 
 2.69000000e+00  1.71086580e-04 
 2.70000000e+00  1.71991800e-04 
 2.71000000e+00  1.72897020e-04 
 2.72000000e+00  1.73802240e-04 
 2.73000000e+00  1.74707460e-04 
 2.74000000e+00  1.75612680e-04 
 2.75000000e+00  1.76517900e-04 
 2.76000000e+00  1.77423120e-04 
 2.77000000e+00  1.78328340e-04 
 2.78000000e+00  1.79233560e-04 
 2.79000000e+00  1.80138780e-04 
 2.80000000e+00  1.81044000e-04 
 2.81000000e+00  1.81949220e-04 
 2.82000000e+00  1.82854440e-04 
 2.83000000e+00  1.83759660e-04 
 2.84000000e+00  1.84664880e-04 
 2.85000000e+00  1.85570100e-04 
 2.86000000e+00  1.86475320e-04 
 2.87000000e+00  1.87380540e-04 
 2.88000000e+00  1.88285760e-04 
 2.89000000e+00  1.89190980e-04 
 2.90000000e+00  1.90096200e-04 
 2.91000000e+00  1.91001420e-04 
 2.92000000e+00  1.91906640e-04 
 2.93000000e+00  1.92811860e-04 
 2.94000000e+00  1.93717080e-04 
 2.95000000e+00  1.94622300e-04 
 2.96000000e+00  1.95527520e-04 
 2.97000000e+00  1.96432740e-04 
 2.98000000e+00  1.97337960e-04 
 2.99000000e+00  1.98243180e-04 
 3.00000000e+00  1.99148400e-04 
 3.01000000e+00  2.00053620e-04 
 3.02000000e+00  2.00958840e-04 
 3.03000000e+00  2.01864060e-04 
 3.04000000e+00  2.02769280e-04 
 3.05000000e+00  2.03674500e-04 
 3.06000000e+00  2.04579720e-04 
 3.07000000e+00  2.05484940e-04 
 3.08000000e+00  2.06390160e-04 
 3.09000000e+00  2.07295380e-04 
 3.10000000e+00  2.08200600e-04 
 3.11000000e+00  2.09105820e-04 
 3.12000000e+00  2.10011040e-04 
 3.13000000e+00  2.10916260e-04 
 3.14000000e+00  2.11821480e-04 
 3.15000000e+00  2.12726700e-04 
 3.16000000e+00  2.13631920e-04 
 3.17000000e+00  2.14537140e-04 
 3.18000000e+00  2.15442360e-04 
 3.19000000e+00  2.16347580e-04 
 3.20000000e+00  2.17252800e-04 
 3.21000000e+00  2.18158020e-04 
 3.22000000e+00  2.19063240e-04 
 3.23000000e+00  2.19968460e-04 
 3.24000000e+00  2.20873680e-04 
 3.25000000e+00  2.21778900e-04 
 3.26000000e+00  2.22684120e-04 
 3.27000000e+00  2.23589340e-04 
 3.28000000e+00  2.24494560e-04 
 3.29000000e+00  2.25399780e-04 
 3.30000000e+00  2.26305000e-04 
 3.31000000e+00  2.27210220e-04 
 3.32000000e+00  2.28115440e-04 
 3.33000000e+00  2.29020660e-04 
 3.34000000e+00  2.29925880e-04 
 3.35000000e+00  2.30831100e-04 
 3.36000000e+00  2.31736320e-04 
 3.37000000e+00  2.32641540e-04 
 3.38000000e+00  2.33546760e-04 
 3.39000000e+00  2.34451980e-04 
 3.40000000e+00  2.35357200e-04 
 3.41000000e+00  2.36262420e-04 
 3.42000000e+00  2.37167640e-04 
 3.43000000e+00  2.38072860e-04 
 3.44000000e+00  2.38978080e-04 
 3.45000000e+00  2.39883300e-04 
 3.46000000e+00  2.40788520e-04 
 3.47000000e+00  2.41693740e-04 
 3.48000000e+00  2.42598960e-04 
 3.49000000e+00  2.43504180e-04 
 3.50000000e+00  2.44409400e-04 
 3.51000000e+00  2.45314620e-04 
 3.52000000e+00  2.46219840e-04 
 3.53000000e+00  2.47125060e-04 
 3.54000000e+00  2.48030280e-04 
 3.55000000e+00  2.48935500e-04 
 3.56000000e+00  2.49840720e-04 
 3.57000000e+00  2.50745940e-04 
 3.58000000e+00  2.51651160e-04 
 3.59000000e+00  2.52556380e-04 
 3.60000000e+00  2.53461600e-04 
 3.61000000e+00  2.54366820e-04 
 3.62000000e+00  2.55272040e-04 
 3.63000000e+00  2.56177260e-04 
 3.64000000e+00  2.57082480e-04 
 3.65000000e+00  2.57987700e-04 
 3.66000000e+00  2.58892920e-04 
 3.67000000e+00  2.59798140e-04 
 3.68000000e+00  2.60703360e-04 
 3.69000000e+00  2.61608580e-04 
 3.70000000e+00  2.62513800e-04 
 3.71000000e+00  2.63419020e-04 
 3.72000000e+00  2.64324240e-04 
 3.73000000e+00  2.65229460e-04 
 3.74000000e+00  2.66134680e-04 
 3.75000000e+00  2.67039900e-04 
 3.76000000e+00  2.67945120e-04 
 3.77000000e+00  2.68850340e-04 
 3.78000000e+00  2.69755560e-04 
 3.79000000e+00  2.70660780e-04 
 3.80000000e+00  2.71566000e-04 
 3.81000000e+00  2.72471220e-04 
 3.82000000e+00  2.73376440e-04 
 3.83000000e+00  2.74281660e-04 
 3.84000000e+00  2.75186880e-04 
 3.85000000e+00  2.76092100e-04 
 3.86000000e+00  2.76997320e-04 
 3.87000000e+00  2.77902540e-04 
 3.88000000e+00  2.78807760e-04 
 3.89000000e+00  2.79712980e-04 
 3.90000000e+00  2.80618200e-04 
 3.91000000e+00  2.81523420e-04 
 3.92000000e+00  2.82428640e-04 
 3.93000000e+00  2.83333860e-04 
 3.94000000e+00  2.84239080e-04 
 3.95000000e+00  2.85144300e-04 
 3.96000000e+00  2.86049520e-04 
 3.97000000e+00  2.86954740e-04 
 3.98000000e+00  2.87859960e-04 
 3.99000000e+00  2.88765180e-04 
 4.00000000e+00  2.89670400e-04 
 4.01000000e+00  2.90575620e-04 
 4.02000000e+00  2.91480840e-04 
 4.03000000e+00  2.92386060e-04 
 4.04000000e+00  2.93291280e-04 
 4.05000000e+00  2.94196500e-04 
 4.06000000e+00  2.95101720e-04 
 4.07000000e+00  2.96006940e-04 
 4.08000000e+00  2.96912160e-04 
 4.09000000e+00  2.97817380e-04 
 4.10000000e+00  2.98722600e-04 
 4.11000000e+00  2.99627820e-04 
 4.12000000e+00  3.00533040e-04 
 4.13000000e+00  3.01438260e-04 
 4.14000000e+00  3.02343480e-04 
 4.15000000e+00  3.03248700e-04 
 4.16000000e+00  3.04153920e-04 
 4.17000000e+00  3.05059140e-04 
 4.18000000e+00  3.05964360e-04 
 4.19000000e+00  3.06869580e-04 
 4.20000000e+00  3.07774800e-04 
 4.21000000e+00  3.08680020e-04 
 4.22000000e+00  3.09585240e-04 
 4.23000000e+00  3.10490460e-04 
 4.24000000e+00  3.11395680e-04 
 4.25000000e+00  3.12300900e-04 
 4.26000000e+00  3.13206120e-04 
 4.27000000e+00  3.14111340e-04 
 4.28000000e+00  3.15016560e-04 
 4.29000000e+00  3.15921780e-04 
 4.30000000e+00  3.16827000e-04 
 4.31000000e+00  3.17732220e-04 
 4.32000000e+00  3.18637440e-04 
 4.33000000e+00  3.19542660e-04 
 4.34000000e+00  3.20447880e-04 
 4.35000000e+00  3.21353100e-04 
 4.36000000e+00  3.22258320e-04 
 4.37000000e+00  3.23163540e-04 
 4.38000000e+00  3.24068760e-04 
 4.39000000e+00  3.24973980e-04 
 4.40000000e+00  3.25879200e-04 
 4.41000000e+00  3.26784420e-04 
 4.42000000e+00  3.27689640e-04 
 4.43000000e+00  3.28594860e-04 
 4.44000000e+00  3.29500080e-04 
 4.45000000e+00  3.30405300e-04 
 4.46000000e+00  3.31310520e-04 
 4.47000000e+00  3.32215740e-04 
 4.48000000e+00  3.33120960e-04 
 4.49000000e+00  3.34026180e-04 
 4.50000000e+00  3.34931400e-04 
 4.51000000e+00  3.35836620e-04 
 4.52000000e+00  3.36741840e-04 
 4.53000000e+00  3.37647060e-04 
 4.54000000e+00  3.38552280e-04 
 4.55000000e+00  3.39457500e-04 
 4.56000000e+00  3.40362720e-04 
 4.57000000e+00  3.41267940e-04 
 4.58000000e+00  3.42173160e-04 
 4.59000000e+00  3.43078380e-04 
 4.60000000e+00  3.43983600e-04 
 4.61000000e+00  3.44888820e-04 
 4.62000000e+00  3.45794040e-04 
 4.63000000e+00  3.46699260e-04 
 4.64000000e+00  3.47604480e-04 
 4.65000000e+00  3.48509700e-04 
 4.66000000e+00  3.49414920e-04 
 4.67000000e+00  3.50320140e-04 
 4.68000000e+00  3.51225360e-04 
 4.69000000e+00  3.52130580e-04 
 4.70000000e+00  3.53035800e-04 
 4.71000000e+00  3.53941020e-04 
 4.72000000e+00  3.54846240e-04 
 4.73000000e+00  3.55751460e-04 
 4.74000000e+00  3.56656680e-04 
 4.75000000e+00  3.57561900e-04 
 4.76000000e+00  3.58467120e-04 
 4.77000000e+00  3.59372340e-04 
 4.78000000e+00  3.60277560e-04 
 4.79000000e+00  3.61182780e-04 
 4.80000000e+00  3.62088000e-04 
 4.81000000e+00  3.62993220e-04 
 4.82000000e+00  3.63898440e-04 
 4.83000000e+00  3.64803660e-04 
 4.84000000e+00  3.65708880e-04 
 4.85000000e+00  3.66614100e-04 
 4.86000000e+00  3.67519320e-04 
 4.87000000e+00  3.68424540e-04 
 4.88000000e+00  3.69329760e-04 
 4.89000000e+00  3.70234980e-04 
 4.90000000e+00  3.71140200e-04 
 4.91000000e+00  3.72045420e-04 
 4.92000000e+00  3.72950640e-04 
 4.93000000e+00  3.73855860e-04 
 4.94000000e+00  3.74761080e-04 
 4.95000000e+00  3.75666300e-04 
 4.96000000e+00  3.76571520e-04 
 4.97000000e+00  3.77476740e-04 
 4.98000000e+00  3.78381960e-04 
 4.99000000e+00  3.79287180e-04 
 5.00000000e+00  3.80192400e-04 
