 0.00000000e+00  1.21000000e-12 
 1.00000000e-02  1.21000000e-12 
 2.00000000e-02  1.21000000e-12 
 3.00000000e-02  1.21000000e-12 
 4.00000000e-02  1.21000000e-12 
 5.00000000e-02  1.21000000e-12 
 6.00000000e-02  1.21000000e-12 
 7.00000000e-02  1.21000000e-12 
 8.00000000e-02  1.21000000e-12 
 9.00000000e-02  1.21000000e-12 
 1.00000000e-01  1.21000000e-12 
 1.10000000e-01  1.21000000e-12 
 1.20000000e-01  1.21000000e-12 
 1.30000000e-01  1.21000000e-12 
 1.40000000e-01  1.21000000e-12 
 1.50000000e-01  1.21000000e-12 
 1.60000000e-01  1.21000000e-12 
 1.70000000e-01  1.21000000e-12 
 1.80000000e-01  1.21000000e-12 
 1.90000000e-01  1.21000000e-12 
 2.00000000e-01  1.21000000e-12 
 2.10000000e-01  1.21000000e-12 
 2.20000000e-01  1.21000000e-12 
 2.30000000e-01  1.21000000e-12 
 2.40000000e-01  1.21000000e-12 
 2.50000000e-01  1.21000000e-12 
 2.60000000e-01  1.21000000e-12 
 2.70000000e-01  1.21000000e-12 
 2.80000000e-01  1.21000000e-12 
 2.90000000e-01  1.21000000e-12 
 3.00000000e-01  1.21000000e-12 
 3.10000000e-01  1.21000000e-12 
 3.20000000e-01  1.21000000e-12 
 3.30000000e-01  1.21000000e-12 
 3.40000000e-01  1.21000000e-12 
 3.50000000e-01  1.21000000e-12 
 3.60000000e-01  1.21000000e-12 
 3.70000000e-01  1.21000000e-12 
 3.80000000e-01  1.21000000e-12 
 3.90000000e-01  1.21000000e-12 
 4.00000000e-01  1.21000000e-12 
 4.10000000e-01  1.21000000e-12 
 4.20000000e-01  1.21000000e-12 
 4.30000000e-01  1.21000000e-12 
 4.40000000e-01  1.21000000e-12 
 4.50000000e-01  1.21000000e-12 
 4.60000000e-01  1.21000000e-12 
 4.70000000e-01  1.21000000e-12 
 4.80000000e-01  1.21000000e-12 
 4.90000000e-01  1.21000000e-12 
 5.00000000e-01  1.21000000e-12 
 5.10000000e-01  1.21000000e-12 
 5.20000000e-01  1.21000000e-12 
 5.30000000e-01  1.21000000e-12 
 5.40000000e-01  1.21000000e-12 
 5.50000000e-01  1.21000000e-12 
 5.60000000e-01  1.21000000e-12 
 5.70000000e-01  1.21000000e-12 
 5.80000000e-01  1.21000000e-12 
 5.90000000e-01  1.21000000e-12 
 6.00000000e-01  1.21000000e-12 
 6.10000000e-01  1.21000000e-12 
 6.20000000e-01  1.21000000e-12 
 6.30000000e-01  1.21000000e-12 
 6.40000000e-01  1.21000000e-12 
 6.50000000e-01  1.21000000e-12 
 6.60000000e-01  1.21000000e-12 
 6.70000000e-01  1.21000000e-12 
 6.80000000e-01  1.21000000e-12 
 6.90000000e-01  1.21000000e-12 
 7.00000000e-01  1.21000000e-12 
 7.10000000e-01  1.21000000e-12 
 7.20000000e-01  1.21000000e-12 
 7.30000000e-01  1.21000000e-12 
 7.40000000e-01  1.21000000e-12 
 7.50000000e-01  1.21000000e-12 
 7.60000000e-01  1.21000000e-12 
 7.70000000e-01  1.21000000e-12 
 7.80000000e-01  1.21000000e-12 
 7.90000000e-01  1.21000000e-12 
 8.00000000e-01  1.21000000e-12 
 8.10000000e-01  1.21000000e-12 
 8.20000000e-01  1.21000000e-12 
 8.30000000e-01  1.21000000e-12 
 8.40000000e-01  1.21000000e-12 
 8.50000000e-01  1.21000000e-12 
 8.60000000e-01  1.21000000e-12 
 8.70000000e-01  1.21000000e-12 
 8.80000000e-01  1.21000000e-12 
 8.90000000e-01  1.21000000e-12 
 9.00000000e-01  1.21000000e-12 
 9.10000000e-01  1.21000000e-12 
 9.20000000e-01  1.21000000e-12 
 9.30000000e-01  1.21000000e-12 
 9.40000000e-01  1.21000000e-12 
 9.50000000e-01  1.21000000e-12 
 9.60000000e-01  1.21000000e-12 
 9.70000000e-01  1.21000000e-12 
 9.80000000e-01  1.21000000e-12 
 9.90000000e-01  1.21000000e-12 
 1.00000000e+00  1.21000000e-12 
 1.01000000e+00  1.21000000e-12 
 1.02000000e+00  1.21000000e-12 
 1.03000000e+00  1.21000000e-12 
 1.04000000e+00  1.21000000e-12 
 1.05000000e+00  1.21000000e-12 
 1.06000000e+00  1.21000000e-12 
 1.07000000e+00  5.07857595e-09 
 1.08000000e+00  4.91476701e-08 
 1.09000000e+00  1.38477764e-07 
 1.10000000e+00  2.73068858e-07 
 1.11000000e+00  4.52920953e-07 
 1.12000000e+00  6.78034047e-07 
 1.13000000e+00  9.48408141e-07 
 1.14000000e+00  1.26404324e-06 
 1.15000000e+00  1.62493933e-06 
 1.16000000e+00  2.03109642e-06 
 1.17000000e+00  2.48251452e-06 
 1.18000000e+00  2.97919361e-06 
 1.19000000e+00  3.52113371e-06 
 1.20000000e+00  4.10833480e-06 
 1.21000000e+00  4.74079689e-06 
 1.22000000e+00  5.41851999e-06 
 1.23000000e+00  6.14150408e-06 
 1.24000000e+00  6.90974918e-06 
 1.25000000e+00  7.72325527e-06 
 1.26000000e+00  8.58202237e-06 
 1.27000000e+00  9.48097309e-06 
 1.28000000e+00  1.03861931e-05 
 1.29000000e+00  1.12914131e-05 
 1.30000000e+00  1.21966331e-05 
 1.31000000e+00  1.31018531e-05 
 1.32000000e+00  1.40070731e-05 
 1.33000000e+00  1.49122931e-05 
 1.34000000e+00  1.58175131e-05 
 1.35000000e+00  1.67227331e-05 
 1.36000000e+00  1.76279531e-05 
 1.37000000e+00  1.85331731e-05 
 1.38000000e+00  1.94383931e-05 
 1.39000000e+00  2.03436131e-05 
 1.40000000e+00  2.12488331e-05 
 1.41000000e+00  2.21540531e-05 
 1.42000000e+00  2.30592731e-05 
 1.43000000e+00  2.39644931e-05 
 1.44000000e+00  2.48697131e-05 
 1.45000000e+00  2.57749331e-05 
 1.46000000e+00  2.66801531e-05 
 1.47000000e+00  2.75853731e-05 
 1.48000000e+00  2.84905931e-05 
 1.49000000e+00  2.93958131e-05 
 1.50000000e+00  3.03010331e-05 
 1.51000000e+00  3.12062531e-05 
 1.52000000e+00  3.21114731e-05 
 1.53000000e+00  3.30166931e-05 
 1.54000000e+00  3.39219131e-05 
 1.55000000e+00  3.48271331e-05 
 1.56000000e+00  3.57323531e-05 
 1.57000000e+00  3.66375731e-05 
 1.58000000e+00  3.75427931e-05 
 1.59000000e+00  3.84480131e-05 
 1.60000000e+00  3.93532331e-05 
 1.61000000e+00  4.02584531e-05 
 1.62000000e+00  4.11636731e-05 
 1.63000000e+00  4.20688931e-05 
 1.64000000e+00  4.29741131e-05 
 1.65000000e+00  4.38793331e-05 
 1.66000000e+00  4.47845531e-05 
 1.67000000e+00  4.56897731e-05 
 1.68000000e+00  4.65949931e-05 
 1.69000000e+00  4.75002131e-05 
 1.70000000e+00  4.84054331e-05 
 1.71000000e+00  4.93106531e-05 
 1.72000000e+00  5.02158731e-05 
 1.73000000e+00  5.11210931e-05 
 1.74000000e+00  5.20263131e-05 
 1.75000000e+00  5.29315331e-05 
 1.76000000e+00  5.38367531e-05 
 1.77000000e+00  5.47419731e-05 
 1.78000000e+00  5.56471931e-05 
 1.79000000e+00  5.65524131e-05 
 1.80000000e+00  5.74576331e-05 
 1.81000000e+00  5.83628531e-05 
 1.82000000e+00  5.92680731e-05 
 1.83000000e+00  6.01732931e-05 
 1.84000000e+00  6.10785131e-05 
 1.85000000e+00  6.19837331e-05 
 1.86000000e+00  6.28889531e-05 
 1.87000000e+00  6.37941731e-05 
 1.88000000e+00  6.46993931e-05 
 1.89000000e+00  6.56046131e-05 
 1.90000000e+00  6.65098331e-05 
 1.91000000e+00  6.74150531e-05 
 1.92000000e+00  6.83202731e-05 
 1.93000000e+00  6.92254931e-05 
 1.94000000e+00  7.01307131e-05 
 1.95000000e+00  7.10359331e-05 
 1.96000000e+00  7.19411531e-05 
 1.97000000e+00  7.28463731e-05 
 1.98000000e+00  7.37515931e-05 
 1.99000000e+00  7.46568131e-05 
 2.00000000e+00  7.55620331e-05 
 2.01000000e+00  7.64672531e-05 
 2.02000000e+00  7.73724731e-05 
 2.03000000e+00  7.82776931e-05 
 2.04000000e+00  7.91829131e-05 
 2.05000000e+00  8.00881331e-05 
 2.06000000e+00  8.09933531e-05 
 2.07000000e+00  8.18985731e-05 
 2.08000000e+00  8.28037931e-05 
 2.09000000e+00  8.37090131e-05 
 2.10000000e+00  8.46142331e-05 
 2.11000000e+00  8.55194531e-05 
 2.12000000e+00  8.64246731e-05 
 2.13000000e+00  8.73298931e-05 
 2.14000000e+00  8.82351131e-05 
 2.15000000e+00  8.91403331e-05 
 2.16000000e+00  9.00455531e-05 
 2.17000000e+00  9.09507731e-05 
 2.18000000e+00  9.18559931e-05 
 2.19000000e+00  9.27612131e-05 
 2.20000000e+00  9.36664331e-05 
 2.21000000e+00  9.45716531e-05 
 2.22000000e+00  9.54768731e-05 
 2.23000000e+00  9.63820931e-05 
 2.24000000e+00  9.72873131e-05 
 2.25000000e+00  9.81925331e-05 
 2.26000000e+00  9.90977531e-05 
 2.27000000e+00  1.00002973e-04 
 2.28000000e+00  1.00908193e-04 
 2.29000000e+00  1.01813413e-04 
 2.30000000e+00  1.02718633e-04 
 2.31000000e+00  1.03623853e-04 
 2.32000000e+00  1.04529073e-04 
 2.33000000e+00  1.05434293e-04 
 2.34000000e+00  1.06339513e-04 
 2.35000000e+00  1.07244733e-04 
 2.36000000e+00  1.08149953e-04 
 2.37000000e+00  1.09055173e-04 
 2.38000000e+00  1.09960393e-04 
 2.39000000e+00  1.10865613e-04 
 2.40000000e+00  1.11770833e-04 
 2.41000000e+00  1.12676053e-04 
 2.42000000e+00  1.13581273e-04 
 2.43000000e+00  1.14486493e-04 
 2.44000000e+00  1.15391713e-04 
 2.45000000e+00  1.16296933e-04 
 2.46000000e+00  1.17202153e-04 
 2.47000000e+00  1.18107373e-04 
 2.48000000e+00  1.19012593e-04 
 2.49000000e+00  1.19917813e-04 
 2.50000000e+00  1.20823033e-04 
 2.51000000e+00  1.21728253e-04 
 2.52000000e+00  1.22633473e-04 
 2.53000000e+00  1.23538693e-04 
 2.54000000e+00  1.24443913e-04 
 2.55000000e+00  1.25349133e-04 
 2.56000000e+00  1.26254353e-04 
 2.57000000e+00  1.27159573e-04 
 2.58000000e+00  1.28064793e-04 
 2.59000000e+00  1.28970013e-04 
 2.60000000e+00  1.29875233e-04 
 2.61000000e+00  1.30780453e-04 
 2.62000000e+00  1.31685673e-04 
 2.63000000e+00  1.32590893e-04 
 2.64000000e+00  1.33496113e-04 
 2.65000000e+00  1.34401333e-04 
 2.66000000e+00  1.35306553e-04 
 2.67000000e+00  1.36211773e-04 
 2.68000000e+00  1.37116993e-04 
 2.69000000e+00  1.38022213e-04 
 2.70000000e+00  1.38927433e-04 
 2.71000000e+00  1.39832653e-04 
 2.72000000e+00  1.40737873e-04 
 2.73000000e+00  1.41643093e-04 
 2.74000000e+00  1.42548313e-04 
 2.75000000e+00  1.43453533e-04 
 2.76000000e+00  1.44358753e-04 
 2.77000000e+00  1.45263973e-04 
 2.78000000e+00  1.46169193e-04 
 2.79000000e+00  1.47074413e-04 
 2.80000000e+00  1.47979633e-04 
 2.81000000e+00  1.48884853e-04 
 2.82000000e+00  1.49790073e-04 
 2.83000000e+00  1.50695293e-04 
 2.84000000e+00  1.51600513e-04 
 2.85000000e+00  1.52505733e-04 
 2.86000000e+00  1.53410953e-04 
 2.87000000e+00  1.54316173e-04 
 2.88000000e+00  1.55221393e-04 
 2.89000000e+00  1.56126613e-04 
 2.90000000e+00  1.57031833e-04 
 2.91000000e+00  1.57937053e-04 
 2.92000000e+00  1.58842273e-04 
 2.93000000e+00  1.59747493e-04 
 2.94000000e+00  1.60652713e-04 
 2.95000000e+00  1.61557933e-04 
 2.96000000e+00  1.62463153e-04 
 2.97000000e+00  1.63368373e-04 
 2.98000000e+00  1.64273593e-04 
 2.99000000e+00  1.65178813e-04 
 3.00000000e+00  1.66084033e-04 
 3.01000000e+00  1.66989253e-04 
 3.02000000e+00  1.67894473e-04 
 3.03000000e+00  1.68799693e-04 
 3.04000000e+00  1.69704913e-04 
 3.05000000e+00  1.70610133e-04 
 3.06000000e+00  1.71515353e-04 
 3.07000000e+00  1.72420573e-04 
 3.08000000e+00  1.73325793e-04 
 3.09000000e+00  1.74231013e-04 
 3.10000000e+00  1.75136233e-04 
 3.11000000e+00  1.76041453e-04 
 3.12000000e+00  1.76946673e-04 
 3.13000000e+00  1.77851893e-04 
 3.14000000e+00  1.78757113e-04 
 3.15000000e+00  1.79662333e-04 
 3.16000000e+00  1.80567553e-04 
 3.17000000e+00  1.81472773e-04 
 3.18000000e+00  1.82377993e-04 
 3.19000000e+00  1.83283213e-04 
 3.20000000e+00  1.84188433e-04 
 3.21000000e+00  1.85093653e-04 
 3.22000000e+00  1.85998873e-04 
 3.23000000e+00  1.86904093e-04 
 3.24000000e+00  1.87809313e-04 
 3.25000000e+00  1.88714533e-04 
 3.26000000e+00  1.89619753e-04 
 3.27000000e+00  1.90524973e-04 
 3.28000000e+00  1.91430193e-04 
 3.29000000e+00  1.92335413e-04 
 3.30000000e+00  1.93240633e-04 
 3.31000000e+00  1.94145853e-04 
 3.32000000e+00  1.95051073e-04 
 3.33000000e+00  1.95956293e-04 
 3.34000000e+00  1.96861513e-04 
 3.35000000e+00  1.97766733e-04 
 3.36000000e+00  1.98671953e-04 
 3.37000000e+00  1.99577173e-04 
 3.38000000e+00  2.00482393e-04 
 3.39000000e+00  2.01387613e-04 
 3.40000000e+00  2.02292833e-04 
 3.41000000e+00  2.03198053e-04 
 3.42000000e+00  2.04103273e-04 
 3.43000000e+00  2.05008493e-04 
 3.44000000e+00  2.05913713e-04 
 3.45000000e+00  2.06818933e-04 
 3.46000000e+00  2.07724153e-04 
 3.47000000e+00  2.08629373e-04 
 3.48000000e+00  2.09534593e-04 
 3.49000000e+00  2.10439813e-04 
 3.50000000e+00  2.11345033e-04 
 3.51000000e+00  2.12250253e-04 
 3.52000000e+00  2.13155473e-04 
 3.53000000e+00  2.14060693e-04 
 3.54000000e+00  2.14965913e-04 
 3.55000000e+00  2.15871133e-04 
 3.56000000e+00  2.16776353e-04 
 3.57000000e+00  2.17681573e-04 
 3.58000000e+00  2.18586793e-04 
 3.59000000e+00  2.19492013e-04 
 3.60000000e+00  2.20397233e-04 
 3.61000000e+00  2.21302453e-04 
 3.62000000e+00  2.22207673e-04 
 3.63000000e+00  2.23112893e-04 
 3.64000000e+00  2.24018113e-04 
 3.65000000e+00  2.24923333e-04 
 3.66000000e+00  2.25828553e-04 
 3.67000000e+00  2.26733773e-04 
 3.68000000e+00  2.27638993e-04 
 3.69000000e+00  2.28544213e-04 
 3.70000000e+00  2.29449433e-04 
 3.71000000e+00  2.30354653e-04 
 3.72000000e+00  2.31259873e-04 
 3.73000000e+00  2.32165093e-04 
 3.74000000e+00  2.33070313e-04 
 3.75000000e+00  2.33975533e-04 
 3.76000000e+00  2.34880753e-04 
 3.77000000e+00  2.35785973e-04 
 3.78000000e+00  2.36691193e-04 
 3.79000000e+00  2.37596413e-04 
 3.80000000e+00  2.38501633e-04 
 3.81000000e+00  2.39406853e-04 
 3.82000000e+00  2.40312073e-04 
 3.83000000e+00  2.41217293e-04 
 3.84000000e+00  2.42122513e-04 
 3.85000000e+00  2.43027733e-04 
 3.86000000e+00  2.43932953e-04 
 3.87000000e+00  2.44838173e-04 
 3.88000000e+00  2.45743393e-04 
 3.89000000e+00  2.46648613e-04 
 3.90000000e+00  2.47553833e-04 
 3.91000000e+00  2.48459053e-04 
 3.92000000e+00  2.49364273e-04 
 3.93000000e+00  2.50269493e-04 
 3.94000000e+00  2.51174713e-04 
 3.95000000e+00  2.52079933e-04 
 3.96000000e+00  2.52985153e-04 
 3.97000000e+00  2.53890373e-04 
 3.98000000e+00  2.54795593e-04 
 3.99000000e+00  2.55700813e-04 
 4.00000000e+00  2.56606033e-04 
 4.01000000e+00  2.57511253e-04 
 4.02000000e+00  2.58416473e-04 
 4.03000000e+00  2.59321693e-04 
 4.04000000e+00  2.60226913e-04 
 4.05000000e+00  2.61132133e-04 
 4.06000000e+00  2.62037353e-04 
 4.07000000e+00  2.62942573e-04 
 4.08000000e+00  2.63847793e-04 
 4.09000000e+00  2.64753013e-04 
 4.10000000e+00  2.65658233e-04 
 4.11000000e+00  2.66563453e-04 
 4.12000000e+00  2.67468673e-04 
 4.13000000e+00  2.68373893e-04 
 4.14000000e+00  2.69279113e-04 
 4.15000000e+00  2.70184333e-04 
 4.16000000e+00  2.71089553e-04 
 4.17000000e+00  2.71994773e-04 
 4.18000000e+00  2.72899993e-04 
 4.19000000e+00  2.73805213e-04 
 4.20000000e+00  2.74710433e-04 
 4.21000000e+00  2.75615653e-04 
 4.22000000e+00  2.76520873e-04 
 4.23000000e+00  2.77426093e-04 
 4.24000000e+00  2.78331313e-04 
 4.25000000e+00  2.79236533e-04 
 4.26000000e+00  2.80141753e-04 
 4.27000000e+00  2.81046973e-04 
 4.28000000e+00  2.81952193e-04 
 4.29000000e+00  2.82857413e-04 
 4.30000000e+00  2.83762633e-04 
 4.31000000e+00  2.84667853e-04 
 4.32000000e+00  2.85573073e-04 
 4.33000000e+00  2.86478293e-04 
 4.34000000e+00  2.87383513e-04 
 4.35000000e+00  2.88288733e-04 
 4.36000000e+00  2.89193953e-04 
 4.37000000e+00  2.90099173e-04 
 4.38000000e+00  2.91004393e-04 
 4.39000000e+00  2.91909613e-04 
 4.40000000e+00  2.92814833e-04 
 4.41000000e+00  2.93720053e-04 
 4.42000000e+00  2.94625273e-04 
 4.43000000e+00  2.95530493e-04 
 4.44000000e+00  2.96435713e-04 
 4.45000000e+00  2.97340933e-04 
 4.46000000e+00  2.98246153e-04 
 4.47000000e+00  2.99151373e-04 
 4.48000000e+00  3.00056593e-04 
 4.49000000e+00  3.00961813e-04 
 4.50000000e+00  3.01867033e-04 
 4.51000000e+00  3.02772253e-04 
 4.52000000e+00  3.03677473e-04 
 4.53000000e+00  3.04582693e-04 
 4.54000000e+00  3.05487913e-04 
 4.55000000e+00  3.06393133e-04 
 4.56000000e+00  3.07298353e-04 
 4.57000000e+00  3.08203573e-04 
 4.58000000e+00  3.09108793e-04 
 4.59000000e+00  3.10014013e-04 
 4.60000000e+00  3.10919233e-04 
 4.61000000e+00  3.11824453e-04 
 4.62000000e+00  3.12729673e-04 
 4.63000000e+00  3.13634893e-04 
 4.64000000e+00  3.14540113e-04 
 4.65000000e+00  3.15445333e-04 
 4.66000000e+00  3.16350553e-04 
 4.67000000e+00  3.17255773e-04 
 4.68000000e+00  3.18160993e-04 
 4.69000000e+00  3.19066213e-04 
 4.70000000e+00  3.19971433e-04 
 4.71000000e+00  3.20876653e-04 
 4.72000000e+00  3.21781873e-04 
 4.73000000e+00  3.22687093e-04 
 4.74000000e+00  3.23592313e-04 
 4.75000000e+00  3.24497533e-04 
 4.76000000e+00  3.25402753e-04 
 4.77000000e+00  3.26307973e-04 
 4.78000000e+00  3.27213193e-04 
 4.79000000e+00  3.28118413e-04 
 4.80000000e+00  3.29023633e-04 
 4.81000000e+00  3.29928853e-04 
 4.82000000e+00  3.30834073e-04 
 4.83000000e+00  3.31739293e-04 
 4.84000000e+00  3.32644513e-04 
 4.85000000e+00  3.33549733e-04 
 4.86000000e+00  3.34454953e-04 
 4.87000000e+00  3.35360173e-04 
 4.88000000e+00  3.36265393e-04 
 4.89000000e+00  3.37170613e-04 
 4.90000000e+00  3.38075833e-04 
 4.91000000e+00  3.38981053e-04 
 4.92000000e+00  3.39886273e-04 
 4.93000000e+00  3.40791493e-04 
 4.94000000e+00  3.41696713e-04 
 4.95000000e+00  3.42601933e-04 
 4.96000000e+00  3.43507153e-04 
 4.97000000e+00  3.44412373e-04 
 4.98000000e+00  3.45317593e-04 
 4.99000000e+00  3.46222813e-04 
 5.00000000e+00  3.47128033e-04 
