 0.00000000e+00  2.21000000e-12 
 1.00000000e-02  2.21000000e-12 
 2.00000000e-02  2.21000000e-12 
 3.00000000e-02  2.21000000e-12 
 4.00000000e-02  2.21000000e-12 
 5.00000000e-02  2.21000000e-12 
 6.00000000e-02  2.21000000e-12 
 7.00000000e-02  2.21000000e-12 
 8.00000000e-02  2.21000000e-12 
 9.00000000e-02  2.21000000e-12 
 1.00000000e-01  2.21000000e-12 
 1.10000000e-01  2.21000000e-12 
 1.20000000e-01  2.21000000e-12 
 1.30000000e-01  2.21000000e-12 
 1.40000000e-01  2.21000000e-12 
 1.50000000e-01  2.21000000e-12 
 1.60000000e-01  2.21000000e-12 
 1.70000000e-01  2.21000000e-12 
 1.80000000e-01  2.21000000e-12 
 1.90000000e-01  2.21000000e-12 
 2.00000000e-01  2.21000000e-12 
 2.10000000e-01  2.21000000e-12 
 2.20000000e-01  2.21000000e-12 
 2.30000000e-01  2.21000000e-12 
 2.40000000e-01  2.21000000e-12 
 2.50000000e-01  2.21000000e-12 
 2.60000000e-01  2.21000000e-12 
 2.70000000e-01  2.21000000e-12 
 2.80000000e-01  2.21000000e-12 
 2.90000000e-01  2.21000000e-12 
 3.00000000e-01  2.21000000e-12 
 3.10000000e-01  2.21000000e-12 
 3.20000000e-01  2.21000000e-12 
 3.30000000e-01  2.21000000e-12 
 3.40000000e-01  2.21000000e-12 
 3.50000000e-01  2.21000000e-12 
 3.60000000e-01  2.21000000e-12 
 3.70000000e-01  2.21000000e-12 
 3.80000000e-01  2.21000000e-12 
 3.90000000e-01  2.21000000e-12 
 4.00000000e-01  2.21000000e-12 
 4.10000000e-01  2.21000000e-12 
 4.20000000e-01  2.21000000e-12 
 4.30000000e-01  2.21000000e-12 
 4.40000000e-01  2.21000000e-12 
 4.50000000e-01  2.21000000e-12 
 4.60000000e-01  2.21000000e-12 
 4.70000000e-01  2.21000000e-12 
 4.80000000e-01  2.21000000e-12 
 4.90000000e-01  2.21000000e-12 
 5.00000000e-01  2.21000000e-12 
 5.10000000e-01  2.21000000e-12 
 5.20000000e-01  2.21000000e-12 
 5.30000000e-01  2.21000000e-12 
 5.40000000e-01  2.21000000e-12 
 5.50000000e-01  2.21000000e-12 
 5.60000000e-01  2.21000000e-12 
 5.70000000e-01  2.21000000e-12 
 5.80000000e-01  2.21000000e-12 
 5.90000000e-01  2.21000000e-12 
 6.00000000e-01  2.21000000e-12 
 6.10000000e-01  2.21000000e-12 
 6.20000000e-01  2.21000000e-12 
 6.30000000e-01  2.21000000e-12 
 6.40000000e-01  2.21000000e-12 
 6.50000000e-01  2.21000000e-12 
 6.60000000e-01  2.21000000e-12 
 6.70000000e-01  2.21000000e-12 
 6.80000000e-01  2.21000000e-12 
 6.90000000e-01  2.21000000e-12 
 7.00000000e-01  2.21000000e-12 
 7.10000000e-01  2.21000000e-12 
 7.20000000e-01  2.21000000e-12 
 7.30000000e-01  2.21000000e-12 
 7.40000000e-01  2.21000000e-12 
 7.50000000e-01  2.21000000e-12 
 7.60000000e-01  2.21000000e-12 
 7.70000000e-01  2.21000000e-12 
 7.80000000e-01  2.21000000e-12 
 7.90000000e-01  2.21000000e-12 
 8.00000000e-01  2.21000000e-12 
 8.10000000e-01  2.21000000e-12 
 8.20000000e-01  2.21000000e-12 
 8.30000000e-01  2.21000000e-12 
 8.40000000e-01  2.21000000e-12 
 8.50000000e-01  2.21000000e-12 
 8.60000000e-01  2.21000000e-12 
 8.70000000e-01  2.21000000e-12 
 8.80000000e-01  2.21000000e-12 
 8.90000000e-01  2.21000000e-12 
 9.00000000e-01  2.21000000e-12 
 9.10000000e-01  2.21000000e-12 
 9.20000000e-01  2.21000000e-12 
 9.30000000e-01  2.21000000e-12 
 9.40000000e-01  2.21000000e-12 
 9.50000000e-01  2.21000000e-12 
 9.60000000e-01  2.21000000e-12 
 9.70000000e-01  2.21000000e-12 
 9.80000000e-01  2.21000000e-12 
 9.90000000e-01  2.21000000e-12 
 1.00000000e+00  2.21000000e-12 
 1.01000000e+00  2.21000000e-12 
 1.02000000e+00  2.21000000e-12 
 1.03000000e+00  2.21000000e-12 
 1.04000000e+00  2.21000000e-12 
 1.05000000e+00  2.21000000e-12 
 1.06000000e+00  2.21000000e-12 
 1.07000000e+00  2.21000000e-12 
 1.08000000e+00  2.21000000e-12 
 1.09000000e+00  2.21000000e-12 
 1.10000000e+00  2.21000000e-12 
 1.11000000e+00  2.21000000e-12 
 1.12000000e+00  2.21000000e-12 
 1.13000000e+00  2.21000000e-12 
 1.14000000e+00  2.21000000e-12 
 1.15000000e+00  2.21000000e-12 
 1.16000000e+00  2.21000000e-12 
 1.17000000e+00  2.21000000e-12 
 1.18000000e+00  2.21000000e-12 
 1.19000000e+00  2.21000000e-12 
 1.20000000e+00  2.21000000e-12 
 1.21000000e+00  2.21000000e-12 
 1.22000000e+00  2.21000000e-12 
 1.23000000e+00  2.21000000e-12 
 1.24000000e+00  2.21000000e-12 
 1.25000000e+00  2.21000000e-12 
 1.26000000e+00  2.21000000e-12 
 1.27000000e+00  2.21000000e-12 
 1.28000000e+00  2.21000000e-12 
 1.29000000e+00  2.21000000e-12 
 1.30000000e+00  2.21000000e-12 
 1.31000000e+00  2.21000000e-12 
 1.32000000e+00  2.21000000e-12 
 1.33000000e+00  2.21000000e-12 
 1.34000000e+00  2.21000000e-12 
 1.35000000e+00  1.78592627e-08 
 1.36000000e+00  8.06949381e-08 
 1.37000000e+00  1.88791614e-07 
 1.38000000e+00  3.42149289e-07 
 1.39000000e+00  5.40767964e-07 
 1.40000000e+00  7.84647640e-07 
 1.41000000e+00  1.07378832e-06 
 1.42000000e+00  1.40818999e-06 
 1.43000000e+00  1.78785267e-06 
 1.44000000e+00  2.21277634e-06 
 1.45000000e+00  2.68296102e-06 
 1.46000000e+00  3.19840669e-06 
 1.47000000e+00  3.75911337e-06 
 1.48000000e+00  4.36508104e-06 
 1.49000000e+00  5.01630972e-06 
 1.50000000e+00  5.71279939e-06 
 1.51000000e+00  6.45455007e-06 
 1.52000000e+00  7.24156174e-06 
 1.53000000e+00  8.07383442e-06 
 1.54000000e+00  8.95136810e-06 
 1.55000000e+00  9.85630572e-06 
 1.56000000e+00  1.07615257e-05 
 1.57000000e+00  1.16667457e-05 
 1.58000000e+00  1.25719657e-05 
 1.59000000e+00  1.34771857e-05 
 1.60000000e+00  1.43824057e-05 
 1.61000000e+00  1.52876257e-05 
 1.62000000e+00  1.61928457e-05 
 1.63000000e+00  1.70980657e-05 
 1.64000000e+00  1.80032857e-05 
 1.65000000e+00  1.89085057e-05 
 1.66000000e+00  1.98137257e-05 
 1.67000000e+00  2.07189457e-05 
 1.68000000e+00  2.16241657e-05 
 1.69000000e+00  2.25293857e-05 
 1.70000000e+00  2.34346057e-05 
 1.71000000e+00  2.43398257e-05 
 1.72000000e+00  2.52450457e-05 
 1.73000000e+00  2.61502657e-05 
 1.74000000e+00  2.70554857e-05 
 1.75000000e+00  2.79607057e-05 
 1.76000000e+00  2.88659257e-05 
 1.77000000e+00  2.97711457e-05 
 1.78000000e+00  3.06763657e-05 
 1.79000000e+00  3.15815857e-05 
 1.80000000e+00  3.24868057e-05 
 1.81000000e+00  3.33920257e-05 
 1.82000000e+00  3.42972457e-05 
 1.83000000e+00  3.52024657e-05 
 1.84000000e+00  3.61076857e-05 
 1.85000000e+00  3.70129057e-05 
 1.86000000e+00  3.79181257e-05 
 1.87000000e+00  3.88233457e-05 
 1.88000000e+00  3.97285657e-05 
 1.89000000e+00  4.06337857e-05 
 1.90000000e+00  4.15390057e-05 
 1.91000000e+00  4.24442257e-05 
 1.92000000e+00  4.33494457e-05 
 1.93000000e+00  4.42546657e-05 
 1.94000000e+00  4.51598857e-05 
 1.95000000e+00  4.60651057e-05 
 1.96000000e+00  4.69703257e-05 
 1.97000000e+00  4.78755457e-05 
 1.98000000e+00  4.87807657e-05 
 1.99000000e+00  4.96859857e-05 
 2.00000000e+00  5.05912057e-05 
 2.01000000e+00  5.14964257e-05 
 2.02000000e+00  5.24016457e-05 
 2.03000000e+00  5.33068657e-05 
 2.04000000e+00  5.42120857e-05 
 2.05000000e+00  5.51173057e-05 
 2.06000000e+00  5.60225257e-05 
 2.07000000e+00  5.69277457e-05 
 2.08000000e+00  5.78329657e-05 
 2.09000000e+00  5.87381857e-05 
 2.10000000e+00  5.96434057e-05 
 2.11000000e+00  6.05486257e-05 
 2.12000000e+00  6.14538457e-05 
 2.13000000e+00  6.23590657e-05 
 2.14000000e+00  6.32642857e-05 
 2.15000000e+00  6.41695057e-05 
 2.16000000e+00  6.50747257e-05 
 2.17000000e+00  6.59799457e-05 
 2.18000000e+00  6.68851657e-05 
 2.19000000e+00  6.77903857e-05 
 2.20000000e+00  6.86956057e-05 
 2.21000000e+00  6.96008257e-05 
 2.22000000e+00  7.05060457e-05 
 2.23000000e+00  7.14112657e-05 
 2.24000000e+00  7.23164857e-05 
 2.25000000e+00  7.32217057e-05 
 2.26000000e+00  7.41269257e-05 
 2.27000000e+00  7.50321457e-05 
 2.28000000e+00  7.59373657e-05 
 2.29000000e+00  7.68425857e-05 
 2.30000000e+00  7.77478057e-05 
 2.31000000e+00  7.86530257e-05 
 2.32000000e+00  7.95582457e-05 
 2.33000000e+00  8.04634657e-05 
 2.34000000e+00  8.13686857e-05 
 2.35000000e+00  8.22739057e-05 
 2.36000000e+00  8.31791257e-05 
 2.37000000e+00  8.40843457e-05 
 2.38000000e+00  8.49895657e-05 
 2.39000000e+00  8.58947857e-05 
 2.40000000e+00  8.68000057e-05 
 2.41000000e+00  8.77052257e-05 
 2.42000000e+00  8.86104457e-05 
 2.43000000e+00  8.95156657e-05 
 2.44000000e+00  9.04208857e-05 
 2.45000000e+00  9.13261057e-05 
 2.46000000e+00  9.22313257e-05 
 2.47000000e+00  9.31365457e-05 
 2.48000000e+00  9.40417657e-05 
 2.49000000e+00  9.49469857e-05 
 2.50000000e+00  9.58522057e-05 
 2.51000000e+00  9.67574257e-05 
 2.52000000e+00  9.76626457e-05 
 2.53000000e+00  9.85678657e-05 
 2.54000000e+00  9.94730857e-05 
 2.55000000e+00  1.00378306e-04 
 2.56000000e+00  1.01283526e-04 
 2.57000000e+00  1.02188746e-04 
 2.58000000e+00  1.03093966e-04 
 2.59000000e+00  1.03999186e-04 
 2.60000000e+00  1.04904406e-04 
 2.61000000e+00  1.05809626e-04 
 2.62000000e+00  1.06714846e-04 
 2.63000000e+00  1.07620066e-04 
 2.64000000e+00  1.08525286e-04 
 2.65000000e+00  1.09430506e-04 
 2.66000000e+00  1.10335726e-04 
 2.67000000e+00  1.11240946e-04 
 2.68000000e+00  1.12146166e-04 
 2.69000000e+00  1.13051386e-04 
 2.70000000e+00  1.13956606e-04 
 2.71000000e+00  1.14861826e-04 
 2.72000000e+00  1.15767046e-04 
 2.73000000e+00  1.16672266e-04 
 2.74000000e+00  1.17577486e-04 
 2.75000000e+00  1.18482706e-04 
 2.76000000e+00  1.19387926e-04 
 2.77000000e+00  1.20293146e-04 
 2.78000000e+00  1.21198366e-04 
 2.79000000e+00  1.22103586e-04 
 2.80000000e+00  1.23008806e-04 
 2.81000000e+00  1.23914026e-04 
 2.82000000e+00  1.24819246e-04 
 2.83000000e+00  1.25724466e-04 
 2.84000000e+00  1.26629686e-04 
 2.85000000e+00  1.27534906e-04 
 2.86000000e+00  1.28440126e-04 
 2.87000000e+00  1.29345346e-04 
 2.88000000e+00  1.30250566e-04 
 2.89000000e+00  1.31155786e-04 
 2.90000000e+00  1.32061006e-04 
 2.91000000e+00  1.32966226e-04 
 2.92000000e+00  1.33871446e-04 
 2.93000000e+00  1.34776666e-04 
 2.94000000e+00  1.35681886e-04 
 2.95000000e+00  1.36587106e-04 
 2.96000000e+00  1.37492326e-04 
 2.97000000e+00  1.38397546e-04 
 2.98000000e+00  1.39302766e-04 
 2.99000000e+00  1.40207986e-04 
 3.00000000e+00  1.41113206e-04 
 3.01000000e+00  1.42018426e-04 
 3.02000000e+00  1.42923646e-04 
 3.03000000e+00  1.43828866e-04 
 3.04000000e+00  1.44734086e-04 
 3.05000000e+00  1.45639306e-04 
 3.06000000e+00  1.46544526e-04 
 3.07000000e+00  1.47449746e-04 
 3.08000000e+00  1.48354966e-04 
 3.09000000e+00  1.49260186e-04 
 3.10000000e+00  1.50165406e-04 
 3.11000000e+00  1.51070626e-04 
 3.12000000e+00  1.51975846e-04 
 3.13000000e+00  1.52881066e-04 
 3.14000000e+00  1.53786286e-04 
 3.15000000e+00  1.54691506e-04 
 3.16000000e+00  1.55596726e-04 
 3.17000000e+00  1.56501946e-04 
 3.18000000e+00  1.57407166e-04 
 3.19000000e+00  1.58312386e-04 
 3.20000000e+00  1.59217606e-04 
 3.21000000e+00  1.60122826e-04 
 3.22000000e+00  1.61028046e-04 
 3.23000000e+00  1.61933266e-04 
 3.24000000e+00  1.62838486e-04 
 3.25000000e+00  1.63743706e-04 
 3.26000000e+00  1.64648926e-04 
 3.27000000e+00  1.65554146e-04 
 3.28000000e+00  1.66459366e-04 
 3.29000000e+00  1.67364586e-04 
 3.30000000e+00  1.68269806e-04 
 3.31000000e+00  1.69175026e-04 
 3.32000000e+00  1.70080246e-04 
 3.33000000e+00  1.70985466e-04 
 3.34000000e+00  1.71890686e-04 
 3.35000000e+00  1.72795906e-04 
 3.36000000e+00  1.73701126e-04 
 3.37000000e+00  1.74606346e-04 
 3.38000000e+00  1.75511566e-04 
 3.39000000e+00  1.76416786e-04 
 3.40000000e+00  1.77322006e-04 
 3.41000000e+00  1.78227226e-04 
 3.42000000e+00  1.79132446e-04 
 3.43000000e+00  1.80037666e-04 
 3.44000000e+00  1.80942886e-04 
 3.45000000e+00  1.81848106e-04 
 3.46000000e+00  1.82753326e-04 
 3.47000000e+00  1.83658546e-04 
 3.48000000e+00  1.84563766e-04 
 3.49000000e+00  1.85468986e-04 
 3.50000000e+00  1.86374206e-04 
 3.51000000e+00  1.87279426e-04 
 3.52000000e+00  1.88184646e-04 
 3.53000000e+00  1.89089866e-04 
 3.54000000e+00  1.89995086e-04 
 3.55000000e+00  1.90900306e-04 
 3.56000000e+00  1.91805526e-04 
 3.57000000e+00  1.92710746e-04 
 3.58000000e+00  1.93615966e-04 
 3.59000000e+00  1.94521186e-04 
 3.60000000e+00  1.95426406e-04 
 3.61000000e+00  1.96331626e-04 
 3.62000000e+00  1.97236846e-04 
 3.63000000e+00  1.98142066e-04 
 3.64000000e+00  1.99047286e-04 
 3.65000000e+00  1.99952506e-04 
 3.66000000e+00  2.00857726e-04 
 3.67000000e+00  2.01762946e-04 
 3.68000000e+00  2.02668166e-04 
 3.69000000e+00  2.03573386e-04 
 3.70000000e+00  2.04478606e-04 
 3.71000000e+00  2.05383826e-04 
 3.72000000e+00  2.06289046e-04 
 3.73000000e+00  2.07194266e-04 
 3.74000000e+00  2.08099486e-04 
 3.75000000e+00  2.09004706e-04 
 3.76000000e+00  2.09909926e-04 
 3.77000000e+00  2.10815146e-04 
 3.78000000e+00  2.11720366e-04 
 3.79000000e+00  2.12625586e-04 
 3.80000000e+00  2.13530806e-04 
 3.81000000e+00  2.14436026e-04 
 3.82000000e+00  2.15341246e-04 
 3.83000000e+00  2.16246466e-04 
 3.84000000e+00  2.17151686e-04 
 3.85000000e+00  2.18056906e-04 
 3.86000000e+00  2.18962126e-04 
 3.87000000e+00  2.19867346e-04 
 3.88000000e+00  2.20772566e-04 
 3.89000000e+00  2.21677786e-04 
 3.90000000e+00  2.22583006e-04 
 3.91000000e+00  2.23488226e-04 
 3.92000000e+00  2.24393446e-04 
 3.93000000e+00  2.25298666e-04 
 3.94000000e+00  2.26203886e-04 
 3.95000000e+00  2.27109106e-04 
 3.96000000e+00  2.28014326e-04 
 3.97000000e+00  2.28919546e-04 
 3.98000000e+00  2.29824766e-04 
 3.99000000e+00  2.30729986e-04 
 4.00000000e+00  2.31635206e-04 
 4.01000000e+00  2.32540426e-04 
 4.02000000e+00  2.33445646e-04 
 4.03000000e+00  2.34350866e-04 
 4.04000000e+00  2.35256086e-04 
 4.05000000e+00  2.36161306e-04 
 4.06000000e+00  2.37066526e-04 
 4.07000000e+00  2.37971746e-04 
 4.08000000e+00  2.38876966e-04 
 4.09000000e+00  2.39782186e-04 
 4.10000000e+00  2.40687406e-04 
 4.11000000e+00  2.41592626e-04 
 4.12000000e+00  2.42497846e-04 
 4.13000000e+00  2.43403066e-04 
 4.14000000e+00  2.44308286e-04 
 4.15000000e+00  2.45213506e-04 
 4.16000000e+00  2.46118726e-04 
 4.17000000e+00  2.47023946e-04 
 4.18000000e+00  2.47929166e-04 
 4.19000000e+00  2.48834386e-04 
 4.20000000e+00  2.49739606e-04 
 4.21000000e+00  2.50644826e-04 
 4.22000000e+00  2.51550046e-04 
 4.23000000e+00  2.52455266e-04 
 4.24000000e+00  2.53360486e-04 
 4.25000000e+00  2.54265706e-04 
 4.26000000e+00  2.55170926e-04 
 4.27000000e+00  2.56076146e-04 
 4.28000000e+00  2.56981366e-04 
 4.29000000e+00  2.57886586e-04 
 4.30000000e+00  2.58791806e-04 
 4.31000000e+00  2.59697026e-04 
 4.32000000e+00  2.60602246e-04 
 4.33000000e+00  2.61507466e-04 
 4.34000000e+00  2.62412686e-04 
 4.35000000e+00  2.63317906e-04 
 4.36000000e+00  2.64223126e-04 
 4.37000000e+00  2.65128346e-04 
 4.38000000e+00  2.66033566e-04 
 4.39000000e+00  2.66938786e-04 
 4.40000000e+00  2.67844006e-04 
 4.41000000e+00  2.68749226e-04 
 4.42000000e+00  2.69654446e-04 
 4.43000000e+00  2.70559666e-04 
 4.44000000e+00  2.71464886e-04 
 4.45000000e+00  2.72370106e-04 
 4.46000000e+00  2.73275326e-04 
 4.47000000e+00  2.74180546e-04 
 4.48000000e+00  2.75085766e-04 
 4.49000000e+00  2.75990986e-04 
 4.50000000e+00  2.76896206e-04 
 4.51000000e+00  2.77801426e-04 
 4.52000000e+00  2.78706646e-04 
 4.53000000e+00  2.79611866e-04 
 4.54000000e+00  2.80517086e-04 
 4.55000000e+00  2.81422306e-04 
 4.56000000e+00  2.82327526e-04 
 4.57000000e+00  2.83232746e-04 
 4.58000000e+00  2.84137966e-04 
 4.59000000e+00  2.85043186e-04 
 4.60000000e+00  2.85948406e-04 
 4.61000000e+00  2.86853626e-04 
 4.62000000e+00  2.87758846e-04 
 4.63000000e+00  2.88664066e-04 
 4.64000000e+00  2.89569286e-04 
 4.65000000e+00  2.90474506e-04 
 4.66000000e+00  2.91379726e-04 
 4.67000000e+00  2.92284946e-04 
 4.68000000e+00  2.93190166e-04 
 4.69000000e+00  2.94095386e-04 
 4.70000000e+00  2.95000606e-04 
 4.71000000e+00  2.95905826e-04 
 4.72000000e+00  2.96811046e-04 
 4.73000000e+00  2.97716266e-04 
 4.74000000e+00  2.98621486e-04 
 4.75000000e+00  2.99526706e-04 
 4.76000000e+00  3.00431926e-04 
 4.77000000e+00  3.01337146e-04 
 4.78000000e+00  3.02242366e-04 
 4.79000000e+00  3.03147586e-04 
 4.80000000e+00  3.04052806e-04 
 4.81000000e+00  3.04958026e-04 
 4.82000000e+00  3.05863246e-04 
 4.83000000e+00  3.06768466e-04 
 4.84000000e+00  3.07673686e-04 
 4.85000000e+00  3.08578906e-04 
 4.86000000e+00  3.09484126e-04 
 4.87000000e+00  3.10389346e-04 
 4.88000000e+00  3.11294566e-04 
 4.89000000e+00  3.12199786e-04 
 4.90000000e+00  3.13105006e-04 
 4.91000000e+00  3.14010226e-04 
 4.92000000e+00  3.14915446e-04 
 4.93000000e+00  3.15820666e-04 
 4.94000000e+00  3.16725886e-04 
 4.95000000e+00  3.17631106e-04 
 4.96000000e+00  3.18536326e-04 
 4.97000000e+00  3.19441546e-04 
 4.98000000e+00  3.20346766e-04 
 4.99000000e+00  3.21251986e-04 
 5.00000000e+00  3.22157206e-04 
