 0.00000000e+00  3.21000000e-12 
 1.00000000e-02  3.21000000e-12 
 2.00000000e-02  3.21000000e-12 
 3.00000000e-02  3.21000000e-12 
 4.00000000e-02  3.21000000e-12 
 5.00000000e-02  3.21000000e-12 
 6.00000000e-02  3.21000000e-12 
 7.00000000e-02  3.21000000e-12 
 8.00000000e-02  3.21000000e-12 
 9.00000000e-02  3.21000000e-12 
 1.00000000e-01  3.21000000e-12 
 1.10000000e-01  3.21000000e-12 
 1.20000000e-01  3.21000000e-12 
 1.30000000e-01  3.21000000e-12 
 1.40000000e-01  3.21000000e-12 
 1.50000000e-01  3.21000000e-12 
 1.60000000e-01  3.21000000e-12 
 1.70000000e-01  3.21000000e-12 
 1.80000000e-01  3.21000000e-12 
 1.90000000e-01  3.21000000e-12 
 2.00000000e-01  3.21000000e-12 
 2.10000000e-01  3.21000000e-12 
 2.20000000e-01  3.21000000e-12 
 2.30000000e-01  3.21000000e-12 
 2.40000000e-01  3.21000000e-12 
 2.50000000e-01  3.21000000e-12 
 2.60000000e-01  3.21000000e-12 
 2.70000000e-01  3.21000000e-12 
 2.80000000e-01  3.21000000e-12 
 2.90000000e-01  3.21000000e-12 
 3.00000000e-01  3.21000000e-12 
 3.10000000e-01  3.21000000e-12 
 3.20000000e-01  3.21000000e-12 
 3.30000000e-01  3.21000000e-12 
 3.40000000e-01  3.21000000e-12 
 3.50000000e-01  3.21000000e-12 
 3.60000000e-01  3.21000000e-12 
 3.70000000e-01  3.21000000e-12 
 3.80000000e-01  3.21000000e-12 
 3.90000000e-01  3.21000000e-12 
 4.00000000e-01  3.21000000e-12 
 4.10000000e-01  3.21000000e-12 
 4.20000000e-01  3.21000000e-12 
 4.30000000e-01  3.21000000e-12 
 4.40000000e-01  3.21000000e-12 
 4.50000000e-01  3.21000000e-12 
 4.60000000e-01  3.21000000e-12 
 4.70000000e-01  3.21000000e-12 
 4.80000000e-01  3.21000000e-12 
 4.90000000e-01  3.21000000e-12 
 5.00000000e-01  3.21000000e-12 
 5.10000000e-01  3.21000000e-12 
 5.20000000e-01  3.21000000e-12 
 5.30000000e-01  3.21000000e-12 
 5.40000000e-01  3.21000000e-12 
 5.50000000e-01  3.21000000e-12 
 5.60000000e-01  3.21000000e-12 
 5.70000000e-01  3.21000000e-12 
 5.80000000e-01  3.21000000e-12 
 5.90000000e-01  3.21000000e-12 
 6.00000000e-01  3.21000000e-12 
 6.10000000e-01  3.21000000e-12 
 6.20000000e-01  3.21000000e-12 
 6.30000000e-01  3.21000000e-12 
 6.40000000e-01  3.21000000e-12 
 6.50000000e-01  3.21000000e-12 
 6.60000000e-01  3.21000000e-12 
 6.70000000e-01  3.21000000e-12 
 6.80000000e-01  3.21000000e-12 
 6.90000000e-01  3.21000000e-12 
 7.00000000e-01  3.21000000e-12 
 7.10000000e-01  3.21000000e-12 
 7.20000000e-01  3.21000000e-12 
 7.30000000e-01  3.21000000e-12 
 7.40000000e-01  3.21000000e-12 
 7.50000000e-01  3.21000000e-12 
 7.60000000e-01  3.21000000e-12 
 7.70000000e-01  3.21000000e-12 
 7.80000000e-01  3.21000000e-12 
 7.90000000e-01  3.21000000e-12 
 8.00000000e-01  3.21000000e-12 
 8.10000000e-01  3.21000000e-12 
 8.20000000e-01  3.21000000e-12 
 8.30000000e-01  3.21000000e-12 
 8.40000000e-01  3.21000000e-12 
 8.50000000e-01  3.21000000e-12 
 8.60000000e-01  3.21000000e-12 
 8.70000000e-01  3.21000000e-12 
 8.80000000e-01  3.21000000e-12 
 8.90000000e-01  3.21000000e-12 
 9.00000000e-01  3.21000000e-12 
 9.10000000e-01  3.21000000e-12 
 9.20000000e-01  3.21000000e-12 
 9.30000000e-01  3.21000000e-12 
 9.40000000e-01  3.21000000e-12 
 9.50000000e-01  3.21000000e-12 
 9.60000000e-01  3.21000000e-12 
 9.70000000e-01  3.21000000e-12 
 9.80000000e-01  3.21000000e-12 
 9.90000000e-01  3.21000000e-12 
 1.00000000e+00  3.21000000e-12 
 1.01000000e+00  3.21000000e-12 
 1.02000000e+00  3.21000000e-12 
 1.03000000e+00  3.21000000e-12 
 1.04000000e+00  3.21000000e-12 
 1.05000000e+00  3.21000000e-12 
 1.06000000e+00  3.21000000e-12 
 1.07000000e+00  3.21000000e-12 
 1.08000000e+00  3.21000000e-12 
 1.09000000e+00  3.21000000e-12 
 1.10000000e+00  3.21000000e-12 
 1.11000000e+00  3.21000000e-12 
 1.12000000e+00  3.21000000e-12 
 1.13000000e+00  3.21000000e-12 
 1.14000000e+00  3.21000000e-12 
 1.15000000e+00  3.21000000e-12 
 1.16000000e+00  3.21000000e-12 
 1.17000000e+00  3.21000000e-12 
 1.18000000e+00  3.21000000e-12 
 1.19000000e+00  3.21000000e-12 
 1.20000000e+00  3.21000000e-12 
 1.21000000e+00  3.21000000e-12 
 1.22000000e+00  3.21000000e-12 
 1.23000000e+00  3.21000000e-12 
 1.24000000e+00  3.21000000e-12 
 1.25000000e+00  3.21000000e-12 
 1.26000000e+00  3.21000000e-12 
 1.27000000e+00  3.21000000e-12 
 1.28000000e+00  3.21000000e-12 
 1.29000000e+00  3.21000000e-12 
 1.30000000e+00  3.21000000e-12 
 1.31000000e+00  3.21000000e-12 
 1.32000000e+00  3.21000000e-12 
 1.33000000e+00  3.21000000e-12 
 1.34000000e+00  3.21000000e-12 
 1.35000000e+00  3.21000000e-12 
 1.36000000e+00  3.21000000e-12 
 1.37000000e+00  3.21000000e-12 
 1.38000000e+00  3.21000000e-12 
 1.39000000e+00  3.21000000e-12 
 1.40000000e+00  3.21000000e-12 
 1.41000000e+00  3.21000000e-12 
 1.42000000e+00  3.21000000e-12 
 1.43000000e+00  3.21000000e-12 
 1.44000000e+00  3.21000000e-12 
 1.45000000e+00  3.21000000e-12 
 1.46000000e+00  3.21000000e-12 
 1.47000000e+00  3.21000000e-12 
 1.48000000e+00  3.21000000e-12 
 1.49000000e+00  3.21000000e-12 
 1.50000000e+00  3.21000000e-12 
 1.51000000e+00  3.21000000e-12 
 1.52000000e+00  3.21000000e-12 
 1.53000000e+00  3.21000000e-12 
 1.54000000e+00  3.21000000e-12 
 1.55000000e+00  3.21000000e-12 
 1.56000000e+00  3.21000000e-12 
 1.57000000e+00  3.21000000e-12 
 1.58000000e+00  1.36493837e-08 
 1.59000000e+00  7.14264189e-08 
 1.60000000e+00  1.74464454e-07 
 1.61000000e+00  3.22763489e-07 
 1.62000000e+00  5.16323525e-07 
 1.63000000e+00  7.55144560e-07 
 1.64000000e+00  1.03922659e-06 
 1.65000000e+00  1.36856963e-06 
 1.66000000e+00  1.74317367e-06 
 1.67000000e+00  2.16303870e-06 
 1.68000000e+00  2.62816474e-06 
 1.69000000e+00  3.13855177e-06 
 1.70000000e+00  3.69419981e-06 
 1.71000000e+00  4.29510884e-06 
 1.72000000e+00  4.94127888e-06 
 1.73000000e+00  5.63270991e-06 
 1.74000000e+00  6.36940195e-06 
 1.75000000e+00  7.15135498e-06 
 1.76000000e+00  7.97856902e-06 
 1.77000000e+00  8.85104405e-06 
 1.78000000e+00  9.75513391e-06 
 1.79000000e+00  1.06603539e-05 
 1.80000000e+00  1.15655739e-05 
 1.81000000e+00  1.24707939e-05 
 1.82000000e+00  1.33760139e-05 
 1.83000000e+00  1.42812339e-05 
 1.84000000e+00  1.51864539e-05 
 1.85000000e+00  1.60916739e-05 
 1.86000000e+00  1.69968939e-05 
 1.87000000e+00  1.79021139e-05 
 1.88000000e+00  1.88073339e-05 
 1.89000000e+00  1.97125539e-05 
 1.90000000e+00  2.06177739e-05 
 1.91000000e+00  2.15229939e-05 
 1.92000000e+00  2.24282139e-05 
 1.93000000e+00  2.33334339e-05 
 1.94000000e+00  2.42386539e-05 
 1.95000000e+00  2.51438739e-05 
 1.96000000e+00  2.60490939e-05 
 1.97000000e+00  2.69543139e-05 
 1.98000000e+00  2.78595339e-05 
 1.99000000e+00  2.87647539e-05 
 2.00000000e+00  2.96699739e-05 
 2.01000000e+00  3.05751939e-05 
 2.02000000e+00  3.14804139e-05 
 2.03000000e+00  3.23856339e-05 
 2.04000000e+00  3.32908539e-05 
 2.05000000e+00  3.41960739e-05 
 2.06000000e+00  3.51012939e-05 
 2.07000000e+00  3.60065139e-05 
 2.08000000e+00  3.69117339e-05 
 2.09000000e+00  3.78169539e-05 
 2.10000000e+00  3.87221739e-05 
 2.11000000e+00  3.96273939e-05 
 2.12000000e+00  4.05326139e-05 
 2.13000000e+00  4.14378339e-05 
 2.14000000e+00  4.23430539e-05 
 2.15000000e+00  4.32482739e-05 
 2.16000000e+00  4.41534939e-05 
 2.17000000e+00  4.50587139e-05 
 2.18000000e+00  4.59639339e-05 
 2.19000000e+00  4.68691539e-05 
 2.20000000e+00  4.77743739e-05 
 2.21000000e+00  4.86795939e-05 
 2.22000000e+00  4.95848139e-05 
 2.23000000e+00  5.04900339e-05 
 2.24000000e+00  5.13952539e-05 
 2.25000000e+00  5.23004739e-05 
 2.26000000e+00  5.32056939e-05 
 2.27000000e+00  5.41109139e-05 
 2.28000000e+00  5.50161339e-05 
 2.29000000e+00  5.59213539e-05 
 2.30000000e+00  5.68265739e-05 
 2.31000000e+00  5.77317939e-05 
 2.32000000e+00  5.86370139e-05 
 2.33000000e+00  5.95422339e-05 
 2.34000000e+00  6.04474539e-05 
 2.35000000e+00  6.13526739e-05 
 2.36000000e+00  6.22578939e-05 
 2.37000000e+00  6.31631139e-05 
 2.38000000e+00  6.40683339e-05 
 2.39000000e+00  6.49735539e-05 
 2.40000000e+00  6.58787739e-05 
 2.41000000e+00  6.67839939e-05 
 2.42000000e+00  6.76892139e-05 
 2.43000000e+00  6.85944339e-05 
 2.44000000e+00  6.94996539e-05 
 2.45000000e+00  7.04048739e-05 
 2.46000000e+00  7.13100939e-05 
 2.47000000e+00  7.22153139e-05 
 2.48000000e+00  7.31205339e-05 
 2.49000000e+00  7.40257539e-05 
 2.50000000e+00  7.49309739e-05 
 2.51000000e+00  7.58361939e-05 
 2.52000000e+00  7.67414139e-05 
 2.53000000e+00  7.76466339e-05 
 2.54000000e+00  7.85518539e-05 
 2.55000000e+00  7.94570739e-05 
 2.56000000e+00  8.03622939e-05 
 2.57000000e+00  8.12675139e-05 
 2.58000000e+00  8.21727339e-05 
 2.59000000e+00  8.30779539e-05 
 2.60000000e+00  8.39831739e-05 
 2.61000000e+00  8.48883939e-05 
 2.62000000e+00  8.57936139e-05 
 2.63000000e+00  8.66988339e-05 
 2.64000000e+00  8.76040539e-05 
 2.65000000e+00  8.85092739e-05 
 2.66000000e+00  8.94144939e-05 
 2.67000000e+00  9.03197139e-05 
 2.68000000e+00  9.12249339e-05 
 2.69000000e+00  9.21301539e-05 
 2.70000000e+00  9.30353739e-05 
 2.71000000e+00  9.39405939e-05 
 2.72000000e+00  9.48458139e-05 
 2.73000000e+00  9.57510339e-05 
 2.74000000e+00  9.66562539e-05 
 2.75000000e+00  9.75614739e-05 
 2.76000000e+00  9.84666939e-05 
 2.77000000e+00  9.93719139e-05 
 2.78000000e+00  1.00277134e-04 
 2.79000000e+00  1.01182354e-04 
 2.80000000e+00  1.02087574e-04 
 2.81000000e+00  1.02992794e-04 
 2.82000000e+00  1.03898014e-04 
 2.83000000e+00  1.04803234e-04 
 2.84000000e+00  1.05708454e-04 
 2.85000000e+00  1.06613674e-04 
 2.86000000e+00  1.07518894e-04 
 2.87000000e+00  1.08424114e-04 
 2.88000000e+00  1.09329334e-04 
 2.89000000e+00  1.10234554e-04 
 2.90000000e+00  1.11139774e-04 
 2.91000000e+00  1.12044994e-04 
 2.92000000e+00  1.12950214e-04 
 2.93000000e+00  1.13855434e-04 
 2.94000000e+00  1.14760654e-04 
 2.95000000e+00  1.15665874e-04 
 2.96000000e+00  1.16571094e-04 
 2.97000000e+00  1.17476314e-04 
 2.98000000e+00  1.18381534e-04 
 2.99000000e+00  1.19286754e-04 
 3.00000000e+00  1.20191974e-04 
 3.01000000e+00  1.21097194e-04 
 3.02000000e+00  1.22002414e-04 
 3.03000000e+00  1.22907634e-04 
 3.04000000e+00  1.23812854e-04 
 3.05000000e+00  1.24718074e-04 
 3.06000000e+00  1.25623294e-04 
 3.07000000e+00  1.26528514e-04 
 3.08000000e+00  1.27433734e-04 
 3.09000000e+00  1.28338954e-04 
 3.10000000e+00  1.29244174e-04 
 3.11000000e+00  1.30149394e-04 
 3.12000000e+00  1.31054614e-04 
 3.13000000e+00  1.31959834e-04 
 3.14000000e+00  1.32865054e-04 
 3.15000000e+00  1.33770274e-04 
 3.16000000e+00  1.34675494e-04 
 3.17000000e+00  1.35580714e-04 
 3.18000000e+00  1.36485934e-04 
 3.19000000e+00  1.37391154e-04 
 3.20000000e+00  1.38296374e-04 
 3.21000000e+00  1.39201594e-04 
 3.22000000e+00  1.40106814e-04 
 3.23000000e+00  1.41012034e-04 
 3.24000000e+00  1.41917254e-04 
 3.25000000e+00  1.42822474e-04 
 3.26000000e+00  1.43727694e-04 
 3.27000000e+00  1.44632914e-04 
 3.28000000e+00  1.45538134e-04 
 3.29000000e+00  1.46443354e-04 
 3.30000000e+00  1.47348574e-04 
 3.31000000e+00  1.48253794e-04 
 3.32000000e+00  1.49159014e-04 
 3.33000000e+00  1.50064234e-04 
 3.34000000e+00  1.50969454e-04 
 3.35000000e+00  1.51874674e-04 
 3.36000000e+00  1.52779894e-04 
 3.37000000e+00  1.53685114e-04 
 3.38000000e+00  1.54590334e-04 
 3.39000000e+00  1.55495554e-04 
 3.40000000e+00  1.56400774e-04 
 3.41000000e+00  1.57305994e-04 
 3.42000000e+00  1.58211214e-04 
 3.43000000e+00  1.59116434e-04 
 3.44000000e+00  1.60021654e-04 
 3.45000000e+00  1.60926874e-04 
 3.46000000e+00  1.61832094e-04 
 3.47000000e+00  1.62737314e-04 
 3.48000000e+00  1.63642534e-04 
 3.49000000e+00  1.64547754e-04 
 3.50000000e+00  1.65452974e-04 
 3.51000000e+00  1.66358194e-04 
 3.52000000e+00  1.67263414e-04 
 3.53000000e+00  1.68168634e-04 
 3.54000000e+00  1.69073854e-04 
 3.55000000e+00  1.69979074e-04 
 3.56000000e+00  1.70884294e-04 
 3.57000000e+00  1.71789514e-04 
 3.58000000e+00  1.72694734e-04 
 3.59000000e+00  1.73599954e-04 
 3.60000000e+00  1.74505174e-04 
 3.61000000e+00  1.75410394e-04 
 3.62000000e+00  1.76315614e-04 
 3.63000000e+00  1.77220834e-04 
 3.64000000e+00  1.78126054e-04 
 3.65000000e+00  1.79031274e-04 
 3.66000000e+00  1.79936494e-04 
 3.67000000e+00  1.80841714e-04 
 3.68000000e+00  1.81746934e-04 
 3.69000000e+00  1.82652154e-04 
 3.70000000e+00  1.83557374e-04 
 3.71000000e+00  1.84462594e-04 
 3.72000000e+00  1.85367814e-04 
 3.73000000e+00  1.86273034e-04 
 3.74000000e+00  1.87178254e-04 
 3.75000000e+00  1.88083474e-04 
 3.76000000e+00  1.88988694e-04 
 3.77000000e+00  1.89893914e-04 
 3.78000000e+00  1.90799134e-04 
 3.79000000e+00  1.91704354e-04 
 3.80000000e+00  1.92609574e-04 
 3.81000000e+00  1.93514794e-04 
 3.82000000e+00  1.94420014e-04 
 3.83000000e+00  1.95325234e-04 
 3.84000000e+00  1.96230454e-04 
 3.85000000e+00  1.97135674e-04 
 3.86000000e+00  1.98040894e-04 
 3.87000000e+00  1.98946114e-04 
 3.88000000e+00  1.99851334e-04 
 3.89000000e+00  2.00756554e-04 
 3.90000000e+00  2.01661774e-04 
 3.91000000e+00  2.02566994e-04 
 3.92000000e+00  2.03472214e-04 
 3.93000000e+00  2.04377434e-04 
 3.94000000e+00  2.05282654e-04 
 3.95000000e+00  2.06187874e-04 
 3.96000000e+00  2.07093094e-04 
 3.97000000e+00  2.07998314e-04 
 3.98000000e+00  2.08903534e-04 
 3.99000000e+00  2.09808754e-04 
 4.00000000e+00  2.10713974e-04 
 4.01000000e+00  2.11619194e-04 
 4.02000000e+00  2.12524414e-04 
 4.03000000e+00  2.13429634e-04 
 4.04000000e+00  2.14334854e-04 
 4.05000000e+00  2.15240074e-04 
 4.06000000e+00  2.16145294e-04 
 4.07000000e+00  2.17050514e-04 
 4.08000000e+00  2.17955734e-04 
 4.09000000e+00  2.18860954e-04 
 4.10000000e+00  2.19766174e-04 
 4.11000000e+00  2.20671394e-04 
 4.12000000e+00  2.21576614e-04 
 4.13000000e+00  2.22481834e-04 
 4.14000000e+00  2.23387054e-04 
 4.15000000e+00  2.24292274e-04 
 4.16000000e+00  2.25197494e-04 
 4.17000000e+00  2.26102714e-04 
 4.18000000e+00  2.27007934e-04 
 4.19000000e+00  2.27913154e-04 
 4.20000000e+00  2.28818374e-04 
 4.21000000e+00  2.29723594e-04 
 4.22000000e+00  2.30628814e-04 
 4.23000000e+00  2.31534034e-04 
 4.24000000e+00  2.32439254e-04 
 4.25000000e+00  2.33344474e-04 
 4.26000000e+00  2.34249694e-04 
 4.27000000e+00  2.35154914e-04 
 4.28000000e+00  2.36060134e-04 
 4.29000000e+00  2.36965354e-04 
 4.30000000e+00  2.37870574e-04 
 4.31000000e+00  2.38775794e-04 
 4.32000000e+00  2.39681014e-04 
 4.33000000e+00  2.40586234e-04 
 4.34000000e+00  2.41491454e-04 
 4.35000000e+00  2.42396674e-04 
 4.36000000e+00  2.43301894e-04 
 4.37000000e+00  2.44207114e-04 
 4.38000000e+00  2.45112334e-04 
 4.39000000e+00  2.46017554e-04 
 4.40000000e+00  2.46922774e-04 
 4.41000000e+00  2.47827994e-04 
 4.42000000e+00  2.48733214e-04 
 4.43000000e+00  2.49638434e-04 
 4.44000000e+00  2.50543654e-04 
 4.45000000e+00  2.51448874e-04 
 4.46000000e+00  2.52354094e-04 
 4.47000000e+00  2.53259314e-04 
 4.48000000e+00  2.54164534e-04 
 4.49000000e+00  2.55069754e-04 
 4.50000000e+00  2.55974974e-04 
 4.51000000e+00  2.56880194e-04 
 4.52000000e+00  2.57785414e-04 
 4.53000000e+00  2.58690634e-04 
 4.54000000e+00  2.59595854e-04 
 4.55000000e+00  2.60501074e-04 
 4.56000000e+00  2.61406294e-04 
 4.57000000e+00  2.62311514e-04 
 4.58000000e+00  2.63216734e-04 
 4.59000000e+00  2.64121954e-04 
 4.60000000e+00  2.65027174e-04 
 4.61000000e+00  2.65932394e-04 
 4.62000000e+00  2.66837614e-04 
 4.63000000e+00  2.67742834e-04 
 4.64000000e+00  2.68648054e-04 
 4.65000000e+00  2.69553274e-04 
 4.66000000e+00  2.70458494e-04 
 4.67000000e+00  2.71363714e-04 
 4.68000000e+00  2.72268934e-04 
 4.69000000e+00  2.73174154e-04 
 4.70000000e+00  2.74079374e-04 
 4.71000000e+00  2.74984594e-04 
 4.72000000e+00  2.75889814e-04 
 4.73000000e+00  2.76795034e-04 
 4.74000000e+00  2.77700254e-04 
 4.75000000e+00  2.78605474e-04 
 4.76000000e+00  2.79510694e-04 
 4.77000000e+00  2.80415914e-04 
 4.78000000e+00  2.81321134e-04 
 4.79000000e+00  2.82226354e-04 
 4.80000000e+00  2.83131574e-04 
 4.81000000e+00  2.84036794e-04 
 4.82000000e+00  2.84942014e-04 
 4.83000000e+00  2.85847234e-04 
 4.84000000e+00  2.86752454e-04 
 4.85000000e+00  2.87657674e-04 
 4.86000000e+00  2.88562894e-04 
 4.87000000e+00  2.89468114e-04 
 4.88000000e+00  2.90373334e-04 
 4.89000000e+00  2.91278554e-04 
 4.90000000e+00  2.92183774e-04 
 4.91000000e+00  2.93088994e-04 
 4.92000000e+00  2.93994214e-04 
 4.93000000e+00  2.94899434e-04 
 4.94000000e+00  2.95804654e-04 
 4.95000000e+00  2.96709874e-04 
 4.96000000e+00  2.97615094e-04 
 4.97000000e+00  2.98520314e-04 
 4.98000000e+00  2.99425534e-04 
 4.99000000e+00  3.00330754e-04 
 5.00000000e+00  3.01235974e-04 
