 0.00000000e+00  4.21000000e-12 
 1.00000000e-02  4.21000000e-12 
 2.00000000e-02  4.21000000e-12 
 3.00000000e-02  4.21000000e-12 
 4.00000000e-02  4.21000000e-12 
 5.00000000e-02  4.21000000e-12 
 6.00000000e-02  4.21000000e-12 
 7.00000000e-02  4.21000000e-12 
 8.00000000e-02  4.21000000e-12 
 9.00000000e-02  4.21000000e-12 
 1.00000000e-01  4.21000000e-12 
 1.10000000e-01  4.21000000e-12 
 1.20000000e-01  4.21000000e-12 
 1.30000000e-01  4.21000000e-12 
 1.40000000e-01  4.21000000e-12 
 1.50000000e-01  4.21000000e-12 
 1.60000000e-01  4.21000000e-12 
 1.70000000e-01  4.21000000e-12 
 1.80000000e-01  4.21000000e-12 
 1.90000000e-01  4.21000000e-12 
 2.00000000e-01  4.21000000e-12 
 2.10000000e-01  4.21000000e-12 
 2.20000000e-01  4.21000000e-12 
 2.30000000e-01  4.21000000e-12 
 2.40000000e-01  4.21000000e-12 
 2.50000000e-01  4.21000000e-12 
 2.60000000e-01  4.21000000e-12 
 2.70000000e-01  4.21000000e-12 
 2.80000000e-01  4.21000000e-12 
 2.90000000e-01  4.21000000e-12 
 3.00000000e-01  4.21000000e-12 
 3.10000000e-01  4.21000000e-12 
 3.20000000e-01  4.21000000e-12 
 3.30000000e-01  4.21000000e-12 
 3.40000000e-01  4.21000000e-12 
 3.50000000e-01  4.21000000e-12 
 3.60000000e-01  4.21000000e-12 
 3.70000000e-01  4.21000000e-12 
 3.80000000e-01  4.21000000e-12 
 3.90000000e-01  4.21000000e-12 
 4.00000000e-01  4.21000000e-12 
 4.10000000e-01  4.21000000e-12 
 4.20000000e-01  4.21000000e-12 
 4.30000000e-01  4.21000000e-12 
 4.40000000e-01  4.21000000e-12 
 4.50000000e-01  4.21000000e-12 
 4.60000000e-01  4.21000000e-12 
 4.70000000e-01  4.21000000e-12 
 4.80000000e-01  4.21000000e-12 
 4.90000000e-01  4.21000000e-12 
 5.00000000e-01  4.21000000e-12 
 5.10000000e-01  4.21000000e-12 
 5.20000000e-01  4.21000000e-12 
 5.30000000e-01  4.21000000e-12 
 5.40000000e-01  4.21000000e-12 
 5.50000000e-01  4.21000000e-12 
 5.60000000e-01  4.21000000e-12 
 5.70000000e-01  4.21000000e-12 
 5.80000000e-01  4.21000000e-12 
 5.90000000e-01  4.21000000e-12 
 6.00000000e-01  4.21000000e-12 
 6.10000000e-01  4.21000000e-12 
 6.20000000e-01  4.21000000e-12 
 6.30000000e-01  4.21000000e-12 
 6.40000000e-01  4.21000000e-12 
 6.50000000e-01  4.21000000e-12 
 6.60000000e-01  4.21000000e-12 
 6.70000000e-01  4.21000000e-12 
 6.80000000e-01  4.21000000e-12 
 6.90000000e-01  4.21000000e-12 
 7.00000000e-01  4.21000000e-12 
 7.10000000e-01  4.21000000e-12 
 7.20000000e-01  4.21000000e-12 
 7.30000000e-01  4.21000000e-12 
 7.40000000e-01  4.21000000e-12 
 7.50000000e-01  4.21000000e-12 
 7.60000000e-01  4.21000000e-12 
 7.70000000e-01  4.21000000e-12 
 7.80000000e-01  4.21000000e-12 
 7.90000000e-01  4.21000000e-12 
 8.00000000e-01  4.21000000e-12 
 8.10000000e-01  4.21000000e-12 
 8.20000000e-01  4.21000000e-12 
 8.30000000e-01  4.21000000e-12 
 8.40000000e-01  4.21000000e-12 
 8.50000000e-01  4.21000000e-12 
 8.60000000e-01  4.21000000e-12 
 8.70000000e-01  4.21000000e-12 
 8.80000000e-01  4.21000000e-12 
 8.90000000e-01  4.21000000e-12 
 9.00000000e-01  4.21000000e-12 
 9.10000000e-01  4.21000000e-12 
 9.20000000e-01  4.21000000e-12 
 9.30000000e-01  4.21000000e-12 
 9.40000000e-01  4.21000000e-12 
 9.50000000e-01  4.21000000e-12 
 9.60000000e-01  4.21000000e-12 
 9.70000000e-01  4.21000000e-12 
 9.80000000e-01  4.21000000e-12 
 9.90000000e-01  4.21000000e-12 
 1.00000000e+00  4.21000000e-12 
 1.01000000e+00  4.21000000e-12 
 1.02000000e+00  4.21000000e-12 
 1.03000000e+00  4.21000000e-12 
 1.04000000e+00  4.21000000e-12 
 1.05000000e+00  4.21000000e-12 
 1.06000000e+00  4.21000000e-12 
 1.07000000e+00  4.21000000e-12 
 1.08000000e+00  4.21000000e-12 
 1.09000000e+00  4.21000000e-12 
 1.10000000e+00  4.21000000e-12 
 1.11000000e+00  4.21000000e-12 
 1.12000000e+00  4.21000000e-12 
 1.13000000e+00  4.21000000e-12 
 1.14000000e+00  4.21000000e-12 
 1.15000000e+00  4.21000000e-12 
 1.16000000e+00  4.21000000e-12 
 1.17000000e+00  4.21000000e-12 
 1.18000000e+00  4.21000000e-12 
 1.19000000e+00  4.21000000e-12 
 1.20000000e+00  4.21000000e-12 
 1.21000000e+00  4.21000000e-12 
 1.22000000e+00  4.21000000e-12 
 1.23000000e+00  4.21000000e-12 
 1.24000000e+00  4.21000000e-12 
 1.25000000e+00  4.21000000e-12 
 1.26000000e+00  4.21000000e-12 
 1.27000000e+00  4.21000000e-12 
 1.28000000e+00  4.21000000e-12 
 1.29000000e+00  4.21000000e-12 
 1.30000000e+00  4.21000000e-12 
 1.31000000e+00  4.21000000e-12 
 1.32000000e+00  4.21000000e-12 
 1.33000000e+00  4.21000000e-12 
 1.34000000e+00  4.21000000e-12 
 1.35000000e+00  4.21000000e-12 
 1.36000000e+00  4.21000000e-12 
 1.37000000e+00  4.21000000e-12 
 1.38000000e+00  4.21000000e-12 
 1.39000000e+00  4.21000000e-12 
 1.40000000e+00  4.21000000e-12 
 1.41000000e+00  4.21000000e-12 
 1.42000000e+00  4.21000000e-12 
 1.43000000e+00  4.21000000e-12 
 1.44000000e+00  4.21000000e-12 
 1.45000000e+00  4.21000000e-12 
 1.46000000e+00  4.21000000e-12 
 1.47000000e+00  4.21000000e-12 
 1.48000000e+00  4.21000000e-12 
 1.49000000e+00  4.21000000e-12 
 1.50000000e+00  4.21000000e-12 
 1.51000000e+00  4.21000000e-12 
 1.52000000e+00  4.21000000e-12 
 1.53000000e+00  4.21000000e-12 
 1.54000000e+00  4.21000000e-12 
 1.55000000e+00  4.21000000e-12 
 1.56000000e+00  4.21000000e-12 
 1.57000000e+00  4.21000000e-12 
 1.58000000e+00  4.21000000e-12 
 1.59000000e+00  4.21000000e-12 
 1.60000000e+00  4.21000000e-12 
 1.61000000e+00  4.21000000e-12 
 1.62000000e+00  4.21000000e-12 
 1.63000000e+00  4.21000000e-12 
 1.64000000e+00  4.21000000e-12 
 1.65000000e+00  4.21000000e-12 
 1.66000000e+00  4.21000000e-12 
 1.67000000e+00  4.21000000e-12 
 1.68000000e+00  4.21000000e-12 
 1.69000000e+00  4.21000000e-12 
 1.70000000e+00  4.21000000e-12 
 1.71000000e+00  4.21000000e-12 
 1.72000000e+00  4.21000000e-12 
 1.73000000e+00  4.21000000e-12 
 1.74000000e+00  4.21000000e-12 
 1.75000000e+00  4.21000000e-12 
 1.76000000e+00  4.21000000e-12 
 1.77000000e+00  4.21000000e-12 
 1.78000000e+00  5.27403249e-09 
 1.79000000e+00  4.97456605e-08 
 1.80000000e+00  1.39478288e-07 
 1.81000000e+00  2.74471916e-07 
 1.82000000e+00  4.54726544e-07 
 1.83000000e+00  6.80242172e-07 
 1.84000000e+00  9.51018800e-07 
 1.85000000e+00  1.26705643e-06 
 1.86000000e+00  1.62835506e-06 
 1.87000000e+00  2.03491468e-06 
 1.88000000e+00  2.48673531e-06 
 1.89000000e+00  2.98381694e-06 
 1.90000000e+00  3.52615957e-06 
 1.91000000e+00  4.11376320e-06 
 1.92000000e+00  4.74662782e-06 
 1.93000000e+00  5.42475345e-06 
 1.94000000e+00  6.14814008e-06 
 1.95000000e+00  6.91678771e-06 
 1.96000000e+00  7.73069634e-06 
 1.97000000e+00  8.58986596e-06 
 1.98000000e+00  9.48902677e-06 
 1.99000000e+00  1.03942468e-05 
 2.00000000e+00  1.12994668e-05 
 2.01000000e+00  1.22046868e-05 
 2.02000000e+00  1.31099068e-05 
 2.03000000e+00  1.40151268e-05 
 2.04000000e+00  1.49203468e-05 
 2.05000000e+00  1.58255668e-05 
 2.06000000e+00  1.67307868e-05 
 2.07000000e+00  1.76360068e-05 
 2.08000000e+00  1.85412268e-05 
 2.09000000e+00  1.94464468e-05 
 2.10000000e+00  2.03516668e-05 
 2.11000000e+00  2.12568868e-05 
 2.12000000e+00  2.21621068e-05 
 2.13000000e+00  2.30673268e-05 
 2.14000000e+00  2.39725468e-05 
 2.15000000e+00  2.48777668e-05 
 2.16000000e+00  2.57829868e-05 
 2.17000000e+00  2.66882068e-05 
 2.18000000e+00  2.75934268e-05 
 2.19000000e+00  2.84986468e-05 
 2.20000000e+00  2.94038668e-05 
 2.21000000e+00  3.03090868e-05 
 2.22000000e+00  3.12143068e-05 
 2.23000000e+00  3.21195268e-05 
 2.24000000e+00  3.30247468e-05 
 2.25000000e+00  3.39299668e-05 
 2.26000000e+00  3.48351868e-05 
 2.27000000e+00  3.57404068e-05 
 2.28000000e+00  3.66456268e-05 
 2.29000000e+00  3.75508468e-05 
 2.30000000e+00  3.84560668e-05 
 2.31000000e+00  3.93612868e-05 
 2.32000000e+00  4.02665068e-05 
 2.33000000e+00  4.11717268e-05 
 2.34000000e+00  4.20769468e-05 
 2.35000000e+00  4.29821668e-05 
 2.36000000e+00  4.38873868e-05 
 2.37000000e+00  4.47926068e-05 
 2.38000000e+00  4.56978268e-05 
 2.39000000e+00  4.66030468e-05 
 2.40000000e+00  4.75082668e-05 
 2.41000000e+00  4.84134868e-05 
 2.42000000e+00  4.93187068e-05 
 2.43000000e+00  5.02239268e-05 
 2.44000000e+00  5.11291468e-05 
 2.45000000e+00  5.20343668e-05 
 2.46000000e+00  5.29395868e-05 
 2.47000000e+00  5.38448068e-05 
 2.48000000e+00  5.47500268e-05 
 2.49000000e+00  5.56552468e-05 
 2.50000000e+00  5.65604668e-05 
 2.51000000e+00  5.74656868e-05 
 2.52000000e+00  5.83709068e-05 
 2.53000000e+00  5.92761268e-05 
 2.54000000e+00  6.01813468e-05 
 2.55000000e+00  6.10865668e-05 
 2.56000000e+00  6.19917868e-05 
 2.57000000e+00  6.28970068e-05 
 2.58000000e+00  6.38022268e-05 
 2.59000000e+00  6.47074468e-05 
 2.60000000e+00  6.56126668e-05 
 2.61000000e+00  6.65178868e-05 
 2.62000000e+00  6.74231068e-05 
 2.63000000e+00  6.83283268e-05 
 2.64000000e+00  6.92335468e-05 
 2.65000000e+00  7.01387668e-05 
 2.66000000e+00  7.10439868e-05 
 2.67000000e+00  7.19492068e-05 
 2.68000000e+00  7.28544268e-05 
 2.69000000e+00  7.37596468e-05 
 2.70000000e+00  7.46648668e-05 
 2.71000000e+00  7.55700868e-05 
 2.72000000e+00  7.64753068e-05 
 2.73000000e+00  7.73805268e-05 
 2.74000000e+00  7.82857468e-05 
 2.75000000e+00  7.91909668e-05 
 2.76000000e+00  8.00961868e-05 
 2.77000000e+00  8.10014068e-05 
 2.78000000e+00  8.19066268e-05 
 2.79000000e+00  8.28118468e-05 
 2.80000000e+00  8.37170668e-05 
 2.81000000e+00  8.46222868e-05 
 2.82000000e+00  8.55275068e-05 
 2.83000000e+00  8.64327268e-05 
 2.84000000e+00  8.73379468e-05 
 2.85000000e+00  8.82431668e-05 
 2.86000000e+00  8.91483868e-05 
 2.87000000e+00  9.00536068e-05 
 2.88000000e+00  9.09588268e-05 
 2.89000000e+00  9.18640468e-05 
 2.90000000e+00  9.27692668e-05 
 2.91000000e+00  9.36744868e-05 
 2.92000000e+00  9.45797068e-05 
 2.93000000e+00  9.54849268e-05 
 2.94000000e+00  9.63901468e-05 
 2.95000000e+00  9.72953668e-05 
 2.96000000e+00  9.82005868e-05 
 2.97000000e+00  9.91058068e-05 
 2.98000000e+00  1.00011027e-04 
 2.99000000e+00  1.00916247e-04 
 3.00000000e+00  1.01821467e-04 
 3.01000000e+00  1.02726687e-04 
 3.02000000e+00  1.03631907e-04 
 3.03000000e+00  1.04537127e-04 
 3.04000000e+00  1.05442347e-04 
 3.05000000e+00  1.06347567e-04 
 3.06000000e+00  1.07252787e-04 
 3.07000000e+00  1.08158007e-04 
 3.08000000e+00  1.09063227e-04 
 3.09000000e+00  1.09968447e-04 
 3.10000000e+00  1.10873667e-04 
 3.11000000e+00  1.11778887e-04 
 3.12000000e+00  1.12684107e-04 
 3.13000000e+00  1.13589327e-04 
 3.14000000e+00  1.14494547e-04 
 3.15000000e+00  1.15399767e-04 
 3.16000000e+00  1.16304987e-04 
 3.17000000e+00  1.17210207e-04 
 3.18000000e+00  1.18115427e-04 
 3.19000000e+00  1.19020647e-04 
 3.20000000e+00  1.19925867e-04 
 3.21000000e+00  1.20831087e-04 
 3.22000000e+00  1.21736307e-04 
 3.23000000e+00  1.22641527e-04 
 3.24000000e+00  1.23546747e-04 
 3.25000000e+00  1.24451967e-04 
 3.26000000e+00  1.25357187e-04 
 3.27000000e+00  1.26262407e-04 
 3.28000000e+00  1.27167627e-04 
 3.29000000e+00  1.28072847e-04 
 3.30000000e+00  1.28978067e-04 
 3.31000000e+00  1.29883287e-04 
 3.32000000e+00  1.30788507e-04 
 3.33000000e+00  1.31693727e-04 
 3.34000000e+00  1.32598947e-04 
 3.35000000e+00  1.33504167e-04 
 3.36000000e+00  1.34409387e-04 
 3.37000000e+00  1.35314607e-04 
 3.38000000e+00  1.36219827e-04 
 3.39000000e+00  1.37125047e-04 
 3.40000000e+00  1.38030267e-04 
 3.41000000e+00  1.38935487e-04 
 3.42000000e+00  1.39840707e-04 
 3.43000000e+00  1.40745927e-04 
 3.44000000e+00  1.41651147e-04 
 3.45000000e+00  1.42556367e-04 
 3.46000000e+00  1.43461587e-04 
 3.47000000e+00  1.44366807e-04 
 3.48000000e+00  1.45272027e-04 
 3.49000000e+00  1.46177247e-04 
 3.50000000e+00  1.47082467e-04 
 3.51000000e+00  1.47987687e-04 
 3.52000000e+00  1.48892907e-04 
 3.53000000e+00  1.49798127e-04 
 3.54000000e+00  1.50703347e-04 
 3.55000000e+00  1.51608567e-04 
 3.56000000e+00  1.52513787e-04 
 3.57000000e+00  1.53419007e-04 
 3.58000000e+00  1.54324227e-04 
 3.59000000e+00  1.55229447e-04 
 3.60000000e+00  1.56134667e-04 
 3.61000000e+00  1.57039887e-04 
 3.62000000e+00  1.57945107e-04 
 3.63000000e+00  1.58850327e-04 
 3.64000000e+00  1.59755547e-04 
 3.65000000e+00  1.60660767e-04 
 3.66000000e+00  1.61565987e-04 
 3.67000000e+00  1.62471207e-04 
 3.68000000e+00  1.63376427e-04 
 3.69000000e+00  1.64281647e-04 
 3.70000000e+00  1.65186867e-04 
 3.71000000e+00  1.66092087e-04 
 3.72000000e+00  1.66997307e-04 
 3.73000000e+00  1.67902527e-04 
 3.74000000e+00  1.68807747e-04 
 3.75000000e+00  1.69712967e-04 
 3.76000000e+00  1.70618187e-04 
 3.77000000e+00  1.71523407e-04 
 3.78000000e+00  1.72428627e-04 
 3.79000000e+00  1.73333847e-04 
 3.80000000e+00  1.74239067e-04 
 3.81000000e+00  1.75144287e-04 
 3.82000000e+00  1.76049507e-04 
 3.83000000e+00  1.76954727e-04 
 3.84000000e+00  1.77859947e-04 
 3.85000000e+00  1.78765167e-04 
 3.86000000e+00  1.79670387e-04 
 3.87000000e+00  1.80575607e-04 
 3.88000000e+00  1.81480827e-04 
 3.89000000e+00  1.82386047e-04 
 3.90000000e+00  1.83291267e-04 
 3.91000000e+00  1.84196487e-04 
 3.92000000e+00  1.85101707e-04 
 3.93000000e+00  1.86006927e-04 
 3.94000000e+00  1.86912147e-04 
 3.95000000e+00  1.87817367e-04 
 3.96000000e+00  1.88722587e-04 
 3.97000000e+00  1.89627807e-04 
 3.98000000e+00  1.90533027e-04 
 3.99000000e+00  1.91438247e-04 
 4.00000000e+00  1.92343467e-04 
 4.01000000e+00  1.93248687e-04 
 4.02000000e+00  1.94153907e-04 
 4.03000000e+00  1.95059127e-04 
 4.04000000e+00  1.95964347e-04 
 4.05000000e+00  1.96869567e-04 
 4.06000000e+00  1.97774787e-04 
 4.07000000e+00  1.98680007e-04 
 4.08000000e+00  1.99585227e-04 
 4.09000000e+00  2.00490447e-04 
 4.10000000e+00  2.01395667e-04 
 4.11000000e+00  2.02300887e-04 
 4.12000000e+00  2.03206107e-04 
 4.13000000e+00  2.04111327e-04 
 4.14000000e+00  2.05016547e-04 
 4.15000000e+00  2.05921767e-04 
 4.16000000e+00  2.06826987e-04 
 4.17000000e+00  2.07732207e-04 
 4.18000000e+00  2.08637427e-04 
 4.19000000e+00  2.09542647e-04 
 4.20000000e+00  2.10447867e-04 
 4.21000000e+00  2.11353087e-04 
 4.22000000e+00  2.12258307e-04 
 4.23000000e+00  2.13163527e-04 
 4.24000000e+00  2.14068747e-04 
 4.25000000e+00  2.14973967e-04 
 4.26000000e+00  2.15879187e-04 
 4.27000000e+00  2.16784407e-04 
 4.28000000e+00  2.17689627e-04 
 4.29000000e+00  2.18594847e-04 
 4.30000000e+00  2.19500067e-04 
 4.31000000e+00  2.20405287e-04 
 4.32000000e+00  2.21310507e-04 
 4.33000000e+00  2.22215727e-04 
 4.34000000e+00  2.23120947e-04 
 4.35000000e+00  2.24026167e-04 
 4.36000000e+00  2.24931387e-04 
 4.37000000e+00  2.25836607e-04 
 4.38000000e+00  2.26741827e-04 
 4.39000000e+00  2.27647047e-04 
 4.40000000e+00  2.28552267e-04 
 4.41000000e+00  2.29457487e-04 
 4.42000000e+00  2.30362707e-04 
 4.43000000e+00  2.31267927e-04 
 4.44000000e+00  2.32173147e-04 
 4.45000000e+00  2.33078367e-04 
 4.46000000e+00  2.33983587e-04 
 4.47000000e+00  2.34888807e-04 
 4.48000000e+00  2.35794027e-04 
 4.49000000e+00  2.36699247e-04 
 4.50000000e+00  2.37604467e-04 
 4.51000000e+00  2.38509687e-04 
 4.52000000e+00  2.39414907e-04 
 4.53000000e+00  2.40320127e-04 
 4.54000000e+00  2.41225347e-04 
 4.55000000e+00  2.42130567e-04 
 4.56000000e+00  2.43035787e-04 
 4.57000000e+00  2.43941007e-04 
 4.58000000e+00  2.44846227e-04 
 4.59000000e+00  2.45751447e-04 
 4.60000000e+00  2.46656667e-04 
 4.61000000e+00  2.47561887e-04 
 4.62000000e+00  2.48467107e-04 
 4.63000000e+00  2.49372327e-04 
 4.64000000e+00  2.50277547e-04 
 4.65000000e+00  2.51182767e-04 
 4.66000000e+00  2.52087987e-04 
 4.67000000e+00  2.52993207e-04 
 4.68000000e+00  2.53898427e-04 
 4.69000000e+00  2.54803647e-04 
 4.70000000e+00  2.55708867e-04 
 4.71000000e+00  2.56614087e-04 
 4.72000000e+00  2.57519307e-04 
 4.73000000e+00  2.58424527e-04 
 4.74000000e+00  2.59329747e-04 
 4.75000000e+00  2.60234967e-04 
 4.76000000e+00  2.61140187e-04 
 4.77000000e+00  2.62045407e-04 
 4.78000000e+00  2.62950627e-04 
 4.79000000e+00  2.63855847e-04 
 4.80000000e+00  2.64761067e-04 
 4.81000000e+00  2.65666287e-04 
 4.82000000e+00  2.66571507e-04 
 4.83000000e+00  2.67476727e-04 
 4.84000000e+00  2.68381947e-04 
 4.85000000e+00  2.69287167e-04 
 4.86000000e+00  2.70192387e-04 
 4.87000000e+00  2.71097607e-04 
 4.88000000e+00  2.72002827e-04 
 4.89000000e+00  2.72908047e-04 
 4.90000000e+00  2.73813267e-04 
 4.91000000e+00  2.74718487e-04 
 4.92000000e+00  2.75623707e-04 
 4.93000000e+00  2.76528927e-04 
 4.94000000e+00  2.77434147e-04 
 4.95000000e+00  2.78339367e-04 
 4.96000000e+00  2.79244587e-04 
 4.97000000e+00  2.80149807e-04 
 4.98000000e+00  2.81055027e-04 
 4.99000000e+00  2.81960247e-04 
 5.00000000e+00  2.82865467e-04 
