 0.00000000e+00  3.30000000e+00 
 1.00000000e-02  3.29999999e+00 
 2.00000000e-02  3.29999999e+00 
 3.00000000e-02  3.29999999e+00 
 4.00000000e-02  3.29999999e+00 
 5.00000000e-02  3.29999998e+00 
 6.00000000e-02  3.29999998e+00 
 7.00000000e-02  3.29999998e+00 
 8.00000000e-02  3.29999997e+00 
 9.00000000e-02  3.29999996e+00 
 1.00000000e-01  3.29999995e+00 
 1.10000000e-01  3.29999993e+00 
 1.20000000e-01  3.29999992e+00 
 1.30000000e-01  3.29999989e+00 
 1.40000000e-01  3.29999986e+00 
 1.50000000e-01  3.29999983e+00 
 1.60000000e-01  3.29999978e+00 
 1.70000000e-01  3.29999971e+00 
 1.80000000e-01  3.29999963e+00 
 1.90000000e-01  3.29999953e+00 
 2.00000000e-01  3.29999940e+00 
 2.10000000e-01  3.29999924e+00 
 2.20000000e-01  3.29999903e+00 
 2.30000000e-01  3.29999876e+00 
 2.40000000e-01  3.29999841e+00 
 2.50000000e-01  3.29999797e+00 
 2.60000000e-01  3.29999741e+00 
 2.70000000e-01  3.29999670e+00 
 2.80000000e-01  3.29999580e+00 
 2.90000000e-01  3.29999465e+00 
 3.00000000e-01  3.29999320e+00 
 3.10000000e-01  3.29999135e+00 
 3.20000000e-01  3.29998901e+00 
 3.30000000e-01  3.29998606e+00 
 3.40000000e-01  3.29998233e+00 
 3.50000000e-01  3.29997763e+00 
 3.60000000e-01  3.29997172e+00 
 3.70000000e-01  3.29996430e+00 
 3.80000000e-01  3.29995500e+00 
 3.90000000e-01  3.29994338e+00 
 4.00000000e-01  3.29992889e+00 
 4.10000000e-01  3.29991086e+00 
 4.20000000e-01  3.29988851e+00 
 4.30000000e-01  3.29986086e+00 
 4.40000000e-01  3.29982676e+00 
 4.50000000e-01  3.29978483e+00 
 4.60000000e-01  3.29973343e+00 
 4.70000000e-01  3.29967062e+00 
 4.80000000e-01  3.29959411e+00 
 4.90000000e-01  3.29950119e+00 
 5.00000000e-01  3.29938872e+00 
 5.10000000e-01  3.29925300e+00 
 5.20000000e-01  3.29908976e+00 
 5.30000000e-01  3.29889403e+00 
 5.40000000e-01  3.29866013e+00 
 5.50000000e-01  3.29838157e+00 
 5.60000000e-01  3.29805099e+00 
 5.70000000e-01  3.29766016e+00 
 5.80000000e-01  3.29719991e+00 
 5.90000000e-01  3.29666018e+00 
 6.00000000e-01  3.29603008e+00 
 6.10000000e-01  3.29529791e+00 
 6.20000000e-01  3.29445135e+00 
 6.30000000e-01  3.29347757e+00 
 6.40000000e-01  3.29236343e+00 
 6.50000000e-01  3.29109569e+00 
 6.60000000e-01  3.28966125e+00 
 6.70000000e-01  3.28804732e+00 
 6.80000000e-01  3.28624168e+00 
 6.90000000e-01  3.28423288e+00 
 7.00000000e-01  3.28201034e+00 
 7.10000000e-01  3.27956455e+00 
 7.20000000e-01  3.27688709e+00 
 7.30000000e-01  3.27397069e+00 
 7.40000000e-01  3.27080923e+00 
 7.50000000e-01  3.26739770e+00 
 7.60000000e-01  3.26373209e+00 
 7.70000000e-01  3.25980937e+00 
 7.80000000e-01  3.25562727e+00 
 7.90000000e-01  3.25118424e+00 
 8.00000000e-01  3.24647927e+00 
 8.10000000e-01  3.24151178e+00 
 8.20000000e-01  3.23628149e+00 
 8.30000000e-01  3.23078829e+00 
 8.40000000e-01  3.22503214e+00 
 8.50000000e-01  3.21901298e+00 
 8.60000000e-01  3.21273061e+00 
 8.70000000e-01  3.20618465e+00 
 8.80000000e-01  3.19937445e+00 
 8.90000000e-01  3.19229901e+00 
 9.00000000e-01  3.18495699e+00 
 9.10000000e-01  3.17734658e+00 
 9.20000000e-01  3.16946553e+00 
 9.30000000e-01  3.16131104e+00 
 9.40000000e-01  3.15287979e+00 
 9.50000000e-01  3.14416786e+00 
 9.60000000e-01  3.13517069e+00 
 9.70000000e-01  3.12588305e+00 
 9.80000000e-01  3.11629899e+00 
 9.90000000e-01  3.10641178e+00 
 1.00000000e+00  3.09621388e+00 
 1.01000000e+00  3.08569684e+00 
 1.02000000e+00  3.07485123e+00 
 1.03000000e+00  3.06366659e+00 
 1.04000000e+00  3.05213128e+00 
 1.05000000e+00  3.04023239e+00 
 1.06000000e+00  3.02795561e+00 
 1.07000000e+00  3.01528505e+00 
 1.08000000e+00  3.00220304e+00 
 1.09000000e+00  2.98868997e+00 
 1.10000000e+00  2.97472394e+00 
 1.11000000e+00  2.96028052e+00 
 1.12000000e+00  2.94533233e+00 
 1.13000000e+00  2.92984856e+00 
 1.14000000e+00  2.91379449e+00 
 1.15000000e+00  2.89713073e+00 
 1.16000000e+00  2.87981239e+00 
 1.17000000e+00  2.86178803e+00 
 1.18000000e+00  2.84299831e+00 
 1.19000000e+00  2.82337424e+00 
 1.20000000e+00  2.80283495e+00 
 1.21000000e+00  2.78128470e+00 
 1.22000000e+00  2.75860887e+00 
 1.23000000e+00  2.73466846e+00 
 1.24000000e+00  2.70929235e+00 
 1.25000000e+00  2.68226605e+00 
 1.26000000e+00  2.65331498e+00 
 1.27000000e+00  2.62207853e+00 
 1.28000000e+00  2.58806797e+00 
 1.29000000e+00  2.55059462e+00 
 1.30000000e+00  2.50863919e+00 
 1.31000000e+00  2.46059698e+00 
 1.32000000e+00  2.40375097e+00 
 1.33000000e+00  2.33322936e+00 
 1.34000000e+00  2.24117828e+00 
 1.35000000e+00  2.12210066e+00 
 1.36000000e+00  1.97977677e+00 
 1.37000000e+00  1.81819327e+00 
 1.38000000e+00  1.63923184e+00 
 1.39000000e+00  1.44592427e+00 
 1.40000000e+00  1.24456798e+00 
 1.41000000e+00  1.04666085e+00 
 1.42000000e+00  8.69058724e-01 
 1.43000000e+00  7.29324113e-01 
 1.44000000e+00  6.30856884e-01 
 1.45000000e+00  5.64665748e-01 
 1.46000000e+00  5.18407123e-01 
 1.47000000e+00  4.83303183e-01 
 1.48000000e+00  4.55575591e-01 
 1.49000000e+00  4.32239537e-01 
 1.50000000e+00  4.11997280e-01 
 1.51000000e+00  3.94085240e-01 
 1.52000000e+00  3.77985884e-01 
 1.53000000e+00  3.63340763e-01 
 1.54000000e+00  3.49891944e-01 
 1.55000000e+00  3.37447189e-01 
 1.56000000e+00  3.25859061e-01 
 1.57000000e+00  3.15011764e-01 
 1.58000000e+00  3.04812512e-01 
 1.59000000e+00  2.95185684e-01 
 1.60000000e+00  2.86068737e-01 
 1.61000000e+00  2.77409295e-01 
 1.62000000e+00  2.69162999e-01 
 1.63000000e+00  2.61291921e-01 
 1.64000000e+00  2.53763347e-01 
 1.65000000e+00  2.46548842e-01 
 1.66000000e+00  2.39623520e-01 
 1.67000000e+00  2.32965467e-01 
 1.68000000e+00  2.26555272e-01 
 1.69000000e+00  2.20375659e-01 
 1.70000000e+00  2.14411175e-01 
 1.71000000e+00  2.08647939e-01 
 1.72000000e+00  2.03073435e-01 
 1.73000000e+00  1.97676335e-01 
 1.74000000e+00  1.92446350e-01 
 1.75000000e+00  1.87374109e-01 
 1.76000000e+00  1.82451050e-01 
 1.77000000e+00  1.77669329e-01 
 1.78000000e+00  1.73021743e-01 
 1.79000000e+00  1.68501660e-01 
 1.80000000e+00  1.64102963e-01 
 1.81000000e+00  1.59819994e-01 
 1.82000000e+00  1.55647516e-01 
 1.83000000e+00  1.51580666e-01 
 1.84000000e+00  1.47614924e-01 
 1.85000000e+00  1.43746083e-01 
 1.86000000e+00  1.39970220e-01 
 1.87000000e+00  1.36283669e-01 
 1.88000000e+00  1.32683006e-01 
 1.89000000e+00  1.29165022e-01 
 1.90000000e+00  1.25726712e-01 
 1.91000000e+00  1.22365253e-01 
 1.92000000e+00  1.19077995e-01 
 1.93000000e+00  1.15862445e-01 
 1.94000000e+00  1.12716259e-01 
 1.95000000e+00  1.09637226e-01 
 1.96000000e+00  1.06623263e-01 
 1.97000000e+00  1.03672403e-01 
 1.98000000e+00  1.00782792e-01 
 1.99000000e+00  9.79526748e-02 
 2.00000000e+00  9.51803943e-02 
 2.01000000e+00  9.24643821e-02 
 2.02000000e+00  8.98031541e-02 
 2.03000000e+00  8.71953051e-02 
 2.04000000e+00  8.46395040e-02 
 2.05000000e+00  8.21344898e-02 
 2.06000000e+00  7.96790669e-02 
 2.07000000e+00  7.72721023e-02 
 2.08000000e+00  7.49125212e-02 
 2.09000000e+00  7.25993046e-02 
 2.10000000e+00  7.03314862e-02 
 2.11000000e+00  6.81081494e-02 
 2.12000000e+00  6.59284252e-02 
 2.13000000e+00  6.37914897e-02 
 2.14000000e+00  6.16965621e-02 
 2.15000000e+00  5.96429025e-02 
 2.16000000e+00  5.76298107e-02 
 2.17000000e+00  5.56566236e-02 
 2.18000000e+00  5.37227148e-02 
 2.19000000e+00  5.18274923e-02 
 2.20000000e+00  4.99703978e-02 
 2.21000000e+00  4.81509056e-02 
 2.22000000e+00  4.63685213e-02 
 2.23000000e+00  4.46227809e-02 
 2.24000000e+00  4.29132505e-02 
 2.25000000e+00  4.12395252e-02 
 2.26000000e+00  3.96012288e-02 
 2.27000000e+00  3.79980131e-02 
 2.28000000e+00  3.64295579e-02 
 2.29000000e+00  3.48955704e-02 
 2.30000000e+00  3.33957854e-02 
 2.31000000e+00  3.19299650e-02 
 2.32000000e+00  3.04978986e-02 
 2.33000000e+00  2.90994033e-02 
 2.34000000e+00  2.77343237e-02 
 2.35000000e+00  2.64025323e-02 
 2.36000000e+00  2.51039298e-02 
 2.37000000e+00  2.38384452e-02 
 2.38000000e+00  2.26060361e-02 
 2.39000000e+00  2.14066889e-02 
 2.40000000e+00  2.02404187e-02 
 2.41000000e+00  1.91072695e-02 
 2.42000000e+00  1.80073135e-02 
 2.43000000e+00  1.69406508e-02 
 2.44000000e+00  1.59074082e-02 
 2.45000000e+00  1.49077377e-02 
 2.46000000e+00  1.39418144e-02 
 2.47000000e+00  1.30098338e-02 
 2.48000000e+00  1.21120078e-02 
 2.49000000e+00  1.12485601e-02 
 2.50000000e+00  1.04197206e-02 
 2.51000000e+00  9.62571769e-03 
 2.52000000e+00  8.86677026e-03 
 2.53000000e+00  8.14307736e-03 
 2.54000000e+00  7.45480686e-03 
 2.55000000e+00  6.80208246e-03 
 2.56000000e+00  6.18496947e-03 
 2.57000000e+00  5.60345944e-03 
 2.58000000e+00  5.05745410e-03 
 2.59000000e+00  4.54674910e-03 
 2.60000000e+00  4.07101811e-03 
 2.61000000e+00  3.62979819e-03 
 2.62000000e+00  3.22247708e-03 
 2.63000000e+00  2.84828356e-03 
 2.64000000e+00  2.50628160e-03 
 2.65000000e+00  2.19536927e-03 
 2.66000000e+00  1.91428292e-03 
 2.67000000e+00  1.66160708e-03 
 2.68000000e+00  1.43579012e-03 
 2.69000000e+00  1.23516528e-03 
 2.70000000e+00  1.05797631e-03 
 2.71000000e+00  9.02406693e-04 
 2.72000000e+00  7.66610867e-04 
 2.73000000e+00  6.48746045e-04 
 2.74000000e+00  5.47002888e-04 
 2.75000000e+00  4.59633580e-04 
 2.76000000e+00  3.84976028e-04 
 2.77000000e+00  3.21473265e-04 
 2.78000000e+00  2.67687549e-04 
 2.79000000e+00  2.22309050e-04 
 2.80000000e+00  1.84159393e-04 
 2.81000000e+00  1.52190658e-04 
 2.82000000e+00  1.25480631e-04 
 2.83000000e+00  1.03225205e-04 
 2.84000000e+00  8.47288782e-05 
 2.85000000e+00  6.93941797e-05 
 2.86000000e+00  5.67107647e-05 
 2.87000000e+00  4.62447328e-05 
 2.88000000e+00  3.76285730e-05 
 2.89000000e+00  3.05519726e-05 
 2.90000000e+00  2.47536086e-05 
 2.91000000e+00  2.00139365e-05 
 2.92000000e+00  1.61489320e-05 
 2.93000000e+00  1.30047008e-05 
 2.94000000e+00  1.04528596e-05 
 2.95000000e+00  8.38658545e-06 
 2.96000000e+00  6.71724151e-06 
 2.97000000e+00  5.37149631e-06 
 2.98000000e+00  4.28886521e-06 
 2.99000000e+00  3.41961482e-06 
 3.00000000e+00  2.72297971e-06 
 3.01000000e+00  2.16564875e-06 
 3.02000000e+00  1.72048440e-06 
 3.03000000e+00  1.36544307e-06 
 3.04000000e+00  1.08266896e-06 
 3.05000000e+00  8.57736662e-07 
 3.06000000e+00  6.79021016e-07 
 3.07000000e+00  5.37175179e-07 
 3.08000000e+00  4.24700217e-07 
 3.09000000e+00  3.35591632e-07 
 3.10000000e+00  2.65050237e-07 
 3.11000000e+00  2.09246555e-07 
 3.12000000e+00  1.65129471e-07 
 3.13000000e+00  1.30271343e-07 
 3.14000000e+00  1.02742986e-07 
 3.15000000e+00  8.10130307e-08 
 3.16000000e+00  6.38671087e-08 
 3.17000000e+00  5.03431005e-08 
 3.18000000e+00  3.96793535e-08 
 3.19000000e+00  3.12733491e-08 
 3.20000000e+00  2.46487623e-08 
 3.21000000e+00  1.94292504e-08 
 3.22000000e+00  1.53176183e-08 
 3.23000000e+00  1.20792807e-08 
 3.24000000e+00  9.52914949e-09 
 3.25000000e+00  7.52124175e-09 
 3.26000000e+00  5.94045500e-09 
 3.27000000e+00  4.69606117e-09 
 3.28000000e+00  3.71656255e-09 
 3.29000000e+00  2.94562946e-09 
 3.30000000e+00  2.33889059e-09 
