 0.00000000e+00  3.29999999e+00 
 1.00000000e-02  3.29999999e+00 
 2.00000000e-02  3.29999999e+00 
 3.00000000e-02  3.29999998e+00 
 4.00000000e-02  3.29999998e+00 
 5.00000000e-02  3.29999997e+00 
 6.00000000e-02  3.29999996e+00 
 7.00000000e-02  3.29999995e+00 
 8.00000000e-02  3.29999994e+00 
 9.00000000e-02  3.29999992e+00 
 1.00000000e-01  3.29999990e+00 
 1.10000000e-01  3.29999987e+00 
 1.20000000e-01  3.29999983e+00 
 1.30000000e-01  3.29999979e+00 
 1.40000000e-01  3.29999973e+00 
 1.50000000e-01  3.29999965e+00 
 1.60000000e-01  3.29999955e+00 
 1.70000000e-01  3.29999943e+00 
 1.80000000e-01  3.29999927e+00 
 1.90000000e-01  3.29999906e+00 
 2.00000000e-01  3.29999880e+00 
 2.10000000e-01  3.29999847e+00 
 2.20000000e-01  3.29999805e+00 
 2.30000000e-01  3.29999751e+00 
 2.40000000e-01  3.29999682e+00 
 2.50000000e-01  3.29999594e+00 
 2.60000000e-01  3.29999482e+00 
 2.70000000e-01  3.29999340e+00 
 2.80000000e-01  3.29999159e+00 
 2.90000000e-01  3.29998929e+00 
 3.00000000e-01  3.29998637e+00 
 3.10000000e-01  3.29998267e+00 
 3.20000000e-01  3.29997799e+00 
 3.30000000e-01  3.29997208e+00 
 3.40000000e-01  3.29996461e+00 
 3.50000000e-01  3.29995520e+00 
 3.60000000e-01  3.29994336e+00 
 3.70000000e-01  3.29992849e+00 
 3.80000000e-01  3.29990987e+00 
 3.90000000e-01  3.29988659e+00 
 4.00000000e-01  3.29985757e+00 
 4.10000000e-01  3.29982147e+00 
 4.20000000e-01  3.29977670e+00 
 4.30000000e-01  3.29972131e+00 
 4.40000000e-01  3.29965301e+00 
 4.50000000e-01  3.29956903e+00 
 4.60000000e-01  3.29946608e+00 
 4.70000000e-01  3.29934027e+00 
 4.80000000e-01  3.29918702e+00 
 4.90000000e-01  3.29900093e+00 
 5.00000000e-01  3.29877566e+00 
 5.10000000e-01  3.29850383e+00 
 5.20000000e-01  3.29817687e+00 
 5.30000000e-01  3.29778486e+00 
 5.40000000e-01  3.29731640e+00 
 5.50000000e-01  3.29675849e+00 
 5.60000000e-01  3.29609642e+00 
 5.70000000e-01  3.29531366e+00 
 5.80000000e-01  3.29439186e+00 
 5.90000000e-01  3.29331088e+00 
 6.00000000e-01  3.29204883e+00 
 6.10000000e-01  3.29058226e+00 
 6.20000000e-01  3.28888641e+00 
 6.30000000e-01  3.28693547e+00 
 6.40000000e-01  3.28470294e+00 
 6.50000000e-01  3.28216207e+00 
 6.60000000e-01  3.27928622e+00 
 6.70000000e-01  3.27604932e+00 
 6.80000000e-01  3.27242626e+00 
 6.90000000e-01  3.26839326e+00 
 7.00000000e-01  3.26392811e+00 
 7.10000000e-01  3.25901043e+00 
 7.20000000e-01  3.25362177e+00 
 7.30000000e-01  3.24774568e+00 
 7.40000000e-01  3.24136763e+00 
 7.50000000e-01  3.23447494e+00 
 7.60000000e-01  3.22705655e+00 
 7.70000000e-01  3.21910284e+00 
 7.80000000e-01  3.21060536e+00 
 7.90000000e-01  3.20155650e+00 
 8.00000000e-01  3.19194924e+00 
 8.10000000e-01  3.18177681e+00 
 8.20000000e-01  3.17103240e+00 
 8.30000000e-01  3.15970887e+00 
 8.40000000e-01  3.14779843e+00 
 8.50000000e-01  3.13529240e+00 
 8.60000000e-01  3.12218087e+00 
 8.70000000e-01  3.10845249e+00 
 8.80000000e-01  3.09409413e+00 
 8.90000000e-01  3.07909063e+00 
 9.00000000e-01  3.06342447e+00 
 9.10000000e-01  3.04707540e+00 
 9.20000000e-01  3.03002011e+00 
 9.30000000e-01  3.01223174e+00 
 9.40000000e-01  2.99367941e+00 
 9.50000000e-01  2.97432757e+00 
 9.60000000e-01  2.95413527e+00 
 9.70000000e-01  2.93305530e+00 
 9.80000000e-01  2.91103301e+00 
 9.90000000e-01  2.88800497e+00 
 1.00000000e+00  2.86389715e+00 
 1.01000000e+00  2.83862268e+00 
 1.02000000e+00  2.81207882e+00 
 1.03000000e+00  2.78414302e+00 
 1.04000000e+00  2.75466756e+00 
 1.05000000e+00  2.72347211e+00 
 1.06000000e+00  2.69033320e+00 
 1.07000000e+00  2.65496889e+00 
 1.08000000e+00  2.61701559e+00 
 1.09000000e+00  2.57599168e+00 
 1.10000000e+00  2.53123744e+00 
 1.11000000e+00  2.48181015e+00 
 1.12000000e+00  2.42628686e+00 
 1.13000000e+00  2.36236279e+00 
 1.14000000e+00  2.28597337e+00 
 1.15000000e+00  2.18955201e+00 
 1.16000000e+00  2.06222862e+00 
 1.17000000e+00  1.90229341e+00 
 1.18000000e+00  1.71721005e+00 
 1.19000000e+00  1.51123959e+00 
 1.20000000e+00  1.28932931e+00 
 1.21000000e+00  1.06139262e+00 
 1.22000000e+00  8.45344723e-01 
 1.23000000e+00  6.66222250e-01 
 1.24000000e+00  5.40395406e-01 
 1.25000000e+00  4.61763950e-01 
 1.26000000e+00  4.12524349e-01 
 1.27000000e+00  3.78592666e-01 
 1.28000000e+00  3.52761846e-01 
 1.29000000e+00  3.32206924e-01 
 1.30000000e+00  3.14874126e-01 
 1.31000000e+00  2.99849248e-01 
 1.32000000e+00  2.86576128e-01 
 1.33000000e+00  2.74675472e-01 
 1.34000000e+00  2.63881696e-01 
 1.35000000e+00  2.54001694e-01 
 1.36000000e+00  2.44890341e-01 
 1.37000000e+00  2.36435586e-01 
 1.38000000e+00  2.28548948e-01 
 1.39000000e+00  2.21159219e-01 
 1.40000000e+00  2.14208163e-01 
 1.41000000e+00  2.07647478e-01 
 1.42000000e+00  2.01436622e-01 
 1.43000000e+00  1.95541199e-01 
 1.44000000e+00  1.89931756e-01 
 1.45000000e+00  1.84582860e-01 
 1.46000000e+00  1.79472389e-01 
 1.47000000e+00  1.74580967e-01 
 1.48000000e+00  1.69891526e-01 
 1.49000000e+00  1.65388943e-01 
 1.50000000e+00  1.61059755e-01 
 1.51000000e+00  1.56891921e-01 
 1.52000000e+00  1.52874626e-01 
 1.53000000e+00  1.48998117e-01 
 1.54000000e+00  1.45253570e-01 
 1.55000000e+00  1.41632973e-01 
 1.56000000e+00  1.38129030e-01 
 1.57000000e+00  1.34735077e-01 
 1.58000000e+00  1.31445012e-01 
 1.59000000e+00  1.28253230e-01 
 1.60000000e+00  1.25154577e-01 
 1.61000000e+00  1.22144297e-01 
 1.62000000e+00  1.19217995e-01 
 1.63000000e+00  1.16371601e-01 
 1.64000000e+00  1.13601341e-01 
 1.65000000e+00  1.10903705e-01 
 1.66000000e+00  1.08275428e-01 
 1.67000000e+00  1.05713464e-01 
 1.68000000e+00  1.03214971e-01 
 1.69000000e+00  1.00777290e-01 
 1.70000000e+00  9.83979331e-02 
 1.71000000e+00  9.60745666e-02 
 1.72000000e+00  9.38050014e-02 
 1.73000000e+00  9.15871801e-02 
 1.74000000e+00  8.94191676e-02 
 1.75000000e+00  8.72991419e-02 
 1.76000000e+00  8.52253858e-02 
 1.77000000e+00  8.31962792e-02 
 1.78000000e+00  8.12102924e-02 
 1.79000000e+00  7.92659798e-02 
 1.80000000e+00  7.73619745e-02 
 1.81000000e+00  7.54969824e-02 
 1.82000000e+00  7.36697781e-02 
 1.83000000e+00  7.18791998e-02 
 1.84000000e+00  7.01241459e-02 
 1.85000000e+00  6.84035710e-02 
 1.86000000e+00  6.67164824e-02 
 1.87000000e+00  6.50619369e-02 
 1.88000000e+00  6.34390380e-02 
 1.89000000e+00  6.18469332e-02 
 1.90000000e+00  6.02848112e-02 
 1.91000000e+00  5.87519001e-02 
 1.92000000e+00  5.72474645e-02 
 1.93000000e+00  5.57708044e-02 
 1.94000000e+00  5.43212523e-02 
 1.95000000e+00  5.28981724e-02 
 1.96000000e+00  5.15009582e-02 
 1.97000000e+00  5.01290317e-02 
 1.98000000e+00  4.87818414e-02 
 1.99000000e+00  4.74588612e-02 
 2.00000000e+00  4.61595892e-02 
 2.01000000e+00  4.48835466e-02 
 2.02000000e+00  4.36302765e-02 
 2.03000000e+00  4.23993427e-02 
 2.04000000e+00  4.11903294e-02 
 2.05000000e+00  4.00028396e-02 
 2.06000000e+00  3.88364946e-02 
 2.07000000e+00  3.76909333e-02 
 2.08000000e+00  3.65658113e-02 
 2.09000000e+00  3.54608003e-02 
 2.10000000e+00  3.43755876e-02 
 2.11000000e+00  3.33098753e-02 
 2.12000000e+00  3.22633796e-02 
 2.13000000e+00  3.12358310e-02 
 2.14000000e+00  3.02269731e-02 
 2.15000000e+00  2.92365623e-02 
 2.16000000e+00  2.82643680e-02 
 2.17000000e+00  2.73101713e-02 
 2.18000000e+00  2.63737654e-02 
 2.19000000e+00  2.54549552e-02 
 2.20000000e+00  2.45535567e-02 
 2.21000000e+00  2.36693971e-02 
 2.22000000e+00  2.28023146e-02 
 2.23000000e+00  2.19521581e-02 
 2.24000000e+00  2.11187872e-02 
 2.25000000e+00  2.03020722e-02 
 2.26000000e+00  1.95018939e-02 
 2.27000000e+00  1.87181435e-02 
 2.28000000e+00  1.79507231e-02 
 2.29000000e+00  1.71995452e-02 
 2.30000000e+00  1.64645333e-02 
 2.31000000e+00  1.57456216e-02 
 2.32000000e+00  1.50427555e-02 
 2.33000000e+00  1.43558917e-02 
 2.34000000e+00  1.36849983e-02 
 2.35000000e+00  1.30300552e-02 
 2.36000000e+00  1.23910542e-02 
 2.37000000e+00  1.17679994e-02 
 2.38000000e+00  1.11609072e-02 
 2.39000000e+00  1.05698066e-02 
 2.40000000e+00  9.99473933e-03 
 2.41000000e+00  9.43575981e-03 
 2.42000000e+00  8.89293508e-03 
 2.43000000e+00  8.36634456e-03 
 2.44000000e+00  7.85607955e-03 
 2.45000000e+00  7.36224255e-03 
 2.46000000e+00  6.88494618e-03 
 2.47000000e+00  6.42431182e-03 
 2.48000000e+00  5.98046771e-03 
 2.49000000e+00  5.55354661e-03 
 2.50000000e+00  5.14368285e-03 
 2.51000000e+00  4.75100869e-03 
 2.52000000e+00  4.37565006e-03 
 2.53000000e+00  4.01772149e-03 
 2.54000000e+00  3.67732033e-03 
 2.55000000e+00  3.35452027e-03 
 2.56000000e+00  3.04936412e-03 
 2.57000000e+00  2.76185618e-03 
 2.58000000e+00  2.49195420e-03 
 2.59000000e+00  2.23956124e-03 
 2.60000000e+00  2.00451788e-03 
 2.61000000e+00  1.78659493e-03 
 2.62000000e+00  1.58548734e-03 
 2.63000000e+00  1.40080952e-03 
 2.64000000e+00  1.23209273e-03 
 2.65000000e+00  1.07878484e-03 
 2.66000000e+00  9.40252690e-04 
 2.67000000e+00  8.15787461e-04 
 2.68000000e+00  7.04612771e-04 
 2.69000000e+00  6.05895499e-04 
 2.70000000e+00  5.18758849e-04 
 2.71000000e+00  4.42297097e-04 
 2.72000000e+00  3.75591306e-04 
 2.73000000e+00  3.17725208e-04 
 2.74000000e+00  2.67800452e-04 
 2.75000000e+00  2.24950471e-04 
 2.76000000e+00  1.88352361e-04 
 2.77000000e+00  1.57236321e-04 
 2.78000000e+00  1.30892440e-04 
 2.79000000e+00  1.08674769e-04 
 2.80000000e+00  9.00028736e-05 
 2.81000000e+00  7.43611297e-05 
 2.82000000e+00  6.12962072e-05 
 2.83000000e+00  5.04131742e-05 
 2.84000000e+00  4.13706925e-05 
 2.85000000e+00  3.38757213e-05 
 2.86000000e+00  2.76780839e-05 
 2.87000000e+00  2.25651704e-05 
 2.88000000e+00  1.83569661e-05 
 2.89000000e+00  1.49015196e-05 
 2.90000000e+00  1.20709029e-05 
 2.91000000e+00  9.75766686e-06 
 2.92000000e+00  7.87176875e-06 
 2.93000000e+00  6.33792740e-06 
 2.94000000e+00  5.09335738e-06 
 2.95000000e+00  4.08583184e-06 
 2.96000000e+00  3.27202795e-06 
 2.97000000e+00  2.61611442e-06 
 2.98000000e+00  2.08854633e-06 
 2.99000000e+00  1.66503798e-06 
 3.00000000e+00  1.32568902e-06 
 3.01000000e+00  1.05424298e-06 
 3.02000000e+00  8.37460060e-07 
 3.03000000e+00  6.64588741e-07 
 3.04000000e+00  5.26922349e-07 
 3.05000000e+00  4.17428663e-07 
 3.06000000e+00  3.30441878e-07 
 3.07000000e+00  2.61407571e-07 
 3.08000000e+00  2.06672479e-07 
 3.09000000e+00  1.63311922e-07 
 3.10000000e+00  1.28988698e-07 
 3.11000000e+00  1.01838139e-07 
 3.12000000e+00  8.03747886e-08 
 3.13000000e+00  6.34168822e-08 
 3.14000000e+00  5.00254075e-08 
 3.15000000e+00  3.94550624e-08 
 3.16000000e+00  3.11148815e-08 
 3.17000000e+00  2.45366926e-08 
 3.18000000e+00  1.93499007e-08 
 3.19000000e+00  1.52613585e-08 
 3.20000000e+00  1.20393312e-08 
 3.21000000e+00  9.50073589e-09 
 3.22000000e+00  7.50099900e-09 
 3.23000000e+00  5.92601098e-09 
 3.24000000e+00  4.68574087e-09 
 3.25000000e+00  3.70918262e-09 
 3.26000000e+00  2.94035199e-09 
 3.27000000e+00  2.33512141e-09 
 3.28000000e+00  1.85871707e-09 
 3.29000000e+00  1.48374310e-09 
 3.30000000e+00  1.18861949e-09 
