 0.00000000e+00  1.50000018e+00 
 1.00000000e-02  1.50000000e+00 
 2.00000000e-02  1.50000000e+00 
 3.00000000e-02  1.50000000e+00 
 4.00000000e-02  1.49999999e+00 
 5.00000000e-02  1.49999999e+00 
 6.00000000e-02  1.49999999e+00 
 7.00000000e-02  1.49999999e+00 
 8.00000000e-02  1.49999999e+00 
 9.00000000e-02  1.49999998e+00 
 1.00000000e-01  1.49999998e+00 
 1.10000000e-01  1.49999997e+00 
 1.20000000e-01  1.49999996e+00 
 1.30000000e-01  1.49999995e+00 
 1.40000000e-01  1.49999993e+00 
 1.50000000e-01  1.49999992e+00 
 1.60000000e-01  1.49999989e+00 
 1.70000000e-01  1.49999986e+00 
 1.80000000e-01  1.49999982e+00 
 1.90000000e-01  1.49999977e+00 
 2.00000000e-01  1.49999970e+00 
 2.10000000e-01  1.49999961e+00 
 2.20000000e-01  1.49999950e+00 
 2.30000000e-01  1.49999935e+00 
 2.40000000e-01  1.49999916e+00 
 2.50000000e-01  1.49999892e+00 
 2.60000000e-01  1.49999861e+00 
 2.70000000e-01  1.49999820e+00 
 2.80000000e-01  1.49999768e+00 
 2.90000000e-01  1.49999701e+00 
 3.00000000e-01  1.49999614e+00 
 3.10000000e-01  1.49999502e+00 
 3.20000000e-01  1.49999358e+00 
 3.30000000e-01  1.49999173e+00 
 3.40000000e-01  1.49998935e+00 
 3.50000000e-01  1.49998629e+00 
 3.60000000e-01  1.49998236e+00 
 3.70000000e-01  1.49997733e+00 
 3.80000000e-01  1.49997090e+00 
 3.90000000e-01  1.49996267e+00 
 4.00000000e-01  1.49995216e+00 
 4.10000000e-01  1.49993876e+00 
 4.20000000e-01  1.49992172e+00 
 4.30000000e-01  1.49990007e+00 
 4.40000000e-01  1.49987261e+00 
 4.50000000e-01  1.49983785e+00 
 4.60000000e-01  1.49979395e+00 
 4.70000000e-01  1.49973858e+00 
 4.80000000e-01  1.49966890e+00 
 4.90000000e-01  1.49958136e+00 
 5.00000000e-01  1.49947158e+00 
 5.10000000e-01  1.49933414e+00 
 5.20000000e-01  1.49916232e+00 
 5.30000000e-01  1.49894786e+00 
 5.40000000e-01  1.49868052e+00 
 5.50000000e-01  1.49834768e+00 
 5.60000000e-01  1.49793377e+00 
 5.70000000e-01  1.49741960e+00 
 5.80000000e-01  1.49678156e+00 
 5.90000000e-01  1.49599058e+00 
 6.00000000e-01  1.49501090e+00 
 6.10000000e-01  1.49379846e+00 
 6.20000000e-01  1.49229885e+00 
 6.30000000e-01  1.49044455e+00 
 6.40000000e-01  1.48815107e+00 
 6.50000000e-01  1.48531139e+00 
 6.60000000e-01  1.48178748e+00 
 6.70000000e-01  1.47739666e+00 
 6.80000000e-01  1.47188835e+00 
 6.90000000e-01  1.46490118e+00 
 7.00000000e-01  1.45587553e+00 
 7.10000000e-01  1.44384881e+00 
 7.20000000e-01  1.42686569e+00 
 7.30000000e-01  1.39958202e+00 
 7.40000000e-01  1.31230850e+00 
 7.50000000e-01  9.75935019e-01 
 7.60000000e-01  5.74999695e-01 
 7.70000000e-01  2.14629371e-01 
 7.80000000e-01  9.65492814e-02 
 7.90000000e-01  6.74267954e-02 
 8.00000000e-01  5.11388538e-02 
 8.10000000e-01  4.00258099e-02 
 8.20000000e-01  3.18244137e-02 
 8.30000000e-01  2.55147247e-02 
 8.40000000e-01  2.05762972e-02 
 8.50000000e-01  1.66394306e-02 
 8.60000000e-01  1.34736640e-02 
 8.70000000e-01  1.09145825e-02 
 8.80000000e-01  8.83950372e-03 
 8.90000000e-01  7.15429286e-03 
 9.00000000e-01  5.78509248e-03 
 9.10000000e-01  4.67299098e-03 
 9.20000000e-01  3.77044494e-03 
 9.30000000e-01  3.03878357e-03 
 9.40000000e-01  2.44640361e-03 
 9.50000000e-01  1.96741822e-03 
 9.60000000e-01  1.58061333e-03 
 9.70000000e-01  1.26861938e-03 
 9.80000000e-01  1.01723938e-03 
 9.90000000e-01  8.14895297e-04 
 1.00000000e+00  6.52167404e-04 
 1.01000000e+00  5.21409518e-04 
 1.02000000e+00  4.16427570e-04 
 1.03000000e+00  3.32212019e-04 
 1.04000000e+00  2.64716233e-04 
 1.05000000e+00  2.10674074e-04 
 1.06000000e+00  1.67450673e-04 
 1.07000000e+00  1.32921031e-04 
 1.08000000e+00  1.05371698e-04 
 1.09000000e+00  8.34213891e-05 
 1.10000000e+00  6.59569949e-05 
 1.11000000e+00  5.20820205e-05 
 1.12000000e+00  4.10750158e-05 
 1.13000000e+00  3.23560124e-05 
 1.14000000e+00  2.54593847e-05 
 1.15000000e+00  2.00118700e-05 
 1.16000000e+00  1.57147478e-05 
 1.17000000e+00  1.23293808e-05 
 1.18000000e+00  9.66548424e-06 
 1.19000000e+00  7.57161416e-06 
 1.20000000e+00  5.92746442e-06 
 1.21000000e+00  4.63763853e-06 
 1.22000000e+00  3.62662428e-06 
 1.23000000e+00  2.83474822e-06 
 1.24000000e+00  2.21492669e-06 
 1.25000000e+00  1.73006319e-06 
 1.26000000e+00  1.35096867e-06 
 1.27000000e+00  1.05470369e-06 
 1.28000000e+00  8.23260078e-07 
 1.29000000e+00  6.42514670e-07 
 1.30000000e+00  5.01400905e-07 
 1.31000000e+00  3.91254002e-07 
 1.32000000e+00  3.05294327e-07 
 1.33000000e+00  2.38220407e-07 
 1.34000000e+00  1.85888784e-07 
 1.35000000e+00  1.45062500e-07 
 1.36000000e+00  1.13213726e-07 
 1.37000000e+00  8.83690384e-08 
 1.38000000e+00  6.89882282e-08 
 1.39000000e+00  5.38694609e-08 
 1.40000000e+00  4.20750969e-08 
 1.41000000e+00  3.28737122e-08 
 1.42000000e+00  2.56948019e-08 
 1.43000000e+00  2.00934073e-08 
 1.44000000e+00  1.57225020e-08 
 1.45000000e+00  1.23114436e-08 
 1.46000000e+00  9.64915963e-09 
 1.47000000e+00  7.57103358e-09 
 1.48000000e+00  5.94867432e-09 
 1.49000000e+00  4.68194068e-09 
 1.50000000e+00  3.69272040e-09 
 1.51000000e+00  2.92007967e-09 
 1.52000000e+00  2.31648193e-09 
 1.53000000e+00  1.84483868e-09 
 1.54000000e+00  1.47621091e-09 
 1.55000000e+00  1.18801565e-09 
 1.56000000e+00  9.62628718e-10 
 1.57000000e+00  7.86293660e-10 
 1.58000000e+00  6.48272559e-10 
 1.59000000e+00  5.40182276e-10 
 1.60000000e+00  4.55477534e-10 
 1.61000000e+00  3.89047215e-10 
 1.62000000e+00  3.36899600e-10 
 1.63000000e+00  2.95917306e-10 
 1.64000000e+00  2.63665014e-10 
 1.65000000e+00  2.38240008e-10 
 1.66000000e+00  2.18155892e-10 
 1.67000000e+00  2.02250755e-10 
 1.68000000e+00  1.89616845e-10 
 1.69000000e+00  1.79544462e-10 
 1.70000000e+00  1.71478804e-10 
 1.71000000e+00  1.64986172e-10 
 1.72000000e+00  1.59727192e-10 
 1.73000000e+00  1.55436597e-10 
 1.74000000e+00  1.51906757e-10 
 1.75000000e+00  1.48975550e-10 
 1.76000000e+00  1.46515596e-10 
 1.77000000e+00  1.44427511e-10 
 1.78000000e+00  1.42633283e-10 
 1.79000000e+00  1.41071979e-10 
 1.80000000e+00  1.39695891e-10 
 1.81000000e+00  1.38467296e-10 
 1.82000000e+00  1.37356861e-10 
 1.83000000e+00  1.36341617e-10 
 1.84000000e+00  1.35403350e-10 
 1.85000000e+00  1.34527685e-10 
 1.86000000e+00  1.33703669e-10 
 1.87000000e+00  1.32922370e-10 
 1.88000000e+00  1.32176688e-10 
 1.89000000e+00  1.31461183e-10 
 1.90000000e+00  1.30771551e-10 
 1.91000000e+00  1.30104143e-10 
 1.92000000e+00  1.29456346e-10 
 1.93000000e+00  1.28825854e-10 
 1.94000000e+00  1.28211039e-10 
 1.95000000e+00  1.27610129e-10 
 1.96000000e+00  1.27022210e-10 
 1.97000000e+00  1.26446220e-10 
 1.98000000e+00  1.25881490e-10 
 1.99000000e+00  1.25327369e-10 
 2.00000000e+00  1.24782981e-10 
 2.01000000e+00  1.24248082e-10 
 2.02000000e+00  1.23722281e-10 
 2.03000000e+00  1.23205218e-10 
 2.04000000e+00  1.22696604e-10 
 2.05000000e+00  1.22196033e-10 
 2.06000000e+00  1.21703284e-10 
 2.07000000e+00  1.21218245e-10 
 2.08000000e+00  1.20740584e-10 
 2.09000000e+00  1.20270125e-10 
 2.10000000e+00  1.19806706e-10 
 2.11000000e+00  1.19350243e-10 
 2.12000000e+00  1.18900384e-10 
 2.13000000e+00  1.18457083e-10 
 2.14000000e+00  1.18020309e-10 
 2.15000000e+00  1.17589711e-10 
 2.16000000e+00  1.17165266e-10 
 2.17000000e+00  1.16746838e-10 
 2.18000000e+00  1.16334330e-10 
 2.19000000e+00  1.15927502e-10 
 2.20000000e+00  1.15526354e-10 
 2.21000000e+00  1.15130672e-10 
 2.22000000e+00  1.14740560e-10 
 2.23000000e+00  1.14355694e-10 
 2.24000000e+00  1.13976104e-10 
 2.25000000e+00  1.13601450e-10 
 2.26000000e+00  1.13231864e-10 
 2.27000000e+00  1.12867272e-10 
 2.28000000e+00  1.12507435e-10 
 2.29000000e+00  1.12152315e-10 
 2.30000000e+00  1.11801893e-10 
 2.31000000e+00  1.11456013e-10 
 2.32000000e+00  1.11114554e-10 
 2.33000000e+00  1.10777587e-10 
 2.34000000e+00  1.10444902e-10 
 2.35000000e+00  1.10116425e-10 
 2.36000000e+00  1.09792205e-10 
 2.37000000e+00  1.09471932e-10 
 2.38000000e+00  1.09155548e-10 
 2.39000000e+00  1.08843213e-10 
 2.40000000e+00  1.08534838e-10 
 2.41000000e+00  1.08230151e-10 
 2.42000000e+00  1.07929315e-10 
 2.43000000e+00  1.07632039e-10 
 2.44000000e+00  1.07338479e-10 
 2.45000000e+00  1.07048361e-10 
 2.46000000e+00  1.06761857e-10 
 2.47000000e+00  1.06478888e-10 
 2.48000000e+00  1.06198967e-10 
 2.49000000e+00  1.05922491e-10 
 2.50000000e+00  1.05649402e-10 
 2.51000000e+00  1.05379417e-10 
 2.52000000e+00  1.05112495e-10 
 2.53000000e+00  1.04848583e-10 
 2.54000000e+00  1.04588080e-10 
 2.55000000e+00  1.04330266e-10 
 2.56000000e+00  1.04075765e-10 
 2.57000000e+00  1.03823861e-10 
 2.58000000e+00  1.03574740e-10 
 2.59000000e+00  1.03328801e-10 
 2.60000000e+00  1.03085322e-10 
 2.61000000e+00  1.02844497e-10 
 2.62000000e+00  1.02606736e-10 
 2.63000000e+00  1.02371523e-10 
 2.64000000e+00  1.02138630e-10 
 2.65000000e+00  1.01908670e-10 
 2.66000000e+00  1.01680714e-10 
 2.67000000e+00  1.01455627e-10 
 2.68000000e+00  1.01233137e-10 
 2.69000000e+00  1.01012765e-10 
 2.70000000e+00  1.00794930e-10 
 2.71000000e+00  1.00579371e-10 
 2.72000000e+00  1.00366047e-10 
 2.73000000e+00  1.00155167e-10 
 2.74000000e+00  9.99462282e-11 
 2.75000000e+00  9.97398854e-11 
 2.76000000e+00  9.95354321e-11 
 2.77000000e+00  9.93332855e-11 
 2.78000000e+00  9.91331917e-11 
 2.79000000e+00  9.89351285e-11 
 2.80000000e+00  9.87390561e-11 
 2.81000000e+00  9.85451737e-11 
 2.82000000e+00  9.83530129e-11 
 2.83000000e+00  9.81632143e-11 
 2.84000000e+00  9.79750654e-11 
 2.85000000e+00  9.77887922e-11 
 2.86000000e+00  9.76047916e-11 
 2.87000000e+00  9.74223810e-11 
 2.88000000e+00  9.72417488e-11 
 2.89000000e+00  9.70628881e-11 
 2.90000000e+00  9.68859846e-11 
 2.91000000e+00  9.67107877e-11 
 2.92000000e+00  9.65372913e-11 
 2.93000000e+00  9.63656760e-11 
 2.94000000e+00  9.61954925e-11 
 2.95000000e+00  9.60271525e-11 
 2.96000000e+00  9.58601907e-11 
 2.97000000e+00  9.56952636e-11 
 2.98000000e+00  9.55316626e-11 
 2.99000000e+00  9.53698414e-11 
 3.00000000e+00  9.52095262e-11 
 3.01000000e+00  9.50504968e-11 
 3.02000000e+00  9.48931746e-11 
 3.03000000e+00  9.47375405e-11 
 3.04000000e+00  9.45831153e-11 
 3.05000000e+00  9.44303540e-11 
 3.06000000e+00  9.42787684e-11 
 3.07000000e+00  9.41288011e-11 
 3.08000000e+00  9.39802075e-11 
 3.09000000e+00  9.38329640e-11 
 3.10000000e+00  9.36872934e-11 
 3.11000000e+00  9.35427125e-11 
 3.12000000e+00  9.33994478e-11 
 3.13000000e+00  9.32579111e-11 
 3.14000000e+00  9.31174287e-11 
 3.15000000e+00  9.29782052e-11 
 3.16000000e+00  9.28402316e-11 
 3.17000000e+00  9.27034771e-11 
 3.18000000e+00  9.25681693e-11 
 3.19000000e+00  9.24340574e-11 
 3.20000000e+00  9.23011302e-11 
 3.21000000e+00  9.21693736e-11 
 3.22000000e+00  9.20385560e-11 
 3.23000000e+00  9.19093315e-11 
 3.24000000e+00  9.17810037e-11 
 3.25000000e+00  9.16540246e-11 
 3.26000000e+00  9.15279158e-11 
 3.27000000e+00  9.14031359e-11 
 3.28000000e+00  9.12794273e-11 
 3.29000000e+00  9.11565661e-11 
 3.30000000e+00  9.10349841e-11 
