 0.00000000e+00  2.00000000e+00 
 1.00000000e-02  2.00000000e+00 
 2.00000000e-02  2.00000000e+00 
 3.00000000e-02  2.00000000e+00 
 4.00000000e-02  2.00000000e+00 
 5.00000000e-02  1.99999999e+00 
 6.00000000e-02  1.99999999e+00 
 7.00000000e-02  1.99999999e+00 
 8.00000000e-02  1.99999999e+00 
 9.00000000e-02  1.99999998e+00 
 1.00000000e-01  1.99999998e+00 
 1.10000000e-01  1.99999997e+00 
 1.20000000e-01  1.99999997e+00 
 1.30000000e-01  1.99999996e+00 
 1.40000000e-01  1.99999994e+00 
 1.50000000e-01  1.99999993e+00 
 1.60000000e-01  1.99999991e+00 
 1.70000000e-01  1.99999988e+00 
 1.80000000e-01  1.99999985e+00 
 1.90000000e-01  1.99999980e+00 
 2.00000000e-01  1.99999975e+00 
 2.10000000e-01  1.99999968e+00 
 2.20000000e-01  1.99999958e+00 
 2.30000000e-01  1.99999947e+00 
 2.40000000e-01  1.99999932e+00 
 2.50000000e-01  1.99999912e+00 
 2.60000000e-01  1.99999888e+00 
 2.70000000e-01  1.99999856e+00 
 2.80000000e-01  1.99999816e+00 
 2.90000000e-01  1.99999764e+00 
 3.00000000e-01  1.99999698e+00 
 3.10000000e-01  1.99999614e+00 
 3.20000000e-01  1.99999506e+00 
 3.30000000e-01  1.99999370e+00 
 3.40000000e-01  1.99999196e+00 
 3.50000000e-01  1.99998976e+00 
 3.60000000e-01  1.99998696e+00 
 3.70000000e-01  1.99998341e+00 
 3.80000000e-01  1.99997894e+00 
 3.90000000e-01  1.99997329e+00 
 4.00000000e-01  1.99996617e+00 
 4.10000000e-01  1.99995723e+00 
 4.20000000e-01  1.99994603e+00 
 4.30000000e-01  1.99993201e+00 
 4.40000000e-01  1.99991453e+00 
 4.50000000e-01  1.99989278e+00 
 4.60000000e-01  1.99986578e+00 
 4.70000000e-01  1.99983237e+00 
 4.80000000e-01  1.99979112e+00 
 4.90000000e-01  1.99974036e+00 
 5.00000000e-01  1.99967805e+00 
 5.10000000e-01  1.99960176e+00 
 5.20000000e-01  1.99950861e+00 
 5.30000000e-01  1.99939519e+00 
 5.40000000e-01  1.99925745e+00 
 5.50000000e-01  1.99909063e+00 
 5.60000000e-01  1.99888916e+00 
 5.70000000e-01  1.99864655e+00 
 5.80000000e-01  1.99835531e+00 
 5.90000000e-01  1.99800686e+00 
 6.00000000e-01  1.99759142e+00 
 6.10000000e-01  1.99709804e+00 
 6.20000000e-01  1.99651447e+00 
 6.30000000e-01  1.99582726e+00 
 6.40000000e-01  1.99502171e+00 
 6.50000000e-01  1.99408200e+00 
 6.60000000e-01  1.99299124e+00 
 6.70000000e-01  1.99173159e+00 
 6.80000000e-01  1.99028438e+00 
 6.90000000e-01  1.98863022e+00 
 7.00000000e-01  1.98674907e+00 
 7.10000000e-01  1.98462033e+00 
 7.20000000e-01  1.98222287e+00 
 7.30000000e-01  1.97953492e+00 
 7.40000000e-01  1.97653403e+00 
 7.50000000e-01  1.97319680e+00 
 7.60000000e-01  1.96949865e+00 
 7.70000000e-01  1.96541339e+00 
 7.80000000e-01  1.96091268e+00 
 7.90000000e-01  1.95596536e+00 
 8.00000000e-01  1.95053664e+00 
 8.10000000e-01  1.94458689e+00 
 8.20000000e-01  1.93807036e+00 
 8.30000000e-01  1.93093320e+00 
 8.40000000e-01  1.92311107e+00 
 8.50000000e-01  1.91452575e+00 
 8.60000000e-01  1.90508033e+00 
 8.70000000e-01  1.89465235e+00 
 8.80000000e-01  1.88308338e+00 
 8.90000000e-01  1.87016254e+00 
 9.00000000e-01  1.85559927e+00 
 9.10000000e-01  1.83897477e+00 
 9.20000000e-01  1.81964829e+00 
 9.30000000e-01  1.79655397e+00 
 9.40000000e-01  1.76768449e+00 
 9.50000000e-01  1.72842734e+00 
 9.60000000e-01  1.66080317e+00 
 9.70000000e-01  1.49881318e+00 
 9.80000000e-01  1.24865585e+00 
 9.90000000e-01  9.61263637e-01 
 1.00000000e+00  6.64956148e-01 
 1.01000000e+00  4.18664513e-01 
 1.02000000e+00  2.85958052e-01 
 1.03000000e+00  2.28944382e-01 
 1.04000000e+00  1.95445586e-01 
 1.05000000e+00  1.71380227e-01 
 1.06000000e+00  1.52334507e-01 
 1.07000000e+00  1.36659608e-01 
 1.08000000e+00  1.23261833e-01 
 1.09000000e+00  1.11582900e-01 
 1.10000000e+00  1.01259479e-01 
 1.11000000e+00  9.20372186e-02 
 1.12000000e+00  8.37318037e-02 
 1.13000000e+00  7.62051287e-02 
 1.14000000e+00  6.93508266e-02 
 1.15000000e+00  6.30851123e-02 
 1.16000000e+00  5.73407374e-02 
 1.17000000e+00  5.20628580e-02 
 1.18000000e+00  4.72061210e-02 
 1.19000000e+00  4.27325549e-02 
 1.20000000e+00  3.86100054e-02 
 1.21000000e+00  3.48109490e-02 
 1.22000000e+00  3.13115751e-02 
 1.23000000e+00  2.80910633e-02 
 1.24000000e+00  2.51310027e-02 
 1.25000000e+00  2.24149202e-02 
 1.26000000e+00  1.99278911e-02 
 1.27000000e+00  1.76562160e-02 
 1.28000000e+00  1.55871509e-02 
 1.29000000e+00  1.37086833e-02 
 1.30000000e+00  1.20093483e-02 
 1.31000000e+00  1.04780813e-02 
 1.32000000e+00  9.10410554e-03 
 1.33000000e+00  7.87685231e-03 
 1.34000000e+00  6.78591248e-03 
 1.35000000e+00  5.82101757e-03 
 1.36000000e+00  4.97204750e-03 
 1.37000000e+00  4.22906148e-03 
 1.38000000e+00  3.58234759e-03 
 1.39000000e+00  3.02248555e-03 
 1.40000000e+00  2.54041677e-03 
 1.41000000e+00  2.12751553e-03 
 1.42000000e+00  1.77565549e-03 
 1.43000000e+00  1.47726649e-03 
 1.44000000e+00  1.22537767e-03 
 1.45000000e+00  1.01364447e-03 
 1.46000000e+00  8.36358642e-04 
 1.47000000e+00  6.88441493e-04 
 1.48000000e+00  5.65422366e-04 
 1.49000000e+00  4.63404734e-04 
 1.50000000e+00  3.79023142e-04 
 1.51000000e+00  3.09394249e-04 
 1.52000000e+00  2.52065088e-04 
 1.53000000e+00  2.04961231e-04 
 1.54000000e+00  1.66336979e-04 
 1.55000000e+00  1.34729085e-04 
 1.56000000e+00  1.08914922e-04 
 1.57000000e+00  8.78754864e-05 
 1.58000000e+00  7.07632507e-05 
 1.59000000e+00  5.68745977e-05 
 1.60000000e+00  4.56264017e-05 
 1.61000000e+00  3.65362591e-05 
 1.62000000e+00  2.92058585e-05 
 1.63000000e+00  2.33070150e-05 
 1.64000000e+00  1.85699459e-05 
 1.65000000e+00  1.47734277e-05 
 1.66000000e+00  1.17365316e-05 
 1.67000000e+00  9.31168627e-06 
 1.68000000e+00  7.37886130e-06 
 1.69000000e+00  5.84069736e-06 
 1.70000000e+00  4.61843951e-06 
 1.71000000e+00  3.64855081e-06 
 1.72000000e+00  2.87990206e-06 
 1.73000000e+00  2.27144808e-06 
 1.74000000e+00  1.79031381e-06 
 1.75000000e+00  1.41022387e-06 
 1.76000000e+00  1.11021902e-06 
 1.77000000e+00  8.73610894e-07 
 1.78000000e+00  6.87133782e-07 
 1.79000000e+00  5.40258663e-07 
 1.80000000e+00  4.24640135e-07 
 1.81000000e+00  3.33671782e-07 
 1.82000000e+00  2.62129684e-07 
 1.83000000e+00  2.05887268e-07 
 1.84000000e+00  1.61687745e-07 
 1.85000000e+00  1.26962848e-07 
 1.86000000e+00  9.96887318e-08 
 1.87000000e+00  7.82715781e-08 
 1.88000000e+00  6.14569364e-08 
 1.89000000e+00  4.82579559e-08 
 1.90000000e+00  3.78986421e-08 
 1.91000000e+00  2.97690410e-08 
 1.92000000e+00  2.33898733e-08 
 1.93000000e+00  1.83846503e-08 
 1.94000000e+00  1.44577050e-08 
 1.95000000e+00  1.13768941e-08 
 1.96000000e+00  8.95998436e-09 
 1.97000000e+00  7.06394626e-09 
 1.98000000e+00  5.57653565e-09 
 1.99000000e+00  4.40967884e-09 
 2.00000000e+00  3.49427359e-09 
 2.01000000e+00  2.77610790e-09 
 2.02000000e+00  2.21265438e-09 
 2.03000000e+00  1.77055305e-09 
 2.04000000e+00  1.42363672e-09 
 2.05000000e+00  1.15138093e-09 
 2.06000000e+00  9.37687058e-10 
 2.07000000e+00  7.69928761e-10 
 2.08000000e+00  6.38202247e-10 
 2.09000000e+00  5.34740382e-10 
 2.10000000e+00  4.53450656e-10 
 2.11000000e+00  3.89554568e-10 
 2.12000000e+00  3.39304451e-10 
 2.13000000e+00  2.99760388e-10 
 2.14000000e+00  2.68616529e-10 
 2.15000000e+00  2.44064105e-10 
 2.16000000e+00  2.24684312e-10 
 2.17000000e+00  2.09364411e-10 
 2.18000000e+00  1.97230992e-10 
 2.19000000e+00  1.87599233e-10 
 2.20000000e+00  1.79931800e-10 
 2.21000000e+00  1.73807107e-10 
 2.22000000e+00  1.68894386e-10 
 2.23000000e+00  1.64934161e-10 
 2.24000000e+00  1.61722513e-10 
 2.25000000e+00  1.59099975e-10 
 2.26000000e+00  1.56940829e-10 
 2.27000000e+00  1.55146749e-10 
 2.28000000e+00  1.53640590e-10 
 2.29000000e+00  1.52361515e-10 
 2.30000000e+00  1.51261841e-10 
 2.31000000e+00  1.50304324e-10 
 2.32000000e+00  1.49459531e-10 
 2.33000000e+00  1.48704527e-10 
 2.34000000e+00  1.48020801e-10 
 2.35000000e+00  1.47394481e-10 
 2.36000000e+00  1.46814115e-10 
 2.37000000e+00  1.46271226e-10 
 2.38000000e+00  1.45758698e-10 
 2.39000000e+00  1.45270928e-10 
 2.40000000e+00  1.44803620e-10 
 2.41000000e+00  1.44353657e-10 
 2.42000000e+00  1.43917920e-10 
 2.43000000e+00  1.43494774e-10 
 2.44000000e+00  1.43082289e-10 
 2.45000000e+00  1.42678957e-10 
 2.46000000e+00  1.42284159e-10 
 2.47000000e+00  1.41896583e-10 
 2.48000000e+00  1.41515347e-10 
 2.49000000e+00  1.41140818e-10 
 2.50000000e+00  1.40771836e-10 
 2.51000000e+00  1.40408081e-10 
 2.52000000e+00  1.40049463e-10 
 2.53000000e+00  1.39695741e-10 
 2.54000000e+00  1.39346694e-10 
 2.55000000e+00  1.39001944e-10 
 2.56000000e+00  1.38661107e-10 
 2.57000000e+00  1.38324742e-10 
 2.58000000e+00  1.37992477e-10 
 2.59000000e+00  1.37663801e-10 
 2.60000000e+00  1.37339049e-10 
 2.61000000e+00  1.37018143e-10 
 2.62000000e+00  1.36700792e-10 
 2.63000000e+00  1.36387138e-10 
 2.64000000e+00  1.36076902e-10 
 2.65000000e+00  1.35770251e-10 
 2.66000000e+00  1.35466890e-10 
 2.67000000e+00  1.35166768e-10 
 2.68000000e+00  1.34870055e-10 
 2.69000000e+00  1.34576490e-10 
 2.70000000e+00  1.34286002e-10 
 2.71000000e+00  1.33999004e-10 
 2.72000000e+00  1.33714767e-10 
 2.73000000e+00  1.33433489e-10 
 2.74000000e+00  1.33155557e-10 
 2.75000000e+00  1.32880484e-10 
 2.76000000e+00  1.32608012e-10 
 2.77000000e+00  1.32338535e-10 
 2.78000000e+00  1.32072025e-10 
 2.79000000e+00  1.31808207e-10 
 2.80000000e+00  1.31547277e-10 
 2.81000000e+00  1.31288746e-10 
 2.82000000e+00  1.31032800e-10 
 2.83000000e+00  1.30779850e-10 
 2.84000000e+00  1.30529189e-10 
 2.85000000e+00  1.30281455e-10 
 2.86000000e+00  1.30035939e-10 
 2.87000000e+00  1.29792841e-10 
 2.88000000e+00  1.29552122e-10 
 2.89000000e+00  1.29313967e-10 
 2.90000000e+00  1.29078348e-10 
 2.91000000e+00  1.28844786e-10 
 2.92000000e+00  1.28613711e-10 
 2.93000000e+00  1.28384856e-10 
 2.94000000e+00  1.28158410e-10 
 2.95000000e+00  1.27933908e-10 
 2.96000000e+00  1.27711988e-10 
 2.97000000e+00  1.27491952e-10 
 2.98000000e+00  1.27274002e-10 
 2.99000000e+00  1.27058317e-10 
 3.00000000e+00  1.26844668e-10 
 3.01000000e+00  1.26633014e-10 
 3.02000000e+00  1.26423340e-10 
 3.03000000e+00  1.26215834e-10 
 3.04000000e+00  1.26010250e-10 
 3.05000000e+00  1.25806572e-10 
 3.06000000e+00  1.25604770e-10 
 3.07000000e+00  1.25405040e-10 
 3.08000000e+00  1.25206919e-10 
 3.09000000e+00  1.25010829e-10 
 3.10000000e+00  1.24816748e-10 
 3.11000000e+00  1.24624199e-10 
 3.12000000e+00  1.24433394e-10 
 3.13000000e+00  1.24244538e-10 
 3.14000000e+00  1.24057594e-10 
 3.15000000e+00  1.23872107e-10 
 3.16000000e+00  1.23688284e-10 
 3.17000000e+00  1.23506094e-10 
 3.18000000e+00  1.23325744e-10 
 3.19000000e+00  1.23146992e-10 
 3.20000000e+00  1.22969824e-10 
 3.21000000e+00  1.22794213e-10 
 3.22000000e+00  1.22620366e-10 
 3.23000000e+00  1.22447818e-10 
 3.24000000e+00  1.22277010e-10 
 3.25000000e+00  1.22107907e-10 
 3.26000000e+00  1.21939820e-10 
 3.27000000e+00  1.21773654e-10 
 3.28000000e+00  1.21608685e-10 
 3.29000000e+00  1.21445373e-10 
 3.30000000e+00  1.21283451e-10 
