 0.00000000e+00  2.50000000e+00 
 1.00000000e-02  2.50000000e+00 
 2.00000000e-02  2.50000000e+00 
 3.00000000e-02  2.50000000e+00 
 4.00000000e-02  2.49999999e+00 
 5.00000000e-02  2.49999999e+00 
 6.00000000e-02  2.49999999e+00 
 7.00000000e-02  2.49999999e+00 
 8.00000000e-02  2.49999999e+00 
 9.00000000e-02  2.49999998e+00 
 1.00000000e-01  2.49999998e+00 
 1.10000000e-01  2.49999997e+00 
 1.20000000e-01  2.49999996e+00 
 1.30000000e-01  2.49999995e+00 
 1.40000000e-01  2.49999994e+00 
 1.50000000e-01  2.49999993e+00 
 1.60000000e-01  2.49999991e+00 
 1.70000000e-01  2.49999988e+00 
 1.80000000e-01  2.49999984e+00 
 1.90000000e-01  2.49999980e+00 
 2.00000000e-01  2.49999975e+00 
 2.10000000e-01  2.49999967e+00 
 2.20000000e-01  2.49999958e+00 
 2.30000000e-01  2.49999947e+00 
 2.40000000e-01  2.49999932e+00 
 2.50000000e-01  2.49999913e+00 
 2.60000000e-01  2.49999889e+00 
 2.70000000e-01  2.49999858e+00 
 2.80000000e-01  2.49999818e+00 
 2.90000000e-01  2.49999768e+00 
 3.00000000e-01  2.49999704e+00 
 3.10000000e-01  2.49999623e+00 
 3.20000000e-01  2.49999520e+00 
 3.30000000e-01  2.49999389e+00 
 3.40000000e-01  2.49999223e+00 
 3.50000000e-01  2.49999013e+00 
 3.60000000e-01  2.49998748e+00 
 3.70000000e-01  2.49998414e+00 
 3.80000000e-01  2.49997994e+00 
 3.90000000e-01  2.49997467e+00 
 4.00000000e-01  2.49996806e+00 
 4.10000000e-01  2.49995980e+00 
 4.20000000e-01  2.49994949e+00 
 4.30000000e-01  2.49993668e+00 
 4.40000000e-01  2.49992079e+00 
 4.50000000e-01  2.49990113e+00 
 4.60000000e-01  2.49987689e+00 
 4.70000000e-01  2.49984707e+00 
 4.80000000e-01  2.49981052e+00 
 4.90000000e-01  2.49976582e+00 
 5.00000000e-01  2.49971134e+00 
 5.10000000e-01  2.49964513e+00 
 5.20000000e-01  2.49956488e+00 
 5.30000000e-01  2.49946793e+00 
 5.40000000e-01  2.49935113e+00 
 5.50000000e-01  2.49921084e+00 
 5.60000000e-01  2.49904289e+00 
 5.70000000e-01  2.49884249e+00 
 5.80000000e-01  2.49860419e+00 
 5.90000000e-01  2.49832191e+00 
 6.00000000e-01  2.49798885e+00 
 6.10000000e-01  2.49759759e+00 
 6.20000000e-01  2.49714004e+00 
 6.30000000e-01  2.49660755e+00 
 6.40000000e-01  2.49599100e+00 
 6.50000000e-01  2.49528089e+00 
 6.60000000e-01  2.49446746e+00 
 6.70000000e-01  2.49354085e+00 
 6.80000000e-01  2.49249124e+00 
 6.90000000e-01  2.49130897e+00 
 7.00000000e-01  2.48998470e+00 
 7.10000000e-01  2.48850948e+00 
 7.20000000e-01  2.48687490e+00 
 7.30000000e-01  2.48507308e+00 
 7.40000000e-01  2.48309674e+00 
 7.50000000e-01  2.48093921e+00 
 7.60000000e-01  2.47859436e+00 
 7.70000000e-01  2.47605658e+00 
 7.80000000e-01  2.47332074e+00 
 7.90000000e-01  2.47038204e+00 
 8.00000000e-01  2.46723595e+00 
 8.10000000e-01  2.46387811e+00 
 8.20000000e-01  2.46030421e+00 
 8.30000000e-01  2.45650987e+00 
 8.40000000e-01  2.45249054e+00 
 8.50000000e-01  2.44824141e+00 
 8.60000000e-01  2.44375724e+00 
 8.70000000e-01  2.43903231e+00 
 8.80000000e-01  2.43406029e+00 
 8.90000000e-01  2.42883409e+00 
 9.00000000e-01  2.42334579e+00 
 9.10000000e-01  2.41758647e+00 
 9.20000000e-01  2.41154608e+00 
 9.30000000e-01  2.40521330e+00 
 9.40000000e-01  2.39857533e+00 
 9.50000000e-01  2.39161767e+00 
 9.60000000e-01  2.38432391e+00 
 9.70000000e-01  2.37667542e+00 
 9.80000000e-01  2.36865096e+00 
 9.90000000e-01  2.36022628e+00 
 1.00000000e+00  2.35137359e+00 
 1.01000000e+00  2.34206085e+00 
 1.02000000e+00  2.33225093e+00 
 1.03000000e+00  2.32190054e+00 
 1.04000000e+00  2.31095882e+00 
 1.05000000e+00  2.29936545e+00 
 1.06000000e+00  2.28704817e+00 
 1.07000000e+00  2.27391934e+00 
 1.08000000e+00  2.25987113e+00 
 1.09000000e+00  2.24476859e+00 
 1.10000000e+00  2.22843931e+00 
 1.11000000e+00  2.21065745e+00 
 1.12000000e+00  2.19111793e+00 
 1.13000000e+00  2.16939213e+00 
 1.14000000e+00  2.14484652e+00 
 1.15000000e+00  2.11647866e+00 
 1.16000000e+00  2.08254484e+00 
 1.17000000e+00  2.03957073e+00 
 1.18000000e+00  1.97923249e+00 
 1.19000000e+00  1.87680578e+00 
 1.20000000e+00  1.72207424e+00 
 1.21000000e+00  1.52928738e+00 
 1.22000000e+00  1.31162690e+00 
 1.23000000e+00  1.07752066e+00 
 1.24000000e+00  8.45172893e-01 
 1.25000000e+00  6.46320290e-01 
 1.26000000e+00  5.09491213e-01 
 1.27000000e+00  4.29042734e-01 
 1.28000000e+00  3.79326273e-01 
 1.29000000e+00  3.43767504e-01 
 1.30000000e+00  3.15735779e-01 
 1.31000000e+00  2.92663259e-01 
 1.32000000e+00  2.72804181e-01 
 1.33000000e+00  2.55322383e-01 
 1.34000000e+00  2.39687816e-01 
 1.35000000e+00  2.25533743e-01 
 1.36000000e+00  2.12597895e-01 
 1.37000000e+00  2.00685820e-01 
 1.38000000e+00  1.89648927e-01 
 1.39000000e+00  1.79370833e-01 
 1.40000000e+00  1.69758496e-01 
 1.41000000e+00  1.60736241e-01 
 1.42000000e+00  1.52241604e-01 
 1.43000000e+00  1.44222376e-01 
 1.44000000e+00  1.36634437e-01 
 1.45000000e+00  1.29440147e-01 
 1.46000000e+00  1.22607128e-01 
 1.47000000e+00  1.16107319e-01 
 1.48000000e+00  1.09916245e-01 
 1.49000000e+00  1.04012434e-01 
 1.50000000e+00  9.83769562e-02 
 1.51000000e+00  9.29930454e-02 
 1.52000000e+00  8.78457945e-02 
 1.53000000e+00  8.29219040e-02 
 1.54000000e+00  7.82094736e-02 
 1.55000000e+00  7.36978277e-02 
 1.56000000e+00  6.93773695e-02 
 1.57000000e+00  6.52394568e-02 
 1.58000000e+00  6.12762969e-02 
 1.59000000e+00  5.74808552e-02 
 1.60000000e+00  5.38467771e-02 
 1.61000000e+00  5.03683194e-02 
 1.62000000e+00  4.70402898e-02 
 1.63000000e+00  4.38579925e-02 
 1.64000000e+00  4.08171795e-02 
 1.65000000e+00  3.79140050e-02 
 1.66000000e+00  3.51449833e-02 
 1.67000000e+00  3.25069479e-02 
 1.68000000e+00  2.99970117e-02 
 1.69000000e+00  2.76125272e-02 
 1.70000000e+00  2.53510469e-02 
 1.71000000e+00  2.32102813e-02 
 1.72000000e+00  2.11880570e-02 
 1.73000000e+00  1.92822719e-02 
 1.74000000e+00  1.74908495e-02 
 1.75000000e+00  1.58116914e-02 
 1.76000000e+00  1.42426291e-02 
 1.77000000e+00  1.27813760e-02 
 1.78000000e+00  1.14254805e-02 
 1.79000000e+00  1.01722820e-02 
 1.80000000e+00  9.01887191e-03 
 1.81000000e+00  7.96206103e-03 
 1.82000000e+00  6.99835620e-03 
 1.83000000e+00  6.12394783e-03 
 1.84000000e+00  5.33471022e-03 
 1.85000000e+00  4.62621572e-03 
 1.86000000e+00  3.99376342e-03 
 1.87000000e+00  3.43242178e-03 
 1.88000000e+00  2.93708388e-03 
 1.89000000e+00  2.50253297e-03 
 1.90000000e+00  2.12351496e-03 
 1.91000000e+00  1.79481423e-03 
 1.92000000e+00  1.51132860e-03 
 1.93000000e+00  1.26813943e-03 
 1.94000000e+00  1.06057335e-03 
 1.95000000e+00  8.84252899e-04 
 1.96000000e+00  7.35134125e-04 
 1.97000000e+00  6.09530512e-04 
 1.98000000e+00  5.04123481e-04 
 1.99000000e+00  4.15960643e-04 
 2.00000000e+00  3.42443668e-04 
 2.01000000e+00  2.81308038e-04 
 2.02000000e+00  2.30597097e-04 
 2.03000000e+00  1.88632724e-04 
 2.04000000e+00  1.53984670e-04 
 2.05000000e+00  1.25440217e-04 
 2.06000000e+00  1.01975371e-04 
 2.07000000e+00  8.27283883e-05 
 2.08000000e+00  6.69760402e-05 
 2.09000000e+00  5.41127447e-05 
 2.10000000e+00  4.36324834e-05 
 2.11000000e+00  3.51132838e-05 
 2.12000000e+00  2.82039912e-05 
 2.13000000e+00  2.26130332e-05 
 2.14000000e+00  1.80988919e-05 
 2.15000000e+00  1.44620287e-05 
 2.16000000e+00  1.15380411e-05 
 2.17000000e+00  9.19186460e-06 
 2.18000000e+00  7.31286430e-06 
 2.19000000e+00  5.81068499e-06 
 2.20000000e+00  4.61175142e-06 
 2.21000000e+00  3.65632469e-06 
 2.22000000e+00  2.89603531e-06 
 2.23000000e+00  2.29182366e-06 
 2.24000000e+00  1.81222748e-06 
 2.25000000e+00  1.43196411e-06 
 2.26000000e+00  1.13076146e-06 
 2.27000000e+00  8.92398214e-07 
 2.28000000e+00  7.03918753e-07 
 2.29000000e+00  5.54993545e-07 
 2.30000000e+00  4.37399767e-07 
 2.31000000e+00  3.44600990e-07 
 2.32000000e+00  2.71408047e-07 
 2.33000000e+00  2.13706153e-07 
 2.34000000e+00  1.68235896e-07 
 2.35000000e+00  1.32417869e-07 
 2.36000000e+00  1.04212529e-07 
 2.37000000e+00  8.20084327e-08 
 2.38000000e+00  6.45332393e-08 
 2.39000000e+00  5.07829587e-08 
 2.40000000e+00  3.99657812e-08 
 2.41000000e+00  3.14575320e-08 
 2.42000000e+00  2.47663918e-08 
 2.43000000e+00  1.95049754e-08 
 2.44000000e+00  1.53682570e-08 
 2.45000000e+00  1.21161312e-08 
 2.46000000e+00  9.55964450e-09 
 2.47000000e+00  7.55013119e-09 
 2.48000000e+00  5.97064705e-09 
 2.49000000e+00  4.72921694e-09 
 2.50000000e+00  3.75351431e-09 
 2.51000000e+00  2.98667136e-09 
 2.52000000e+00  2.38398032e-09 
 2.53000000e+00  1.91029630e-09 
 2.54000000e+00  1.53799491e-09 
 2.55000000e+00  1.24536347e-09 
 2.56000000e+00  1.01533842e-09 
 2.57000000e+00  8.34509342e-10 
 2.58000000e+00  6.92337833e-10 
 2.59000000e+00  5.80542450e-10 
 2.60000000e+00  4.92616309e-10 
 2.61000000e+00  4.23446360e-10 
 2.62000000e+00  3.69014169e-10 
 2.63000000e+00  3.26163119e-10 
 2.64000000e+00  2.92412721e-10 
 2.65000000e+00  2.65813856e-10 
 2.66000000e+00  2.44835247e-10 
 2.67000000e+00  2.28273401e-10 
 2.68000000e+00  2.15182901e-10 
 2.69000000e+00  2.04820989e-10 
 2.70000000e+00  1.96603620e-10 
 2.71000000e+00  1.90072551e-10 
 2.72000000e+00  1.84867415e-10 
 2.73000000e+00  1.80704412e-10 
 2.74000000e+00  1.77361481e-10 
 2.75000000e+00  1.74663584e-10 
 2.76000000e+00  1.72473307e-10 
 2.77000000e+00  1.70682823e-10 
 2.78000000e+00  1.69207051e-10 
 2.79000000e+00  1.67979392e-10 
 2.80000000e+00  1.66947353e-10 
 2.81000000e+00  1.66069853e-10 
 2.82000000e+00  1.65314293e-10 
 2.83000000e+00  1.64655413e-10 
 2.84000000e+00  1.64072902e-10 
 2.85000000e+00  1.63551362e-10 
 2.86000000e+00  1.63078274e-10 
 2.87000000e+00  1.62643987e-10 
 2.88000000e+00  1.62240447e-10 
 2.89000000e+00  1.61862123e-10 
 2.90000000e+00  1.61504066e-10 
 2.91000000e+00  1.61162573e-10 
 2.92000000e+00  1.60834723e-10 
 2.93000000e+00  1.60517757e-10 
 2.94000000e+00  1.60210540e-10 
 2.95000000e+00  1.59911166e-10 
 2.96000000e+00  1.59618511e-10 
 2.97000000e+00  1.59331898e-10 
 2.98000000e+00  1.59050379e-10 
 2.99000000e+00  1.58773398e-10 
 3.00000000e+00  1.58500943e-10 
 3.01000000e+00  1.58231974e-10 
 3.02000000e+00  1.57966649e-10 
 3.03000000e+00  1.57704295e-10 
 3.04000000e+00  1.57445377e-10 
 3.05000000e+00  1.57189304e-10 
 3.06000000e+00  1.56935705e-10 
 3.07000000e+00  1.56684944e-10 
 3.08000000e+00  1.56436914e-10 
 3.09000000e+00  1.56191311e-10 
 3.10000000e+00  1.55948085e-10 
 3.11000000e+00  1.55707171e-10 
 3.12000000e+00  1.55468519e-10 
 3.13000000e+00  1.55232301e-10 
 3.14000000e+00  1.54998260e-10 
 3.15000000e+00  1.54766582e-10 
 3.16000000e+00  1.54536782e-10 
 3.17000000e+00  1.54309278e-10 
 3.18000000e+00  1.54083814e-10 
 3.19000000e+00  1.53860368e-10 
 3.20000000e+00  1.53638904e-10 
 3.21000000e+00  1.53419405e-10 
 3.22000000e+00  1.53202282e-10 
 3.23000000e+00  1.52986621e-10 
 3.24000000e+00  1.52773303e-10 
 3.25000000e+00  1.52561836e-10 
 3.26000000e+00  1.52351992e-10 
 3.27000000e+00  1.52144198e-10 
 3.28000000e+00  1.51938194e-10 
 3.29000000e+00  1.51734193e-10 
 3.30000000e+00  1.51531495e-10 
