 0.00000000e+00  3.00000000e+00 
 1.00000000e-02  3.00000000e+00 
 2.00000000e-02  3.00000000e+00 
 3.00000000e-02  3.00000000e+00 
 4.00000000e-02  2.99999999e+00 
 5.00000000e-02  2.99999999e+00 
 6.00000000e-02  2.99999999e+00 
 7.00000000e-02  2.99999999e+00 
 8.00000000e-02  2.99999999e+00 
 9.00000000e-02  2.99999998e+00 
 1.00000000e-01  2.99999998e+00 
 1.10000000e-01  2.99999997e+00 
 1.20000000e-01  2.99999996e+00 
 1.30000000e-01  2.99999995e+00 
 1.40000000e-01  2.99999994e+00 
 1.50000000e-01  2.99999992e+00 
 1.60000000e-01  2.99999990e+00 
 1.70000000e-01  2.99999987e+00 
 1.80000000e-01  2.99999983e+00 
 1.90000000e-01  2.99999978e+00 
 2.00000000e-01  2.99999972e+00 
 2.10000000e-01  2.99999965e+00 
 2.20000000e-01  2.99999955e+00 
 2.30000000e-01  2.99999942e+00 
 2.40000000e-01  2.99999927e+00 
 2.50000000e-01  2.99999906e+00 
 2.60000000e-01  2.99999880e+00 
 2.70000000e-01  2.99999847e+00 
 2.80000000e-01  2.99999805e+00 
 2.90000000e-01  2.99999752e+00 
 3.00000000e-01  2.99999684e+00 
 3.10000000e-01  2.99999598e+00 
 3.20000000e-01  2.99999489e+00 
 3.30000000e-01  2.99999351e+00 
 3.40000000e-01  2.99999176e+00 
 3.50000000e-01  2.99998956e+00 
 3.60000000e-01  2.99998679e+00 
 3.70000000e-01  2.99998331e+00 
 3.80000000e-01  2.99997894e+00 
 3.90000000e-01  2.99997346e+00 
 4.00000000e-01  2.99996663e+00 
 4.10000000e-01  2.99995811e+00 
 4.20000000e-01  2.99994752e+00 
 4.30000000e-01  2.99993441e+00 
 4.40000000e-01  2.99991820e+00 
 4.50000000e-01  2.99989823e+00 
 4.60000000e-01  2.99987370e+00 
 4.70000000e-01  2.99984365e+00 
 4.80000000e-01  2.99980697e+00 
 4.90000000e-01  2.99976232e+00 
 5.00000000e-01  2.99970813e+00 
 5.10000000e-01  2.99964259e+00 
 5.20000000e-01  2.99956354e+00 
 5.30000000e-01  2.99946851e+00 
 5.40000000e-01  2.99935463e+00 
 5.50000000e-01  2.99921859e+00 
 5.60000000e-01  2.99905666e+00 
 5.70000000e-01  2.99886459e+00 
 5.80000000e-01  2.99863763e+00 
 5.90000000e-01  2.99837053e+00 
 6.00000000e-01  2.99805755e+00 
 6.10000000e-01  2.99769247e+00 
 6.20000000e-01  2.99726869e+00 
 6.30000000e-01  2.99677924e+00 
 6.40000000e-01  2.99621694e+00 
 6.50000000e-01  2.99557446e+00 
 6.60000000e-01  2.99484446e+00 
 6.70000000e-01  2.99401972e+00 
 6.80000000e-01  2.99309324e+00 
 6.90000000e-01  2.99205836e+00 
 7.00000000e-01  2.99090887e+00 
 7.10000000e-01  2.98963911e+00 
 7.20000000e-01  2.98824396e+00 
 7.30000000e-01  2.98671896e+00 
 7.40000000e-01  2.98506025e+00 
 7.50000000e-01  2.98326462e+00 
 7.60000000e-01  2.98132944e+00 
 7.70000000e-01  2.97925263e+00 
 7.80000000e-01  2.97703259e+00 
 7.90000000e-01  2.97466817e+00 
 8.00000000e-01  2.97215854e+00 
 8.10000000e-01  2.96950319e+00 
 8.20000000e-01  2.96670182e+00 
 8.30000000e-01  2.96375425e+00 
 8.40000000e-01  2.96066044e+00 
 8.50000000e-01  2.95742032e+00 
 8.60000000e-01  2.95403386e+00 
 8.70000000e-01  2.95050093e+00 
 8.80000000e-01  2.94682132e+00 
 8.90000000e-01  2.94299466e+00 
 9.00000000e-01  2.93902045e+00 
 9.10000000e-01  2.93489798e+00 
 9.20000000e-01  2.93062633e+00 
 9.30000000e-01  2.92620436e+00 
 9.40000000e-01  2.92163067e+00 
 9.50000000e-01  2.91690361e+00 
 9.60000000e-01  2.91202125e+00 
 9.70000000e-01  2.90698135e+00 
 9.80000000e-01  2.90178138e+00 
 9.90000000e-01  2.89641847e+00 
 1.00000000e+00  2.89088941e+00 
 1.01000000e+00  2.88519063e+00 
 1.02000000e+00  2.87931815e+00 
 1.03000000e+00  2.87326759e+00 
 1.04000000e+00  2.86703414e+00 
 1.05000000e+00  2.86061249e+00 
 1.06000000e+00  2.85399683e+00 
 1.07000000e+00  2.84718078e+00 
 1.08000000e+00  2.84015736e+00 
 1.09000000e+00  2.83291892e+00 
 1.10000000e+00  2.82545708e+00 
 1.11000000e+00  2.81776265e+00 
 1.12000000e+00  2.80982556e+00 
 1.13000000e+00  2.80163470e+00 
 1.14000000e+00  2.79317788e+00 
 1.15000000e+00  2.78444163e+00 
 1.16000000e+00  2.77541106e+00 
 1.17000000e+00  2.76606965e+00 
 1.18000000e+00  2.75639902e+00 
 1.19000000e+00  2.74637868e+00 
 1.20000000e+00  2.73598563e+00 
 1.21000000e+00  2.72519402e+00 
 1.22000000e+00  2.71397461e+00 
 1.23000000e+00  2.70229412e+00 
 1.24000000e+00  2.69011454e+00 
 1.25000000e+00  2.67739207e+00 
 1.26000000e+00  2.66407587e+00 
 1.27000000e+00  2.65010649e+00 
 1.28000000e+00  2.63541363e+00 
 1.29000000e+00  2.61991334e+00 
 1.30000000e+00  2.60350399e+00 
 1.31000000e+00  2.58606073e+00 
 1.32000000e+00  2.56742753e+00 
 1.33000000e+00  2.54740526e+00 
 1.34000000e+00  2.52573333e+00 
 1.35000000e+00  2.50206021e+00 
 1.36000000e+00  2.47589311e+00 
 1.37000000e+00  2.44650690e+00 
 1.38000000e+00  2.41276524e+00 
 1.39000000e+00  2.37273552e+00 
 1.40000000e+00  2.32278756e+00 
 1.41000000e+00  2.25561248e+00 
 1.42000000e+00  2.15962520e+00 
 1.43000000e+00  2.03210496e+00 
 1.44000000e+00  1.88130140e+00 
 1.45000000e+00  1.71076494e+00 
 1.46000000e+00  1.52277326e+00 
 1.47000000e+00  1.32229107e+00 
 1.48000000e+00  1.11938825e+00 
 1.49000000e+00  9.30907553e-01 
 1.50000000e+00  7.77356688e-01 
 1.51000000e+00  6.67853729e-01 
 1.52000000e+00  5.94462507e-01 
 1.53000000e+00  5.43150609e-01 
 1.54000000e+00  5.03903767e-01 
 1.55000000e+00  4.72533956e-01 
 1.56000000e+00  4.45878909e-01 
 1.57000000e+00  4.22579290e-01 
 1.58000000e+00  4.01827013e-01 
 1.59000000e+00  3.83072619e-01 
 1.60000000e+00  3.65933488e-01 
 1.61000000e+00  3.50132595e-01 
 1.62000000e+00  3.35462272e-01 
 1.63000000e+00  3.21762409e-01 
 1.64000000e+00  3.08906655e-01 
 1.65000000e+00  2.96793340e-01 
 1.66000000e+00  2.85339282e-01 
 1.67000000e+00  2.74475462e-01 
 1.68000000e+00  2.64143900e-01 
 1.69000000e+00  2.54295365e-01 
 1.70000000e+00  2.44887664e-01 
 1.71000000e+00  2.35884328e-01 
 1.72000000e+00  2.27253604e-01 
 1.73000000e+00  2.18967657e-01 
 1.74000000e+00  2.11001944e-01 
 1.75000000e+00  2.03334705e-01 
 1.76000000e+00  1.95946551e-01 
 1.77000000e+00  1.88820133e-01 
 1.78000000e+00  1.81939860e-01 
 1.79000000e+00  1.75291668e-01 
 1.80000000e+00  1.68862833e-01 
 1.81000000e+00  1.62641798e-01 
 1.82000000e+00  1.56618046e-01 
 1.83000000e+00  1.50781972e-01 
 1.84000000e+00  1.45124790e-01 
 1.85000000e+00  1.39638442e-01 
 1.86000000e+00  1.34315521e-01 
 1.87000000e+00  1.29149211e-01 
 1.88000000e+00  1.24133224e-01 
 1.89000000e+00  1.19261756e-01 
 1.90000000e+00  1.14529439e-01 
 1.91000000e+00  1.09931302e-01 
 1.92000000e+00  1.05462741e-01 
 1.93000000e+00  1.01119486e-01 
 1.94000000e+00  9.68975755e-02 
 1.95000000e+00  9.27933317e-02 
 1.96000000e+00  8.88033409e-02 
 1.97000000e+00  8.49244341e-02 
 1.98000000e+00  8.11536709e-02 
 1.99000000e+00  7.74883243e-02 
 2.00000000e+00  7.39258681e-02 
 2.01000000e+00  7.04639648e-02 
 2.02000000e+00  6.71004555e-02 
 2.03000000e+00  6.38333503e-02 
 2.04000000e+00  6.06608208e-02 
 2.05000000e+00  5.75811918e-02 
 2.06000000e+00  5.45929354e-02 
 2.07000000e+00  5.16946643e-02 
 2.08000000e+00  4.88851270e-02 
 2.09000000e+00  4.61632018e-02 
 2.10000000e+00  4.35278924e-02 
 2.11000000e+00  4.09783223e-02 
 2.12000000e+00  3.85137297e-02 
 2.13000000e+00  3.61334622e-02 
 2.14000000e+00  3.38369700e-02 
 2.15000000e+00  3.16237990e-02 
 2.16000000e+00  2.94935826e-02 
 2.17000000e+00  2.74460317e-02 
 2.18000000e+00  2.54809235e-02 
 2.19000000e+00  2.35980876e-02 
 2.20000000e+00  2.17973903e-02 
 2.21000000e+00  2.00787162e-02 
 2.22000000e+00  1.84419464e-02 
 2.23000000e+00  1.68869345e-02 
 2.24000000e+00  1.54134795e-02 
 2.25000000e+00  1.40212954e-02 
 2.26000000e+00  1.27099792e-02 
 2.27000000e+00  1.14789764e-02 
 2.28000000e+00  1.03275462e-02 
 2.29000000e+00  9.25472651e-03 
 2.30000000e+00  8.25930139e-03 
 2.31000000e+00  7.33977134e-03 
 2.32000000e+00  6.49432934e-03 
 2.33000000e+00  5.72084413e-03 
 2.34000000e+00  5.01685256e-03 
 2.35000000e+00  4.37956276e-03 
 2.36000000e+00  3.80586895e-03 
 2.37000000e+00  3.29237855e-03 
 2.38000000e+00  2.83545108e-03 
 2.39000000e+00  2.43124776e-03 
 2.40000000e+00  2.07578972e-03 
 2.41000000e+00  1.76502211e-03 
 2.42000000e+00  1.49488091e-03 
 2.43000000e+00  1.26135889e-03 
 2.44000000e+00  1.06056747e-03 
 2.45000000e+00  8.88791469e-04 
 2.46000000e+00  7.42534329e-04 
 2.47000000e+00  6.18552465e-04 
 2.48000000e+00  5.13877987e-04 
 2.49000000e+00  4.25830112e-04 
 2.50000000e+00  3.52016211e-04 
 2.51000000e+00  2.90324058e-04 
 2.52000000e+00  2.38907158e-04 
 2.53000000e+00  1.96165144e-04 
 2.54000000e+00  1.60721189e-04 
 2.55000000e+00  1.31398111e-04 
 2.56000000e+00  1.07194551e-04 
 2.57000000e+00  8.72622421e-05 
 2.58000000e+00  7.08850139e-05 
 2.59000000e+00  5.74599056e-05 
 2.60000000e+00  4.64804915e-05 
 2.61000000e+00  3.75223710e-05 
 2.62000000e+00  3.02306626e-05 
 2.63000000e+00  2.43092913e-05 
 2.64000000e+00  1.95118431e-05 
 2.65000000e+00  1.56337685e-05 
 2.66000000e+00  1.25057414e-05 
 2.67000000e+00  9.98800221e-06 
 2.68000000e+00  7.96554354e-06 
 2.69000000e+00  6.34401649e-06 
 2.70000000e+00  5.04625758e-06 
 2.71000000e+00  4.00934943e-06 
 2.72000000e+00  3.18214169e-06 
 2.73000000e+00  2.52316810e-06 
 2.74000000e+00  1.99890368e-06 
 2.75000000e+00  1.58231283e-06 
 2.76000000e+00  1.25164510e-06 
 2.77000000e+00  9.89440748e-07 
 2.78000000e+00  7.81713009e-07 
 2.79000000e+00  6.17278361e-07 
 2.80000000e+00  4.87210098e-07 
 2.81000000e+00  3.84394105e-07 
 2.82000000e+00  3.03168901e-07 
 2.83000000e+00  2.39034848e-07 
 2.84000000e+00  1.88419899e-07 
 2.85000000e+00  1.48491361e-07 
 2.86000000e+00  1.17004988e-07 
 2.87000000e+00  9.21842496e-08 
 2.88000000e+00  7.26239268e-08 
 2.89000000e+00  5.72132629e-08 
 2.90000000e+00  4.50747909e-08 
 2.91000000e+00  3.55157133e-08 
 2.92000000e+00  2.79893008e-08 
 2.93000000e+00  2.20642808e-08 
 2.94000000e+00  1.74005862e-08 
 2.95000000e+00  1.37301577e-08 
 2.96000000e+00  1.08417600e-08 
 2.97000000e+00  8.56898010e-09 
 2.98000000e+00  6.78074796e-09 
 2.99000000e+00  5.37385160e-09 
 3.00000000e+00  4.26703035e-09 
 3.01000000e+00  3.39631718e-09 
 3.02000000e+00  2.71136542e-09 
 3.03000000e+00  2.17255344e-09 
 3.04000000e+00  1.74870291e-09 
 3.05000000e+00  1.41528274e-09 
 3.06000000e+00  1.15299323e-09 
 3.07000000e+00  9.46651475e-10 
 3.08000000e+00  7.84313548e-10 
 3.09000000e+00  6.56585032e-10 
 3.10000000e+00  5.56075581e-10 
 3.11000000e+00  4.76973876e-10 
 3.12000000e+00  4.14708252e-10 
 3.13000000e+00  3.65683398e-10 
 3.14000000e+00  3.27071893e-10 
 3.15000000e+00  2.96650400e-10 
 3.16000000e+00  2.72670055e-10 
 3.17000000e+00  2.53755160e-10 
 3.18000000e+00  2.38824612e-10 
 3.19000000e+00  2.27027618e-10 
 3.20000000e+00  2.17695579e-10 
 3.21000000e+00  2.10302252e-10 
 3.22000000e+00  2.04434301e-10 
 3.23000000e+00  1.99766153e-10 
 3.24000000e+00  1.96041904e-10 
 3.25000000e+00  1.93060819e-10 
 3.26000000e+00  1.90664393e-10 
 3.27000000e+00  1.88728129e-10 
 3.28000000e+00  1.87154377e-10 
 3.29000000e+00  1.85866009e-10 
 3.30000000e+00  1.84802895e-10 
