 0.00000000e+00  3.30000000e+00 
 1.00000000e-02  3.30000000e+00 
 2.00000000e-02  3.30000000e+00 
 3.00000000e-02  3.30000000e+00 
 4.00000000e-02  3.29999999e+00 
 5.00000000e-02  3.29999999e+00 
 6.00000000e-02  3.29999999e+00 
 7.00000000e-02  3.29999999e+00 
 8.00000000e-02  3.29999998e+00 
 9.00000000e-02  3.29999998e+00 
 1.00000000e-01  3.29999997e+00 
 1.10000000e-01  3.29999997e+00 
 1.20000000e-01  3.29999996e+00 
 1.30000000e-01  3.29999995e+00 
 1.40000000e-01  3.29999993e+00 
 1.50000000e-01  3.29999991e+00 
 1.60000000e-01  3.29999989e+00 
 1.70000000e-01  3.29999986e+00 
 1.80000000e-01  3.29999982e+00 
 1.90000000e-01  3.29999977e+00 
 2.00000000e-01  3.29999971e+00 
 2.10000000e-01  3.29999962e+00 
 2.20000000e-01  3.29999952e+00 
 2.30000000e-01  3.29999939e+00 
 2.40000000e-01  3.29999922e+00 
 2.50000000e-01  3.29999900e+00 
 2.60000000e-01  3.29999872e+00 
 2.70000000e-01  3.29999837e+00 
 2.80000000e-01  3.29999793e+00 
 2.90000000e-01  3.29999736e+00 
 3.00000000e-01  3.29999664e+00 
 3.10000000e-01  3.29999573e+00 
 3.20000000e-01  3.29999458e+00 
 3.30000000e-01  3.29999312e+00 
 3.40000000e-01  3.29999127e+00 
 3.50000000e-01  3.29998895e+00 
 3.60000000e-01  3.29998603e+00 
 3.70000000e-01  3.29998237e+00 
 3.80000000e-01  3.29997778e+00 
 3.90000000e-01  3.29997203e+00 
 4.00000000e-01  3.29996488e+00 
 4.10000000e-01  3.29995597e+00 
 4.20000000e-01  3.29994492e+00 
 4.30000000e-01  3.29993126e+00 
 4.40000000e-01  3.29991440e+00 
 4.50000000e-01  3.29989367e+00 
 4.60000000e-01  3.29986826e+00 
 4.70000000e-01  3.29983721e+00 
 4.80000000e-01  3.29979937e+00 
 4.90000000e-01  3.29975342e+00 
 5.00000000e-01  3.29969778e+00 
 5.10000000e-01  3.29963064e+00 
 5.20000000e-01  3.29954987e+00 
 5.30000000e-01  3.29945301e+00 
 5.40000000e-01  3.29933725e+00 
 5.50000000e-01  3.29919936e+00 
 5.60000000e-01  3.29903570e+00 
 5.70000000e-01  3.29884218e+00 
 5.80000000e-01  3.29861425e+00 
 5.90000000e-01  3.29834691e+00 
 6.00000000e-01  3.29803475e+00 
 6.10000000e-01  3.29767197e+00 
 6.20000000e-01  3.29725244e+00 
 6.30000000e-01  3.29676978e+00 
 6.40000000e-01  3.29621748e+00 
 6.50000000e-01  3.29558897e+00 
 6.60000000e-01  3.29487774e+00 
 6.70000000e-01  3.29407747e+00 
 6.80000000e-01  3.29318215e+00 
 6.90000000e-01  3.29218613e+00 
 7.00000000e-01  3.29108425e+00 
 7.10000000e-01  3.28987189e+00 
 7.20000000e-01  3.28854502e+00 
 7.30000000e-01  3.28710022e+00 
 7.40000000e-01  3.28553468e+00 
 7.50000000e-01  3.28384615e+00 
 7.60000000e-01  3.28203299e+00 
 7.70000000e-01  3.28009404e+00 
 7.80000000e-01  3.27802858e+00 
 7.90000000e-01  3.27583632e+00 
 8.00000000e-01  3.27351728e+00 
 8.10000000e-01  3.27107173e+00 
 8.20000000e-01  3.26850017e+00 
 8.30000000e-01  3.26580323e+00 
 8.40000000e-01  3.26298164e+00 
 8.50000000e-01  3.26003617e+00 
 8.60000000e-01  3.25696760e+00 
 8.70000000e-01  3.25377669e+00 
 8.80000000e-01  3.25046413e+00 
 8.90000000e-01  3.24703053e+00 
 9.00000000e-01  3.24347639e+00 
 9.10000000e-01  3.23980212e+00 
 9.20000000e-01  3.23600798e+00 
 9.30000000e-01  3.23209407e+00 
 9.40000000e-01  3.22806037e+00 
 9.50000000e-01  3.22390670e+00 
 9.60000000e-01  3.21963271e+00 
 9.70000000e-01  3.21523788e+00 
 9.80000000e-01  3.21072155e+00 
 9.90000000e-01  3.20608286e+00 
 1.00000000e+00  3.20132080e+00 
 1.01000000e+00  3.19643414e+00 
 1.02000000e+00  3.19142153e+00 
 1.03000000e+00  3.18628138e+00 
 1.04000000e+00  3.18101193e+00 
 1.05000000e+00  3.17561123e+00 
 1.06000000e+00  3.17007710e+00 
 1.07000000e+00  3.16440717e+00 
 1.08000000e+00  3.15859884e+00 
 1.09000000e+00  3.15264927e+00 
 1.10000000e+00  3.14655538e+00 
 1.11000000e+00  3.14031382e+00 
 1.12000000e+00  3.13392097e+00 
 1.13000000e+00  3.12737291e+00 
 1.14000000e+00  3.12066541e+00 
 1.15000000e+00  3.11379389e+00 
 1.16000000e+00  3.10675341e+00 
 1.17000000e+00  3.09953865e+00 
 1.18000000e+00  3.09214382e+00 
 1.19000000e+00  3.08456269e+00 
 1.20000000e+00  3.07678852e+00 
 1.21000000e+00  3.06881401e+00 
 1.22000000e+00  3.06063122e+00 
 1.23000000e+00  3.05223156e+00 
 1.24000000e+00  3.04360568e+00 
 1.25000000e+00  3.03474338e+00 
 1.26000000e+00  3.02563355e+00 
 1.27000000e+00  3.01626403e+00 
 1.28000000e+00  3.00662147e+00 
 1.29000000e+00  2.99669122e+00 
 1.30000000e+00  2.98645711e+00 
 1.31000000e+00  2.97590127e+00 
 1.32000000e+00  2.96500388e+00 
 1.33000000e+00  2.95374283e+00 
 1.34000000e+00  2.94209341e+00 
 1.35000000e+00  2.93002787e+00 
 1.36000000e+00  2.91751485e+00 
 1.37000000e+00  2.90451873e+00 
 1.38000000e+00  2.89099885e+00 
 1.39000000e+00  2.87690840e+00 
 1.40000000e+00  2.86219312e+00 
 1.41000000e+00  2.84678956e+00 
 1.42000000e+00  2.83062281e+00 
 1.43000000e+00  2.81360340e+00 
 1.44000000e+00  2.79562314e+00 
 1.45000000e+00  2.77654923e+00 
 1.46000000e+00  2.75621579e+00 
 1.47000000e+00  2.73441138e+00 
 1.48000000e+00  2.71085971e+00 
 1.49000000e+00  2.68518888e+00 
 1.50000000e+00  2.65687945e+00 
 1.51000000e+00  2.62517179e+00 
 1.52000000e+00  2.58888940e+00 
 1.53000000e+00  2.54607936e+00 
 1.54000000e+00  2.49327251e+00 
 1.55000000e+00  2.42437827e+00 
 1.56000000e+00  2.33222204e+00 
 1.57000000e+00  2.21665123e+00 
 1.58000000e+00  2.08221438e+00 
 1.59000000e+00  1.93078562e+00 
 1.60000000e+00  1.76340543e+00 
 1.61000000e+00  1.58237601e+00 
 1.62000000e+00  1.39269294e+00 
 1.63000000e+00  1.20359447e+00 
 1.64000000e+00  1.02912405e+00 
 1.65000000e+00  8.85043355e-01 
 1.66000000e+00  7.78040338e-01 
 1.67000000e+00  7.02735830e-01 
 1.68000000e+00  6.48417943e-01 
 1.69000000e+00  6.06355652e-01 
 1.70000000e+00  5.72470463e-01 
 1.71000000e+00  5.43575824e-01 
 1.72000000e+00  5.18238160e-01 
 1.73000000e+00  4.95601681e-01 
 1.74000000e+00  4.75086129e-01 
 1.75000000e+00  4.56286967e-01 
 1.76000000e+00  4.38910971e-01 
 1.77000000e+00  4.22738121e-01 
 1.78000000e+00  4.07598624e-01 
 1.79000000e+00  3.93358366e-01 
 1.80000000e+00  3.79909325e-01 
 1.81000000e+00  3.67163050e-01 
 1.82000000e+00  3.55046076e-01 
 1.83000000e+00  3.43496637e-01 
 1.84000000e+00  3.32462240e-01 
 1.85000000e+00  3.21897851e-01 
 1.86000000e+00  3.11764512e-01 
 1.87000000e+00  3.02028271e-01 
 1.88000000e+00  2.92659336e-01 
 1.89000000e+00  2.83631412e-01 
 1.90000000e+00  2.74921159e-01 
 1.91000000e+00  2.66507763e-01 
 1.92000000e+00  2.58372573e-01 
 1.93000000e+00  2.50498810e-01 
 1.94000000e+00  2.42871320e-01 
 1.95000000e+00  2.35476373e-01 
 1.96000000e+00  2.28301481e-01 
 1.97000000e+00  2.21335261e-01 
 1.98000000e+00  2.14567301e-01 
 1.99000000e+00  2.07988058e-01 
 2.00000000e+00  2.01588762e-01 
 2.01000000e+00  1.95361337e-01 
 2.02000000e+00  1.89298331e-01 
 2.03000000e+00  1.83392852e-01 
 2.04000000e+00  1.77638519e-01 
 2.05000000e+00  1.72029411e-01 
 2.06000000e+00  1.66560027e-01 
 2.07000000e+00  1.61225251e-01 
 2.08000000e+00  1.56020313e-01 
 2.09000000e+00  1.50940768e-01 
 2.10000000e+00  1.45982463e-01 
 2.11000000e+00  1.41141518e-01 
 2.12000000e+00  1.36414304e-01 
 2.13000000e+00  1.31797421e-01 
 2.14000000e+00  1.27287688e-01 
 2.15000000e+00  1.22882121e-01 
 2.16000000e+00  1.18577922e-01 
 2.17000000e+00  1.14372469e-01 
 2.18000000e+00  1.10263298e-01 
 2.19000000e+00  1.06248102e-01 
 2.20000000e+00  1.02324713e-01 
 2.21000000e+00  9.84911000e-02 
 2.22000000e+00  9.47453586e-02 
 2.23000000e+00  9.10857045e-02 
 2.24000000e+00  8.75104683e-02 
 2.25000000e+00  8.40180893e-02 
 2.26000000e+00  8.06071110e-02 
 2.27000000e+00  7.72761767e-02 
 2.28000000e+00  7.40240255e-02 
 2.29000000e+00  7.08494893e-02 
 2.30000000e+00  6.77514897e-02 
 2.31000000e+00  6.47290352e-02 
 2.32000000e+00  6.17812196e-02 
 2.33000000e+00  5.89072194e-02 
 2.34000000e+00  5.61062930e-02 
 2.35000000e+00  5.33777790e-02 
 2.36000000e+00  5.07210949e-02 
 2.37000000e+00  4.81357365e-02 
 2.38000000e+00  4.56212769e-02 
 2.39000000e+00  4.31773654e-02 
 2.40000000e+00  4.08037263e-02 
 2.41000000e+00  3.85001581e-02 
 2.42000000e+00  3.62665315e-02 
 2.43000000e+00  3.41027874e-02 
 2.44000000e+00  3.20089336e-02 
 2.45000000e+00  2.99850417e-02 
 2.46000000e+00  2.80312417e-02 
 2.47000000e+00  2.61477156e-02 
 2.48000000e+00  2.43346897e-02 
 2.49000000e+00  2.25924244e-02 
 2.50000000e+00  2.09212024e-02 
 2.51000000e+00  1.93213135e-02 
 2.52000000e+00  1.77930377e-02 
 2.53000000e+00  1.63366245e-02 
 2.54000000e+00  1.49522704e-02 
 2.55000000e+00  1.36400922e-02 
 2.56000000e+00  1.24000988e-02 
 2.57000000e+00  1.12321602e-02 
 2.58000000e+00  1.01359755e-02 
 2.59000000e+00  9.11104014e-03 
 2.60000000e+00  8.15661429e-03 
 2.61000000e+00  7.27169306e-03 
 2.62000000e+00  6.45498119e-03 
 2.63000000e+00  5.70487342e-03 
 2.64000000e+00  5.01944252e-03 
 2.65000000e+00  4.39643661e-03 
 2.66000000e+00  3.83328708e-03 
 2.67000000e+00  3.32712789e-03 
 2.68000000e+00  2.87482617e-03 
 2.69000000e+00  2.47302374e-03 
 2.70000000e+00  2.11818773e-03 
 2.71000000e+00  1.80666833e-03 
 2.72000000e+00  1.53476075e-03 
 2.73000000e+00  1.29876827e-03 
 2.74000000e+00  1.09506311e-03 
 2.75000000e+00  9.20142219e-04 
 2.76000000e+00  7.70675309e-04 
 2.77000000e+00  6.43543422e-04 
 2.78000000e+00  5.35866905e-04 
 2.79000000e+00  4.45022618e-04 
 2.80000000e+00  3.68650902e-04 
 2.81000000e+00  3.04653476e-04 
 2.82000000e+00  2.51183856e-04 
 2.83000000e+00  2.06632104e-04 
 2.84000000e+00  1.69605764e-04 
 2.85000000e+00  1.38908677e-04 
 2.86000000e+00  1.13519131e-04 
 2.87000000e+00  9.25684714e-05 
 2.88000000e+00  7.53209617e-05 
 2.89000000e+00  6.11553808e-05 
 2.90000000e+00  4.95485861e-05 
 2.91000000e+00  4.00610755e-05 
 2.92000000e+00  3.23244573e-05 
 2.93000000e+00  2.60306589e-05 
 2.94000000e+00  2.09226785e-05 
 2.95000000e+00  1.67866762e-05 
 2.96000000e+00  1.34452191e-05 
 2.97000000e+00  1.07515132e-05 
 2.98000000e+00  8.58448231e-06 
 2.99000000e+00  6.84457224e-06 
 3.00000000e+00  5.45018124e-06 
 3.01000000e+00  4.33462955e-06 
 3.02000000e+00  3.44359560e-06 
 3.03000000e+00  2.73295482e-06 
 3.04000000e+00  2.16696552e-06 
 3.05000000e+00  1.71675279e-06 
 3.06000000e+00  1.35904704e-06 
 3.07000000e+00  1.07513922e-06 
 3.08000000e+00  8.50019244e-07 
 3.09000000e+00  6.71668400e-07 
 3.10000000e+00  5.30480620e-07 
 3.11000000e+00  4.18790852e-07 
 3.12000000e+00  3.30492048e-07 
 3.13000000e+00  2.60725125e-07 
 3.14000000e+00  2.05628713e-07 
 3.15000000e+00  1.62137714e-07 
 3.16000000e+00  1.27821534e-07 
 3.17000000e+00  1.00754476e-07 
 3.18000000e+00  7.94120861e-08 
 3.19000000e+00  6.25884288e-08 
 3.20000000e+00  4.93301492e-08 
 3.21000000e+00  3.88840075e-08 
 3.22000000e+00  3.06551812e-08 
 3.23000000e+00  2.41741610e-08 
 3.24000000e+00  1.90705045e-08 
 3.25000000e+00  1.50520378e-08 
 3.26000000e+00  1.18883941e-08 
 3.27000000e+00  9.39798910e-09 
 3.28000000e+00  7.43772953e-09 
 3.29000000e+00  5.89487787e-09 
 3.30000000e+00  4.68063083e-09 
