 2.01488691e-03 -2.01488691e-05 
 6.28643669e-03  3.71356331e-05 
 1.04895332e-02  9.51046678e-05 
 1.46304013e-02  1.53695987e-04 
 1.87147185e-02  2.12852815e-04 
 2.27474039e-02  2.72525961e-04 
 2.67328051e-02  3.32671949e-04 
 3.06747792e-02  3.93252208e-04 
 3.45767598e-02  4.54232402e-04 
 3.84418135e-02  5.15581865e-04 
 4.22726878e-02  5.77273122e-04 
 4.60718522e-02  6.39281478e-04 
 4.98415328e-02  7.01584672e-04 
 5.35837418e-02  7.64162582e-04 
 5.73003035e-02  8.26996965e-04 
 6.09928758e-02  8.90071242e-04 
 6.46629695e-02  9.53370305e-04 
 6.83119644e-02  1.01688036e-03 
 7.19411236e-02  1.08058876e-03 
 7.55516064e-02  1.14448394e-03 
 7.91444784e-02  1.20855522e-03 
 8.27207216e-02  1.27279278e-03 
 8.62812425e-02  1.33718758e-03 
 8.98268794e-02  1.40173121e-03 
 9.33584094e-02  1.46641591e-03 
 9.68765534e-02  1.53123447e-03 
 1.00381982e-01  1.59618018e-03 
 1.03875319e-01  1.66124681e-03 
 1.07357148e-01  1.72642852e-03 
 1.10828012e-01  1.79171988e-03 
 1.14288419e-01  1.85711581e-03 
 1.17738847e-01  1.92261153e-03 
 1.21179743e-01  1.98820257e-03 
 1.24611526e-01  2.05388474e-03 
 1.28034591e-01  2.11965409e-03 
 1.31449311e-01  2.18550689e-03 
 1.34856034e-01  2.25143966e-03 
 1.38255093e-01  2.31744907e-03 
 1.41646799e-01  2.38353201e-03 
 1.45031448e-01  2.44968552e-03 
 1.48409319e-01  2.51590681e-03 
 1.51780678e-01  2.58219322e-03 
 1.55145776e-01  2.64854224e-03 
 1.58504852e-01  2.71495148e-03 
 1.61858132e-01  2.78141868e-03 
 1.65205833e-01  2.84794167e-03 
 1.68548159e-01  2.91451841e-03 
 1.71885307e-01  2.98114693e-03 
 1.75217464e-01  3.04782536e-03 
 1.78544807e-01  3.11455193e-03 
 1.81867507e-01  3.18132493e-03 
 1.85185727e-01  3.24814273e-03 
 1.88499622e-01  3.31500378e-03 
 1.91809341e-01  3.38190659e-03 
 1.95115027e-01  3.44884973e-03 
 1.98416818e-01  3.51583182e-03 
 2.01714844e-01  3.58285156e-03 
 2.05009233e-01  3.64990767e-03 
 2.08300104e-01  3.71699896e-03 
 2.11587574e-01  3.78412426e-03 
 2.14871757e-01  3.85128243e-03 
 2.18152759e-01  3.91847241e-03 
 2.21430685e-01  3.98569315e-03 
 2.24705636e-01  4.05294364e-03 
 2.27977707e-01  4.12022293e-03 
 2.31246992e-01  4.18753008e-03 
 2.34513582e-01  4.25486418e-03 
 2.37777564e-01  4.32222436e-03 
 2.41039021e-01  4.38960979e-03 
 2.44298036e-01  4.45701964e-03 
 2.47554687e-01  4.52445313e-03 
 2.50809052e-01  4.59190948e-03 
 2.54061203e-01  4.65938797e-03 
 2.57311214e-01  4.72688786e-03 
 2.60559153e-01  4.79440847e-03 
 2.63805089e-01  4.86194911e-03 
 2.67049088e-01  4.92950912e-03 
 2.70291212e-01  4.99708788e-03 
 2.73531526e-01  5.06468474e-03 
 2.76770089e-01  5.13229911e-03 
 2.80006961e-01  5.19993039e-03 
 2.83242198e-01  5.26757802e-03 
 2.86475857e-01  5.33524143e-03 
 2.89707993e-01  5.40292007e-03 
 2.92938659e-01  5.47061341e-03 
 2.96167907e-01  5.53832093e-03 
 2.99395789e-01  5.60604211e-03 
 3.02622353e-01  5.67377647e-03 
 3.05847649e-01  5.74152351e-03 
 3.09071725e-01  5.80928275e-03 
 3.12294626e-01  5.87705374e-03 
 3.15516400e-01  5.94483600e-03 
 3.18737091e-01  6.01262909e-03 
 3.21956743e-01  6.08043257e-03 
 3.25175399e-01  6.14824601e-03 
 3.28393101e-01  6.21606899e-03 
 3.31609893e-01  6.28390107e-03 
 3.34825814e-01  6.35174186e-03 
 3.38040905e-01  6.41959095e-03 
 3.41255207e-01  6.48744793e-03 
 3.44468757e-01  6.55531243e-03 
 3.47681596e-01  6.62318404e-03 
 3.50893761e-01  6.69106239e-03 
 3.54105290e-01  6.75894710e-03 
 3.57316220e-01  6.82683780e-03 
 3.60526588e-01  6.89473412e-03 
 3.63736431e-01  6.96263569e-03 
 3.66945783e-01  7.03054217e-03 
 3.70154683e-01  7.09845317e-03 
 3.73363163e-01  7.16636837e-03 
 3.76571260e-01  7.23428740e-03 
 3.79779009e-01  7.30220991e-03 
 3.82986444e-01  7.37013556e-03 
 3.86193599e-01  7.43806401e-03 
 3.89400508e-01  7.50599492e-03 
 3.92607206e-01  7.57392794e-03 
 3.95813726e-01  7.64186274e-03 
 3.99020102e-01  7.70979898e-03 
 4.02226368e-01  7.77773632e-03 
 4.05432556e-01  7.84567444e-03 
 4.08638701e-01  7.91361299e-03 
 4.11844835e-01  7.98155165e-03 
 4.15050993e-01  8.04949007e-03 
 4.18257207e-01  8.11742793e-03 
 4.21463511e-01  8.18536489e-03 
 4.24669938e-01  8.25330062e-03 
 4.27876522e-01  8.32123478e-03 
 4.31083296e-01  8.38916704e-03 
 4.34290294e-01  8.45709706e-03 
 4.37497549e-01  8.52502451e-03 
 4.40705097e-01  8.59294903e-03 
 4.43912970e-01  8.66087030e-03 
 4.47121204e-01  8.72878796e-03 
 4.50329833e-01  8.79670167e-03 
 4.53538891e-01  8.86461109e-03 
 4.56748414e-01  8.93251586e-03 
 4.59958437e-01  9.00041563e-03 
 4.63168996e-01  9.06831004e-03 
 4.66380126e-01  9.13619874e-03 
 4.69591866e-01  9.20408134e-03 
 4.72804250e-01  9.27195750e-03 
 4.76017317e-01  9.33982683e-03 
 4.79231103e-01  9.40768897e-03 
 4.82445649e-01  9.47554351e-03 
 4.85660991e-01  9.54339009e-03 
 4.88877169e-01  9.61122831e-03 
 4.92094224e-01  9.67905776e-03 
 4.95312194e-01  9.74687806e-03 
 4.98531123e-01  9.81468877e-03 
 5.01751051e-01  9.88248949e-03 
 5.04972020e-01  9.95027980e-03 
 5.08194074e-01  1.00180593e-02 
 5.11417257e-01  1.00858274e-02 
 5.14641614e-01  1.01535839e-02 
 5.17867190e-01  1.02213281e-02 
 5.21094032e-01  1.02890597e-02 
 5.24322187e-01  1.03567781e-02 
 5.27551704e-01  1.04244830e-02 
 5.30782632e-01  1.04921737e-02 
 5.34015023e-01  1.05598498e-02 
 5.37248927e-01  1.06275107e-02 
 5.40484398e-01  1.06951560e-02 
 5.43721490e-01  1.07627851e-02 
 5.46960259e-01  1.08303974e-02 
 5.50200762e-01  1.08979924e-02 
 5.53443056e-01  1.09655694e-02 
 5.56687203e-01  1.10331280e-02 
 5.59933263e-01  1.11006674e-02 
 5.63181300e-01  1.11681870e-02 
 5.66431379e-01  1.12356862e-02 
 5.69683566e-01  1.13031643e-02 
 5.72937930e-01  1.13706207e-02 
 5.76194542e-01  1.14380546e-02 
 5.79453475e-01  1.15054653e-02 
 5.82714803e-01  1.15728520e-02 
 5.85978605e-01  1.16402139e-02 
 5.89244960e-01  1.17075504e-02 
 5.92513949e-01  1.17748605e-02 
 5.95785660e-01  1.18421434e-02 
 5.99060178e-01  1.19093982e-02 
 6.02337595e-01  1.19766240e-02 
 6.05618006e-01  1.20438199e-02 
 6.08901507e-01  1.21109849e-02 
 6.12188199e-01  1.21781180e-02 
 6.15478187e-01  1.22452181e-02 
 6.18771578e-01  1.23122842e-02 
 6.22068485e-01  1.23793151e-02 
 6.25369025e-01  1.24463097e-02 
 6.28673319e-01  1.25132668e-02 
 6.31981491e-01  1.25801851e-02 
 6.35293675e-01  1.26470633e-02 
 6.38610004e-01  1.27139000e-02 
 6.41930622e-01  1.27806938e-02 
 6.45255675e-01  1.28474432e-02 
 6.48585318e-01  1.29141468e-02 
 6.51919712e-01  1.29808029e-02 
 6.55259024e-01  1.30474098e-02 
 6.58603429e-01  1.31139657e-02 
 6.61953111e-01  1.31804689e-02 
 6.65308261e-01  1.32469174e-02 
 6.68669079e-01  1.33133092e-02 
 6.72035777e-01  1.33796422e-02 
 6.75408574e-01  1.34459143e-02 
 6.78787703e-01  1.35121230e-02 
 6.82173405e-01  1.35782660e-02 
 6.85565936e-01  1.36443406e-02 
 6.88965565e-01  1.37103443e-02 
 6.92372575e-01  1.37762743e-02 
 6.95787263e-01  1.38421274e-02 
 6.99209945e-01  1.39079005e-02 
 7.02640952e-01  1.39735905e-02 
 7.06080635e-01  1.40391937e-02 
 7.09529365e-01  1.41047064e-02 
 7.12987534e-01  1.41701247e-02 
 7.16455560e-01  1.42354444e-02 
 7.19933883e-01  1.43006612e-02 
 7.23422974e-01  1.43657703e-02 
 7.26923331e-01  1.44307667e-02 
 7.30435486e-01  1.44956451e-02 
 7.33960005e-01  1.45604000e-02 
 7.37497492e-01  1.46250251e-02 
 7.41048594e-01  1.46895141e-02 
 7.44614000e-01  1.47538600e-02 
 7.48194452e-01  1.48180555e-02 
 7.51790744e-01  1.48820926e-02 
 7.55403729e-01  1.49459627e-02 
 7.59034325e-01  1.50096568e-02 
 7.62683522e-01  1.50731648e-02 
 7.66352387e-01  1.51364761e-02 
 7.70042075e-01  1.51995792e-02 
 7.73753836e-01  1.52624616e-02 
 7.77489026e-01  1.53251097e-02 
 7.81249118e-01  1.53875088e-02 
 7.85035715e-01  1.54496429e-02 
 7.88850566e-01  1.55114943e-02 
 7.92695581e-01  1.55730442e-02 
 7.96572852e-01  1.56342715e-02 
 8.00484673e-01  1.56951533e-02 
 8.04433563e-01  1.57556644e-02 
 8.08422299e-01  1.58157770e-02 
 8.12453944e-01  1.58754606e-02 
 8.16531882e-01  1.59346812e-02 
 8.20659864e-01  1.59934014e-02 
 8.24842050e-01  1.60515795e-02 
 8.29083066e-01  1.61091693e-02 
 8.33388061e-01  1.61661194e-02 
 8.37762777e-01  1.62223722e-02 
 8.42213618e-01  1.62778638e-02 
 8.46747739e-01  1.63325226e-02 
 8.51373125e-01  1.63862688e-02 
 8.56098688e-01  1.64390131e-02 
 8.60934351e-01  1.64906565e-02 
 8.65891136e-01  1.65410886e-02 
 8.70981217e-01  1.65901878e-02 
 8.76217954e-01  1.66378205e-02 
 8.81615859e-01  1.66838414e-02 
 8.87190474e-01  1.67280953e-02 
 8.92958125e-01  1.67704188e-02 
 8.98935508e-01  1.68106449e-02 
 9.05139075e-01  1.68486092e-02 
 9.11584192e-01  1.68841581e-02 
 9.18284103e-01  1.69171590e-02 
 9.25248767e-01  1.69475123e-02 
 9.32483719e-01  1.69751628e-02 
 9.39989161e-01  1.70001084e-02 
 9.47759488e-01  1.70224051e-02 
 9.55783401e-01  1.70421660e-02 
 9.64044641e-01  1.70595536e-02 
 9.72523201e-01  1.70747680e-02 
 9.81196800e-01  1.70880320e-02 
 9.90042347e-01  1.70995765e-02 
 9.99037195e-01  1.71096280e-02 
 1.00816007e+00  1.71183993e-02 
 1.01739163e+00  1.71260837e-02 
 1.02671475e+00  1.71328525e-02 
 1.03611457e+00  1.71388543e-02 
 1.04557838e+00  1.71442162e-02 
 1.05509539e+00  1.71490461e-02 
 1.06465659e+00  1.71534341e-02 
 1.07425440e+00  1.71574560e-02 
 1.08388256e+00  1.71611744e-02 
 1.09353585e+00  1.71646415e-02 
 1.10320994e+00  1.71679006e-02 
 1.11290126e+00  1.71709874e-02 
 1.12260684e+00  1.71739316e-02 
 1.13232423e+00  1.71767577e-02 
 1.14205141e+00  1.71794859e-02 
 1.15178669e+00  1.71821331e-02 
 1.16152869e+00  1.71847131e-02 
 1.17127625e+00  1.71872375e-02 
 1.18102842e+00  1.71897158e-02 
 1.19078442e+00  1.71921558e-02 
 1.20054358e+00  1.71945642e-02 
 1.21030537e+00  1.71969463e-02 
 1.22006934e+00  1.71993066e-02 
 1.22983512e+00  1.72016488e-02 
 1.23960239e+00  1.72039761e-02 
 1.24937090e+00  1.72062910e-02 
 1.25914044e+00  1.72085956e-02 
 1.26891084e+00  1.72108916e-02 
 1.27868194e+00  1.72131806e-02 
 1.28845363e+00  1.72154637e-02 
 1.29822581e+00  1.72177419e-02 
 1.30799839e+00  1.72200161e-02 
 1.31777131e+00  1.72222869e-02 
 1.32754450e+00  1.72245550e-02 
 1.33731792e+00  1.72268208e-02 
 1.34709154e+00  1.72290846e-02 
 1.35686531e+00  1.72313469e-02 
 1.36663922e+00  1.72336078e-02 
 1.37641323e+00  1.72358677e-02 
 1.38618734e+00  1.72381266e-02 
 1.39596152e+00  1.72403848e-02 
 1.40573576e+00  1.72426424e-02 
 1.41551006e+00  1.72448994e-02 
 1.42528439e+00  1.72471561e-02 
 1.43505876e+00  1.72494124e-02 
 1.44483317e+00  1.72516683e-02 
 1.45460759e+00  1.72539241e-02 
 1.46438204e+00  1.72561796e-02 
 1.47415650e+00  1.72584350e-02 
 1.48393098e+00  1.72606902e-02 
 1.49370547e+00  1.72629453e-02 
 1.50347996e+00  1.72652004e-02 
 1.51325447e+00  1.72674553e-02 
 1.52302898e+00  1.72697102e-02 
 1.53280350e+00  1.72719650e-02 
 1.54257802e+00  1.72742198e-02 
 1.55235255e+00  1.72764745e-02 
 1.56212708e+00  1.72787292e-02 
 1.57190161e+00  1.72809839e-02 
 1.58167615e+00  1.72832385e-02 
 1.59145068e+00  1.72854932e-02 
 1.60122522e+00  1.72877478e-02 
 1.61099976e+00  1.72900024e-02 
 1.62077430e+00  1.72922570e-02 
 1.63054884e+00  1.72945116e-02 
 1.64032338e+00  1.72967662e-02 
 1.65009792e+00  1.72990208e-02 
 1.65987247e+00  1.73012753e-02 
 1.66964701e+00  1.73035299e-02 
 1.67942155e+00  1.73057845e-02 
 1.68919610e+00  1.73080390e-02 
 1.69897064e+00  1.73102936e-02 
 1.70874518e+00  1.73125482e-02 
 1.71851973e+00  1.73148027e-02 
 1.72829427e+00  1.73170573e-02 
 1.73806881e+00  1.73193119e-02 
 1.74784336e+00  1.73215664e-02 
 1.75761790e+00  1.73238210e-02 
 1.76739245e+00  1.73260755e-02 
 1.77716699e+00  1.73283301e-02 
 1.78694154e+00  1.73305846e-02 
 1.79671608e+00  1.73328392e-02 
 1.80649062e+00  1.73350938e-02 
 1.81626517e+00  1.73373483e-02 
 1.82603971e+00  1.73396029e-02 
 1.83581426e+00  1.73418574e-02 
 1.84558880e+00  1.73441120e-02 
 1.85536335e+00  1.73463665e-02 
 1.86513789e+00  1.73486211e-02 
 1.87491244e+00  1.73508756e-02 
 1.88468698e+00  1.73531302e-02 
 1.89446152e+00  1.73553848e-02 
 1.90423607e+00  1.73576393e-02 
 1.91401061e+00  1.73598939e-02 
 1.92378516e+00  1.73621484e-02 
 1.93355970e+00  1.73644030e-02 
 1.94333425e+00  1.73666575e-02 
 1.95310879e+00  1.73689121e-02 
 1.96288334e+00  1.73711666e-02 
 1.97265788e+00  1.73734212e-02 
 1.98243243e+00  1.73756757e-02 
 1.99220697e+00  1.73779303e-02 
 2.00198152e+00  1.73801848e-02 
 2.01175606e+00  1.73824394e-02 
 2.02153060e+00  1.73846940e-02 
 2.03130515e+00  1.73869485e-02 
 2.04107969e+00  1.73892031e-02 
 2.05085424e+00  1.73914576e-02 
 2.06062878e+00  1.73937122e-02 
 2.07040333e+00  1.73959667e-02 
 2.08017787e+00  1.73982213e-02 
 2.08995242e+00  1.74004758e-02 
 2.09972696e+00  1.74027304e-02 
 2.10950151e+00  1.74049849e-02 
 2.11927605e+00  1.74072395e-02 
 2.12905059e+00  1.74094941e-02 
 2.13882514e+00  1.74117486e-02 
 2.14859968e+00  1.74140032e-02 
 2.15837423e+00  1.74162577e-02 
 2.16814877e+00  1.74185123e-02 
 2.17792332e+00  1.74207668e-02 
 2.18769786e+00  1.74230214e-02 
 2.19747241e+00  1.74252759e-02 
 2.20724695e+00  1.74275305e-02 
 2.21702150e+00  1.74297850e-02 
 2.22679604e+00  1.74320396e-02 
 2.23657059e+00  1.74342941e-02 
 2.24634513e+00  1.74365487e-02 
 2.25611967e+00  1.74388033e-02 
 2.26589422e+00  1.74410578e-02 
 2.27566876e+00  1.74433124e-02 
 2.28544331e+00  1.74455669e-02 
 2.29521785e+00  1.74478215e-02 
 2.30499240e+00  1.74500760e-02 
 2.31476694e+00  1.74523306e-02 
 2.32454149e+00  1.74545851e-02 
 2.33431603e+00  1.74568397e-02 
 2.34409058e+00  1.74590942e-02 
 2.35386512e+00  1.74613488e-02 
 2.36363967e+00  1.74636033e-02 
 2.37341421e+00  1.74658579e-02 
 2.38318876e+00  1.74681124e-02 
 2.39296330e+00  1.74703670e-02 
 2.40273784e+00  1.74726216e-02 
 2.41251239e+00  1.74748761e-02 
 2.42228693e+00  1.74771307e-02 
 2.43206148e+00  1.74793852e-02 
 2.44183602e+00  1.74816398e-02 
 2.45161057e+00  1.74838943e-02 
 2.46138511e+00  1.74861489e-02 
 2.47115966e+00  1.74884034e-02 
 2.48093420e+00  1.74906580e-02 
 2.49070875e+00  1.74929125e-02 
 2.50048329e+00  1.74951671e-02 
 2.51025784e+00  1.74974216e-02 
 2.52003238e+00  1.74996762e-02 
 2.52980692e+00  1.75019308e-02 
 2.53958147e+00  1.75041853e-02 
 2.54935601e+00  1.75064399e-02 
 2.55913056e+00  1.75086944e-02 
 2.56890510e+00  1.75109490e-02 
 2.57867965e+00  1.75132035e-02 
 2.58845419e+00  1.75154581e-02 
 2.59822874e+00  1.75177126e-02 
 2.60800328e+00  1.75199672e-02 
 2.61777783e+00  1.75222217e-02 
 2.62755237e+00  1.75244763e-02 
 2.63732692e+00  1.75267308e-02 
 2.64710146e+00  1.75289854e-02 
 2.65687600e+00  1.75312400e-02 
 2.66665055e+00  1.75334945e-02 
 2.67642509e+00  1.75357491e-02 
 2.68619964e+00  1.75380036e-02 
 2.69597418e+00  1.75402582e-02 
 2.70574873e+00  1.75425127e-02 
 2.71552327e+00  1.75447673e-02 
 2.72529782e+00  1.75470218e-02 
 2.73507236e+00  1.75492764e-02 
 2.74484691e+00  1.75515309e-02 
 2.75462145e+00  1.75537855e-02 
 2.76439600e+00  1.75560400e-02 
 2.77417054e+00  1.75582946e-02 
 2.78394508e+00  1.75605492e-02 
 2.79371963e+00  1.75628037e-02 
 2.80349417e+00  1.75650583e-02 
 2.81326872e+00  1.75673128e-02 
 2.82304326e+00  1.75695674e-02 
 2.83281781e+00  1.75718219e-02 
 2.84259235e+00  1.75740765e-02 
 2.85236690e+00  1.75763310e-02 
 2.86214144e+00  1.75785856e-02 
 2.87191599e+00  1.75808401e-02 
 2.88169053e+00  1.75830947e-02 
 2.89146508e+00  1.75853492e-02 
 2.90123962e+00  1.75876038e-02 
 2.91101416e+00  1.75898584e-02 
 2.92078871e+00  1.75921129e-02 
 2.93056325e+00  1.75943675e-02 
 2.94033780e+00  1.75966220e-02 
 2.95011234e+00  1.75988766e-02 
 2.95988689e+00  1.76011311e-02 
 2.96966143e+00  1.76033857e-02 
 2.97943598e+00  1.76056402e-02 
 2.98921052e+00  1.76078948e-02 
 2.99898507e+00  1.76101493e-02 
 3.00875961e+00  1.76124039e-02 
 3.01853416e+00  1.76146584e-02 
 3.02830870e+00  1.76169130e-02 
 3.03808324e+00  1.76191676e-02 
 3.04785779e+00  1.76214221e-02 
 3.05763233e+00  1.76236767e-02 
 3.06740688e+00  1.76259312e-02 
 3.07718142e+00  1.76281858e-02 
 3.08695597e+00  1.76304403e-02 
 3.09673051e+00  1.76326949e-02 
 3.10650506e+00  1.76349494e-02 
 3.11627960e+00  1.76372040e-02 
 3.12605415e+00  1.76394585e-02 
 3.13582869e+00  1.76417131e-02 
 3.14560324e+00  1.76439676e-02 
 3.15537778e+00  1.76462222e-02 
 3.16515233e+00  1.76484767e-02 
 3.17492687e+00  1.76507313e-02 
 3.18470141e+00  1.76529859e-02 
 3.19447596e+00  1.76552404e-02 
 3.20425050e+00  1.76574950e-02 
 3.21402505e+00  1.76597495e-02 
 3.22379959e+00  1.76620041e-02 
 3.23357414e+00  1.76642586e-02 
 3.24334868e+00  1.76665132e-02 
 3.25312323e+00  1.76687677e-02 
 3.26289777e+00  1.76710223e-02 
 3.27267232e+00  1.76732768e-02 
 3.28244686e+00  1.76755314e-02 
 3.29222141e+00  1.76777859e-02 
 3.30199595e+00  1.76800405e-02 
 3.31177049e+00  1.76822951e-02 
 3.32154504e+00  1.76845496e-02 
 3.33131958e+00  1.76868042e-02 
 3.34109413e+00  1.76890587e-02 
 3.35086867e+00  1.76913133e-02 
 3.36064322e+00  1.76935678e-02 
 3.37041776e+00  1.76958224e-02 
 3.38019231e+00  1.76980769e-02 
 3.38996685e+00  1.77003315e-02 
 3.39974140e+00  1.77025860e-02 
 3.40951594e+00  1.77048406e-02 
 3.41929049e+00  1.77070951e-02 
 3.42906503e+00  1.77093497e-02 
 3.43883957e+00  1.77116043e-02 
 3.44861412e+00  1.77138588e-02 
 3.45838866e+00  1.77161134e-02 
 3.46816321e+00  1.77183679e-02 
 3.47793775e+00  1.77206225e-02 
 3.48771230e+00  1.77228770e-02 
 3.49748684e+00  1.77251316e-02 
 3.50726139e+00  1.77273861e-02 
 3.51703593e+00  1.77296407e-02 
 3.52681048e+00  1.77318952e-02 
 3.53658502e+00  1.77341498e-02 
 3.54635957e+00  1.77364043e-02 
 3.55613411e+00  1.77386589e-02 
 3.56590865e+00  1.77409135e-02 
 3.57568320e+00  1.77431680e-02 
 3.58545774e+00  1.77454226e-02 
 3.59523229e+00  1.77476771e-02 
 3.60500683e+00  1.77499317e-02 
 3.61478138e+00  1.77521862e-02 
 3.62455592e+00  1.77544408e-02 
 3.63433047e+00  1.77566953e-02 
 3.64410501e+00  1.77589499e-02 
 3.65387956e+00  1.77612044e-02 
 3.66365410e+00  1.77634590e-02 
 3.67342865e+00  1.77657135e-02 
 3.68320319e+00  1.77679681e-02 
 3.69297773e+00  1.77702227e-02 
 3.70275228e+00  1.77724772e-02 
 3.71252682e+00  1.77747318e-02 
 3.72230137e+00  1.77769863e-02 
 3.73207591e+00  1.77792409e-02 
 3.74185046e+00  1.77814954e-02 
 3.75162500e+00  1.77837500e-02 
 3.76139955e+00  1.77860045e-02 
 3.77117409e+00  1.77882591e-02 
 3.78094864e+00  1.77905136e-02 
 3.79072318e+00  1.77927682e-02 
 3.80049773e+00  1.77950227e-02 
 3.81027227e+00  1.77972773e-02 
 3.82004681e+00  1.77995319e-02 
 3.82982136e+00  1.78017864e-02 
 3.83959590e+00  1.78040410e-02 
 3.84937045e+00  1.78062955e-02 
 3.85914499e+00  1.78085501e-02 
 3.86891954e+00  1.78108046e-02 
 3.87869408e+00  1.78130592e-02 
 3.88846863e+00  1.78153137e-02 
 3.89824317e+00  1.78175683e-02 
 3.90801772e+00  1.78198228e-02 
 3.91779226e+00  1.78220774e-02 
 3.92756681e+00  1.78243319e-02 
 3.93734135e+00  1.78265865e-02 
 3.94711589e+00  1.78288411e-02 
 3.95689044e+00  1.78310956e-02 
 3.96666498e+00  1.78333502e-02 
 3.97643953e+00  1.78356047e-02 
 3.98621407e+00  1.78378593e-02 
 3.99598862e+00  1.78401138e-02 
 4.00576316e+00  1.78423684e-02 
 4.01553771e+00  1.78446229e-02 
 4.02531225e+00  1.78468775e-02 
 4.03508680e+00  1.78491320e-02 
 4.04486134e+00  1.78513866e-02 
 4.05463589e+00  1.78536411e-02 
 4.06441043e+00  1.78558957e-02 
 4.07418497e+00  1.78581503e-02 
 4.08395952e+00  1.78604048e-02 
 4.09373406e+00  1.78626594e-02 
 4.10350861e+00  1.78649139e-02 
 4.11328315e+00  1.78671685e-02 
 4.12305770e+00  1.78694230e-02 
 4.13283224e+00  1.78716776e-02 
 4.14260679e+00  1.78739321e-02 
 4.15238133e+00  1.78761867e-02 
 4.16215588e+00  1.78784412e-02 
 4.17193042e+00  1.78806958e-02 
 4.18170497e+00  1.78829503e-02 
 4.19147951e+00  1.78852049e-02 
 4.20125406e+00  1.78874594e-02 
 4.21102860e+00  1.78897140e-02 
 4.22080314e+00  1.78919686e-02 
 4.23057769e+00  1.78942231e-02 
 4.24035223e+00  1.78964777e-02 
 4.25012678e+00  1.78987322e-02 
 4.25990132e+00  1.79009868e-02 
 4.26967587e+00  1.79032413e-02 
 4.27945041e+00  1.79054959e-02 
 4.28922496e+00  1.79077504e-02 
 4.29899950e+00  1.79100050e-02 
 4.30877405e+00  1.79122595e-02 
 4.31854859e+00  1.79145141e-02 
 4.32832314e+00  1.79167686e-02 
 4.33809768e+00  1.79190232e-02 
 4.34787222e+00  1.79212778e-02 
 4.35764677e+00  1.79235323e-02 
 4.36742131e+00  1.79257869e-02 
 4.37719586e+00  1.79280414e-02 
 4.38697040e+00  1.79302960e-02 
 4.39674495e+00  1.79325505e-02 
 4.40651949e+00  1.79348051e-02 
 4.41629404e+00  1.79370596e-02 
 4.42606858e+00  1.79393142e-02 
 4.43584313e+00  1.79415687e-02 
 4.44561767e+00  1.79438233e-02 
 4.45539222e+00  1.79460778e-02 
 4.46516676e+00  1.79483324e-02 
 4.47494130e+00  1.79505870e-02 
 4.48471585e+00  1.79528415e-02 
 4.49449039e+00  1.79550961e-02 
 4.50426494e+00  1.79573506e-02 
 4.51403948e+00  1.79596052e-02 
 4.52381403e+00  1.79618597e-02 
 4.53358857e+00  1.79641143e-02 
 4.54336312e+00  1.79663688e-02 
 4.55313766e+00  1.79686234e-02 
 4.56291221e+00  1.79708779e-02 
 4.57268675e+00  1.79731325e-02 
 4.58246130e+00  1.79753870e-02 
 4.59223584e+00  1.79776416e-02 
 4.60201038e+00  1.79798962e-02 
 4.61178493e+00  1.79821507e-02 
 4.62155947e+00  1.79844053e-02 
 4.63133402e+00  1.79866598e-02 
 4.64110856e+00  1.79889144e-02 
 4.65088311e+00  1.79911689e-02 
 4.66065765e+00  1.79934235e-02 
 4.67043220e+00  1.79956780e-02 
 4.68020674e+00  1.79979326e-02 
 4.68998129e+00  1.80001871e-02 
 4.69975583e+00  1.80024417e-02 
 4.70953038e+00  1.80046962e-02 
 4.71930492e+00  1.80069508e-02 
 4.72907946e+00  1.80092054e-02 
 4.73885401e+00  1.80114599e-02 
 4.74862855e+00  1.80137145e-02 
 4.75840310e+00  1.80159690e-02 
 4.76817764e+00  1.80182236e-02 
 4.77795219e+00  1.80204781e-02 
 4.78772673e+00  1.80227327e-02 
 4.79750128e+00  1.80249872e-02 
 4.80727582e+00  1.80272418e-02 
 4.81705037e+00  1.80294963e-02 
 4.82682491e+00  1.80317509e-02 
 4.83659946e+00  1.80340054e-02 
 4.84637400e+00  1.80362600e-02 
 4.85614854e+00  1.80385146e-02 
 4.86592309e+00  1.80407691e-02 
 4.87569763e+00  1.80430237e-02 
 4.88547218e+00  1.80452782e-02 
 4.89524672e+00  1.80475328e-02 
 4.90502127e+00  1.80497873e-02 
 4.91479581e+00  1.80520419e-02 
 4.92457036e+00  1.80542964e-02 
 4.93434490e+00  1.80565510e-02 
 4.94411945e+00  1.80588055e-02 
 4.95389399e+00  1.80610601e-02 
 4.96366854e+00  1.80633146e-02 
 4.97344308e+00  1.80655692e-02 
 4.98321762e+00  1.80678238e-02 
 4.99299217e+00  1.80700783e-02 
 5.00276671e+00  1.80723329e-02 
 5.01254126e+00  1.80745874e-02 
 5.02231580e+00  1.80768420e-02 
 5.03209035e+00  1.80790965e-02 
 5.04186489e+00  1.80813511e-02 
 5.05163944e+00  1.80836056e-02 
 5.06141398e+00  1.80858602e-02 
 5.07118853e+00  1.80881147e-02 
 5.08096307e+00  1.80903693e-02 
 5.09073762e+00  1.80926238e-02 
 5.10051216e+00  1.80948784e-02 
 5.11028670e+00  1.80971330e-02 
 5.12006125e+00  1.80993875e-02 
 5.12983579e+00  1.81016421e-02 
 5.13961034e+00  1.81038966e-02 
 5.14938488e+00  1.81061512e-02 
 5.15915943e+00  1.81084057e-02 
 5.16893397e+00  1.81106603e-02 
 5.17870852e+00  1.81129148e-02 
 5.18848306e+00  1.81151694e-02 
 5.19825761e+00  1.81174239e-02 
 5.20803215e+00  1.81196785e-02 
 5.21780670e+00  1.81219330e-02 
 5.22758124e+00  1.81241876e-02 
 5.23735578e+00  1.81264422e-02 
 5.24713033e+00  1.81286967e-02 
 5.25690487e+00  1.81309513e-02 
 5.26667942e+00  1.81332058e-02 
 5.27645396e+00  1.81354604e-02 
 5.28622851e+00  1.81377149e-02 
 5.29600305e+00  1.81399695e-02 
 5.30577760e+00  1.81422240e-02 
 5.31555214e+00  1.81444786e-02 
 5.32532669e+00  1.81467331e-02 
 5.33510123e+00  1.81489877e-02 
 5.34487578e+00  1.81512422e-02 
 5.35465032e+00  1.81534968e-02 
 5.36442486e+00  1.81557514e-02 
 5.37419941e+00  1.81580059e-02 
 5.38397395e+00  1.81602605e-02 
 5.39374850e+00  1.81625150e-02 
 5.40352304e+00  1.81647696e-02 
 5.41329759e+00  1.81670241e-02 
 5.42307213e+00  1.81692787e-02 
 5.43284668e+00  1.81715332e-02 
 5.44262122e+00  1.81737878e-02 
 5.45239577e+00  1.81760423e-02 
 5.46217031e+00  1.81782969e-02 
 5.47194486e+00  1.81805514e-02 
 5.48171940e+00  1.81828060e-02 
 5.49149394e+00  1.81850606e-02 
 5.50126849e+00  1.81873151e-02 
 5.51104303e+00  1.81895697e-02 
 5.52081758e+00  1.81918242e-02 
 5.53059212e+00  1.81940788e-02 
 5.54036667e+00  1.81963333e-02 
 5.55014121e+00  1.81985879e-02 
 5.55991576e+00  1.82008424e-02 
 5.56969030e+00  1.82030970e-02 
 5.57946485e+00  1.82053515e-02 
 5.58923939e+00  1.82076061e-02 
 5.59901394e+00  1.82098606e-02 
 5.60878848e+00  1.82121152e-02 
 5.61856302e+00  1.82143698e-02 
 5.62833757e+00  1.82166243e-02 
 5.63811211e+00  1.82188789e-02 
 5.64788666e+00  1.82211334e-02 
 5.65766120e+00  1.82233880e-02 
 5.66743575e+00  1.82256425e-02 
 5.67721029e+00  1.82278971e-02 
 5.68698484e+00  1.82301516e-02 
 5.69675938e+00  1.82324062e-02 
 5.70653393e+00  1.82346607e-02 
 5.71630847e+00  1.82369153e-02 
 5.72608302e+00  1.82391698e-02 
 5.73585756e+00  1.82414244e-02 
 5.74563210e+00  1.82436790e-02 
 5.75540665e+00  1.82459335e-02 
 5.76518119e+00  1.82481881e-02 
 5.77495574e+00  1.82504426e-02 
 5.78473028e+00  1.82526972e-02 
 5.79450483e+00  1.82549517e-02 
 5.80427937e+00  1.82572063e-02 
 5.81405392e+00  1.82594608e-02 
 5.82382846e+00  1.82617154e-02 
 5.83360301e+00  1.82639699e-02 
 5.84337755e+00  1.82662245e-02 
 5.85315210e+00  1.82684790e-02 
 5.86292664e+00  1.82707336e-02 
 5.87270118e+00  1.82729882e-02 
 5.88247573e+00  1.82752427e-02 
 5.89225027e+00  1.82774973e-02 
 5.90202482e+00  1.82797518e-02 
 5.91179936e+00  1.82820064e-02 
 5.92157391e+00  1.82842609e-02 
 5.93134845e+00  1.82865155e-02 
 5.94112300e+00  1.82887700e-02 
 5.95089754e+00  1.82910246e-02 
 5.96067209e+00  1.82932791e-02 
 5.97044663e+00  1.82955337e-02 
 5.98022118e+00  1.82977882e-02 
 5.98999572e+00  1.83000428e-02 
 5.99977026e+00  1.83022974e-02 
 6.00954481e+00  1.83045519e-02 
 6.01931935e+00  1.83068065e-02 
 6.02909390e+00  1.83090610e-02 
 6.03886844e+00  1.83113156e-02 
 6.04864299e+00  1.83135701e-02 
 6.05841753e+00  1.83158247e-02 
 6.06819208e+00  1.83180792e-02 
 6.07796662e+00  1.83203338e-02 
 6.08774117e+00  1.83225883e-02 
 6.09751571e+00  1.83248429e-02 
 6.10729026e+00  1.83270974e-02 
 6.11706480e+00  1.83293520e-02 
 6.12683934e+00  1.83316066e-02 
 6.13661389e+00  1.83338611e-02 
 6.14638843e+00  1.83361157e-02 
 6.15616298e+00  1.83383702e-02 
 6.16593752e+00  1.83406248e-02 
 6.17571207e+00  1.83428793e-02 
 6.18548661e+00  1.83451339e-02 
 6.19526116e+00  1.83473884e-02 
 6.20503570e+00  1.83496430e-02 
 6.21481025e+00  1.83518975e-02 
 6.22458479e+00  1.83541521e-02 
 6.23435934e+00  1.83564066e-02 
 6.24413388e+00  1.83586612e-02 
 6.25390842e+00  1.83609158e-02 
 6.26368297e+00  1.83631703e-02 
 6.27345751e+00  1.83654249e-02 
 6.28323206e+00  1.83676794e-02 
 6.29300660e+00  1.83699340e-02 
 6.30278115e+00  1.83721885e-02 
 6.31255569e+00  1.83744431e-02 
 6.32233024e+00  1.83766976e-02 
 6.33210478e+00  1.83789522e-02 
 6.34187933e+00  1.83812067e-02 
 6.35165387e+00  1.83834613e-02 
 6.36142842e+00  1.83857158e-02 
 6.37120296e+00  1.83879704e-02 
 6.38097750e+00  1.83902250e-02 
 6.39075205e+00  1.83924795e-02 
 6.40052659e+00  1.83947341e-02 
 6.41030114e+00  1.83969886e-02 
 6.42007568e+00  1.83992432e-02 
 6.42985023e+00  1.84014977e-02 
 6.43962477e+00  1.84037523e-02 
 6.44939932e+00  1.84060068e-02 
 6.45917386e+00  1.84082614e-02 
 6.46894841e+00  1.84105159e-02 
 6.47872295e+00  1.84127705e-02 
 6.48849750e+00  1.84150250e-02 
 6.49827204e+00  1.84172796e-02 
 6.50804658e+00  1.84195342e-02 
 6.51782113e+00  1.84217887e-02 
 6.52759567e+00  1.84240433e-02 
 6.53737022e+00  1.84262978e-02 
 6.54714476e+00  1.84285524e-02 
 6.55691931e+00  1.84308069e-02 
 6.56669385e+00  1.84330615e-02 
 6.57646840e+00  1.84353160e-02 
 6.58624294e+00  1.84375706e-02 
 6.59601749e+00  1.84398251e-02 
 6.60579203e+00  1.84420797e-02 
 6.61556658e+00  1.84443342e-02 
 6.62534112e+00  1.84465888e-02 
 6.63511566e+00  1.84488434e-02 
 6.64489021e+00  1.84510979e-02 
 6.65466475e+00  1.84533525e-02 
 6.66443930e+00  1.84556070e-02 
 6.67421384e+00  1.84578616e-02 
 6.68398839e+00  1.84601161e-02 
 6.69376293e+00  1.84623707e-02 
 6.70353748e+00  1.84646252e-02 
 6.71331202e+00  1.84668798e-02 
 6.72308657e+00  1.84691343e-02 
 6.73286111e+00  1.84713889e-02 
 6.74263566e+00  1.84736434e-02 
 6.75241020e+00  1.84758980e-02 
 6.76218474e+00  1.84781526e-02 
 6.77195929e+00  1.84804071e-02 
 6.78173383e+00  1.84826617e-02 
 6.79150838e+00  1.84849162e-02 
 6.80128292e+00  1.84871708e-02 
 6.81105747e+00  1.84894253e-02 
 6.82083201e+00  1.84916799e-02 
 6.83060656e+00  1.84939344e-02 
 6.84038110e+00  1.84961890e-02 
 6.85015565e+00  1.84984435e-02 
 6.85993019e+00  1.85006981e-02 
 6.86970474e+00  1.85029526e-02 
 6.87947928e+00  1.85052072e-02 
 6.88925382e+00  1.85074618e-02 
 6.89902837e+00  1.85097163e-02 
 6.90880291e+00  1.85119709e-02 
 6.91857746e+00  1.85142254e-02 
 6.92835200e+00  1.85164800e-02 
 6.93812655e+00  1.85187345e-02 
 6.94790109e+00  1.85209891e-02 
 6.95767564e+00  1.85232436e-02 
 6.96745018e+00  1.85254982e-02 
 6.97722473e+00  1.85277527e-02 
 6.98699927e+00  1.85300073e-02 
 6.99677382e+00  1.85322618e-02 
 7.00654836e+00  1.85345164e-02 
 7.01632290e+00  1.85367710e-02 
 7.02609745e+00  1.85390255e-02 
 7.03587199e+00  1.85412801e-02 
 7.04564654e+00  1.85435346e-02 
 7.05542108e+00  1.85457892e-02 
 7.06519563e+00  1.85480437e-02 
 7.07497017e+00  1.85502983e-02 
 7.08474472e+00  1.85525528e-02 
 7.09451926e+00  1.85548074e-02 
 7.10429381e+00  1.85570619e-02 
 7.11406835e+00  1.85593165e-02 
 7.12384290e+00  1.85615710e-02 
 7.13361744e+00  1.85638256e-02 
 7.14339198e+00  1.85660802e-02 
 7.15316653e+00  1.85683347e-02 
 7.16294107e+00  1.85705893e-02 
 7.17271562e+00  1.85728438e-02 
 7.18249016e+00  1.85750984e-02 
 7.19226471e+00  1.85773529e-02 
 7.20203925e+00  1.85796075e-02 
 7.21181380e+00  1.85818620e-02 
 7.22158834e+00  1.85841166e-02 
 7.23136289e+00  1.85863711e-02 
 7.24113743e+00  1.85886257e-02 
 7.25091198e+00  1.85908802e-02 
 7.26068652e+00  1.85931348e-02 
 7.27046106e+00  1.85953894e-02 
 7.28023561e+00  1.85976439e-02 
 7.29001015e+00  1.85998985e-02 
 7.29978470e+00  1.86021530e-02 
 7.30955924e+00  1.86044076e-02 
 7.31933379e+00  1.86066621e-02 
 7.32910833e+00  1.86089167e-02 
 7.33888288e+00  1.86111712e-02 
 7.34865742e+00  1.86134258e-02 
 7.35843197e+00  1.86156803e-02 
 7.36820651e+00  1.86179349e-02 
 7.37798106e+00  1.86201894e-02 
 7.38775560e+00  1.86224440e-02 
 7.39753014e+00  1.86246986e-02 
 7.40730469e+00  1.86269531e-02 
 7.41707923e+00  1.86292077e-02 
 7.42685378e+00  1.86314622e-02 
 7.43662832e+00  1.86337168e-02 
 7.44640287e+00  1.86359713e-02 
 7.45617741e+00  1.86382259e-02 
 7.46595196e+00  1.86404804e-02 
 7.47572650e+00  1.86427350e-02 
 7.48550105e+00  1.86449895e-02 
 7.49527559e+00  1.86472441e-02 
 7.50505014e+00  1.86494986e-02 
 7.51482468e+00  1.86517532e-02 
 7.52459922e+00  1.86540078e-02 
 7.53437377e+00  1.86562623e-02 
 7.54414831e+00  1.86585169e-02 
 7.55392286e+00  1.86607714e-02 
 7.56369740e+00  1.86630260e-02 
 7.57347195e+00  1.86652805e-02 
 7.58324649e+00  1.86675351e-02 
 7.59302104e+00  1.86697896e-02 
 7.60279558e+00  1.86720442e-02 
 7.61257013e+00  1.86742987e-02 
 7.62234467e+00  1.86765533e-02 
 7.63211921e+00  1.86788079e-02 
 7.64189376e+00  1.86810624e-02 
 7.65166830e+00  1.86833170e-02 
 7.66144285e+00  1.86855715e-02 
 7.67121739e+00  1.86878261e-02 
 7.68099194e+00  1.86900806e-02 
 7.69076648e+00  1.86923352e-02 
 7.70054103e+00  1.86945897e-02 
 7.71031557e+00  1.86968443e-02 
 7.72009012e+00  1.86990988e-02 
 7.72986466e+00  1.87013534e-02 
 7.73963921e+00  1.87036079e-02 
 7.74941375e+00  1.87058625e-02 
 7.75918829e+00  1.87081171e-02 
 7.76896284e+00  1.87103716e-02 
 7.77873738e+00  1.87126262e-02 
 7.78851193e+00  1.87148807e-02 
 7.79828647e+00  1.87171353e-02 
 7.80806102e+00  1.87193898e-02 
 7.81783556e+00  1.87216444e-02 
 7.82761011e+00  1.87238989e-02 
 7.83738465e+00  1.87261535e-02 
 7.84715920e+00  1.87284080e-02 
 7.85693374e+00  1.87306626e-02 
 7.86670829e+00  1.87329171e-02 
 7.87648283e+00  1.87351717e-02 
 7.88625737e+00  1.87374263e-02 
 7.89603192e+00  1.87396808e-02 
 7.90580646e+00  1.87419354e-02 
 7.91558101e+00  1.87441899e-02 
 7.92535555e+00  1.87464445e-02 
 7.93513010e+00  1.87486990e-02 
 7.94490464e+00  1.87509536e-02 
 7.95467919e+00  1.87532081e-02 
 7.96445373e+00  1.87554627e-02 
 7.97422828e+00  1.87577172e-02 
 7.98400282e+00  1.87599718e-02 
 7.99377737e+00  1.87622263e-02 
 8.00355191e+00  1.87644809e-02 
 8.01332645e+00  1.87667355e-02 
 8.02310100e+00  1.87689900e-02 
 8.03287554e+00  1.87712446e-02 
 8.04265009e+00  1.87734991e-02 
 8.05242463e+00  1.87757537e-02 
 8.06219918e+00  1.87780082e-02 
 8.07197372e+00  1.87802628e-02 
 8.08174827e+00  1.87825173e-02 
 8.09152281e+00  1.87847719e-02 
 8.10129736e+00  1.87870264e-02 
 8.11107190e+00  1.87892810e-02 
 8.12084645e+00  1.87915355e-02 
 8.13062099e+00  1.87937901e-02 
 8.14039553e+00  1.87960447e-02 
 8.15017008e+00  1.87982992e-02 
 8.15994462e+00  1.88005538e-02 
 8.16971917e+00  1.88028083e-02 
 8.17949371e+00  1.88050629e-02 
 8.18926826e+00  1.88073174e-02 
 8.19904280e+00  1.88095720e-02 
 8.20881735e+00  1.88118265e-02 
 8.21859189e+00  1.88140811e-02 
 8.22836644e+00  1.88163356e-02 
 8.23814098e+00  1.88185902e-02 
 8.24791553e+00  1.88208447e-02 
 8.25769007e+00  1.88230993e-02 
 8.26746461e+00  1.88253539e-02 
 8.27723916e+00  1.88276084e-02 
 8.28701370e+00  1.88298630e-02 
 8.29678825e+00  1.88321175e-02 
 8.30656279e+00  1.88343721e-02 
 8.31633734e+00  1.88366266e-02 
 8.32611188e+00  1.88388812e-02 
 8.33588643e+00  1.88411357e-02 
 8.34566097e+00  1.88433903e-02 
 8.35543552e+00  1.88456448e-02 
 8.36521006e+00  1.88478994e-02 
 8.37498461e+00  1.88501539e-02 
 8.38475915e+00  1.88524085e-02 
 8.39453369e+00  1.88546631e-02 
 8.40430824e+00  1.88569176e-02 
 8.41408278e+00  1.88591722e-02 
 8.42385733e+00  1.88614267e-02 
 8.43363187e+00  1.88636813e-02 
 8.44340642e+00  1.88659358e-02 
 8.45318096e+00  1.88681904e-02 
 8.46295551e+00  1.88704449e-02 
 8.47273005e+00  1.88726995e-02 
 8.48250460e+00  1.88749540e-02 
 8.49227914e+00  1.88772086e-02 
 8.50205369e+00  1.88794631e-02 
 8.51182823e+00  1.88817177e-02 
 8.52160277e+00  1.88839723e-02 
 8.53137732e+00  1.88862268e-02 
 8.54115186e+00  1.88884814e-02 
 8.55092641e+00  1.88907359e-02 
 8.56070095e+00  1.88929905e-02 
 8.57047550e+00  1.88952450e-02 
 8.58025004e+00  1.88974996e-02 
 8.59002459e+00  1.88997541e-02 
 8.59979913e+00  1.89020087e-02 
 8.60957368e+00  1.89042632e-02 
 8.61934822e+00  1.89065178e-02 
 8.62912276e+00  1.89087724e-02 
 8.63889731e+00  1.89110269e-02 
 8.64867185e+00  1.89132815e-02 
 8.65844640e+00  1.89155360e-02 
 8.66822094e+00  1.89177906e-02 
 8.67799549e+00  1.89200451e-02 
 8.68777003e+00  1.89222997e-02 
 8.69754458e+00  1.89245542e-02 
 8.70731912e+00  1.89268088e-02 
 8.71709367e+00  1.89290633e-02 
 8.72686821e+00  1.89313179e-02 
 8.73664276e+00  1.89335724e-02 
 8.74641730e+00  1.89358270e-02 
 8.75619184e+00  1.89380816e-02 
 8.76596639e+00  1.89403361e-02 
 8.77574093e+00  1.89425907e-02 
 8.78551548e+00  1.89448452e-02 
 8.79529002e+00  1.89470998e-02 
 8.80506457e+00  1.89493543e-02 
 8.81483911e+00  1.89516089e-02 
 8.82461366e+00  1.89538634e-02 
 8.83438820e+00  1.89561180e-02 
 8.84416275e+00  1.89583725e-02 
 8.85393729e+00  1.89606271e-02 
 8.86371184e+00  1.89628816e-02 
 8.87348638e+00  1.89651362e-02 
 8.88326092e+00  1.89673908e-02 
 8.89303547e+00  1.89696453e-02 
 8.90281001e+00  1.89718999e-02 
 8.91258456e+00  1.89741544e-02 
 8.92235910e+00  1.89764090e-02 
 8.93213365e+00  1.89786635e-02 
 8.94190819e+00  1.89809181e-02 
 8.95168274e+00  1.89831726e-02 
 8.96145728e+00  1.89854272e-02 
 8.97123183e+00  1.89876817e-02 
 8.98100637e+00  1.89899363e-02 
 8.99078092e+00  1.89921908e-02 
 9.00055546e+00  1.89944454e-02 
 9.01033000e+00  1.89967000e-02 
 9.02010455e+00  1.89989545e-02 
 9.02987909e+00  1.90012091e-02 
 9.03965364e+00  1.90034636e-02 
 9.04942818e+00  1.90057182e-02 
 9.05920273e+00  1.90079727e-02 
 9.06897727e+00  1.90102273e-02 
 9.07875182e+00  1.90124818e-02 
 9.08852636e+00  1.90147364e-02 
 9.09830091e+00  1.90169909e-02 
 9.10807545e+00  1.90192455e-02 
 9.11785000e+00  1.90215000e-02 
 9.12762454e+00  1.90237546e-02 
 9.13739908e+00  1.90260092e-02 
 9.14717363e+00  1.90282637e-02 
 9.15694817e+00  1.90305183e-02 
 9.16672272e+00  1.90327728e-02 
 9.17649726e+00  1.90350274e-02 
 9.18627181e+00  1.90372819e-02 
 9.19604635e+00  1.90395365e-02 
 9.20582090e+00  1.90417910e-02 
 9.21559544e+00  1.90440456e-02 
 9.22536999e+00  1.90463001e-02 
 9.23514453e+00  1.90485547e-02 
 9.24491907e+00  1.90508093e-02 
 9.25469362e+00  1.90530638e-02 
 9.26446816e+00  1.90553184e-02 
 9.27424271e+00  1.90575729e-02 
 9.28401725e+00  1.90598275e-02 
 9.29379180e+00  1.90620820e-02 
 9.30356634e+00  1.90643366e-02 
 9.31334089e+00  1.90665911e-02 
 9.32311543e+00  1.90688457e-02 
 9.33288998e+00  1.90711002e-02 
 9.34266452e+00  1.90733548e-02 
 9.35243907e+00  1.90756093e-02 
 9.36221361e+00  1.90778639e-02 
 9.37198815e+00  1.90801185e-02 
 9.38176270e+00  1.90823730e-02 
 9.39153724e+00  1.90846276e-02 
 9.40131179e+00  1.90868821e-02 
 9.41108633e+00  1.90891367e-02 
 9.42086088e+00  1.90913912e-02 
 9.43063542e+00  1.90936458e-02 
 9.44040997e+00  1.90959003e-02 
 9.45018451e+00  1.90981549e-02 
 9.45995906e+00  1.91004094e-02 
 9.46973360e+00  1.91026640e-02 
 9.47950815e+00  1.91049185e-02 
 9.48928269e+00  1.91071731e-02 
 9.49905723e+00  1.91094277e-02 
 9.50883178e+00  1.91116822e-02 
 9.51860632e+00  1.91139368e-02 
 9.52838087e+00  1.91161913e-02 
 9.53815541e+00  1.91184459e-02 
 9.54792996e+00  1.91207004e-02 
 9.55770450e+00  1.91229550e-02 
 9.56747905e+00  1.91252095e-02 
 9.57725359e+00  1.91274641e-02 
 9.58702814e+00  1.91297186e-02 
 9.59680268e+00  1.91319732e-02 
 9.60657723e+00  1.91342277e-02 
 9.61635177e+00  1.91364823e-02 
 9.62612631e+00  1.91387369e-02 
 9.63590086e+00  1.91409914e-02 
 9.64567540e+00  1.91432460e-02 
 9.65544995e+00  1.91455005e-02 
 9.66522449e+00  1.91477551e-02 
 9.67499904e+00  1.91500096e-02 
 9.68477358e+00  1.91522642e-02 
 9.69454813e+00  1.91545187e-02 
 9.70432267e+00  1.91567733e-02 
 9.71409722e+00  1.91590278e-02 
 9.72387176e+00  1.91612824e-02 
 9.73364631e+00  1.91635369e-02 
 9.74342085e+00  1.91657915e-02 
 9.75319539e+00  1.91680461e-02 
 9.76296994e+00  1.91703006e-02 
 9.77274448e+00  1.91725552e-02 
 9.78251903e+00  1.91748097e-02 
 9.79229357e+00  1.91770643e-02 
 9.80206812e+00  1.91793188e-02 
 9.81184266e+00  1.91815734e-02 
 9.82161721e+00  1.91838279e-02 
 9.83139175e+00  1.91860825e-02 
 9.84116630e+00  1.91883370e-02 
 9.85094084e+00  1.91905916e-02 
 9.86071538e+00  1.91928462e-02 
 9.87048993e+00  1.91951007e-02 
 9.88026447e+00  1.91973553e-02 
 9.89003902e+00  1.91996098e-02 
 9.89981356e+00  1.92018644e-02 
 9.90958811e+00  1.92041189e-02 
 9.91936265e+00  1.92063735e-02 
 9.92913720e+00  1.92086280e-02 
 9.93891174e+00  1.92108826e-02 
 9.94868629e+00  1.92131371e-02 
 9.95846083e+00  1.92153917e-02 
 9.96823538e+00  1.92176462e-02 
 9.97800992e+00  1.92199008e-02 
 9.98778446e+00  1.92221554e-02 
 9.99755901e+00  1.92244099e-02 
 1.00073336e+01  1.92266645e-02 
 1.00171081e+01  1.92289190e-02 
 1.00268826e+01  1.92311736e-02 
 1.00366572e+01  1.92334281e-02 
 1.00464317e+01  1.92356827e-02 
 1.00562063e+01  1.92379372e-02 
 1.00659808e+01  1.92401918e-02 
 1.00757554e+01  1.92424463e-02 
 1.00855299e+01  1.92447009e-02 
 1.00953045e+01  1.92469554e-02 
 1.01050790e+01  1.92492100e-02 
 1.01148535e+01  1.92514646e-02 
 1.01246281e+01  1.92537191e-02 
 1.01344026e+01  1.92559737e-02 
 1.01441772e+01  1.92582282e-02 
 1.01539517e+01  1.92604828e-02 
 1.01637263e+01  1.92627373e-02 
 1.01735008e+01  1.92649919e-02 
 1.01832754e+01  1.92672464e-02 
 1.01930499e+01  1.92695010e-02 
 1.02028244e+01  1.92717555e-02 
 1.02125990e+01  1.92740101e-02 
 1.02223735e+01  1.92762646e-02 
 1.02321481e+01  1.92785192e-02 
 1.02419226e+01  1.92807738e-02 
 1.02516972e+01  1.92830283e-02 
 1.02614717e+01  1.92852829e-02 
 1.02712463e+01  1.92875374e-02 
 1.02810208e+01  1.92897920e-02 
 1.02907953e+01  1.92920465e-02 
 1.03005699e+01  1.92943011e-02 
 1.03103444e+01  1.92965556e-02 
 1.03201190e+01  1.92988102e-02 
 1.03298935e+01  1.93010647e-02 
 1.03396681e+01  1.93033193e-02 
 1.03494426e+01  1.93055739e-02 
 1.03592172e+01  1.93078284e-02 
 1.03689917e+01  1.93100830e-02 
 1.03787662e+01  1.93123375e-02 
 1.03885408e+01  1.93145921e-02 
 1.03983153e+01  1.93168466e-02 
 1.04080899e+01  1.93191012e-02 
 1.04178644e+01  1.93213557e-02 
 1.04276390e+01  1.93236103e-02 
 1.04374135e+01  1.93258648e-02 
 1.04471881e+01  1.93281194e-02 
 1.04569626e+01  1.93303739e-02 
 1.04667372e+01  1.93326285e-02 
 1.04765117e+01  1.93348831e-02 
 1.04862862e+01  1.93371376e-02 
 1.04960608e+01  1.93393922e-02 
 1.05058353e+01  1.93416467e-02 
 1.05156099e+01  1.93439013e-02 
 1.05253844e+01  1.93461558e-02 
 1.05351590e+01  1.93484104e-02 
 1.05449335e+01  1.93506649e-02 
 1.05547081e+01  1.93529195e-02 
 1.05644826e+01  1.93551740e-02 
 1.05742571e+01  1.93574286e-02 
 1.05840317e+01  1.93596831e-02 
 1.05938062e+01  1.93619377e-02 
 1.06035808e+01  1.93641923e-02 
 1.06133553e+01  1.93664468e-02 
 1.06231299e+01  1.93687014e-02 
 1.06329044e+01  1.93709559e-02 
 1.06426790e+01  1.93732105e-02 
 1.06524535e+01  1.93754650e-02 
 1.06622280e+01  1.93777196e-02 
 1.06720026e+01  1.93799741e-02 
 1.06817771e+01  1.93822287e-02 
 1.06915517e+01  1.93844832e-02 
 1.07013262e+01  1.93867378e-02 
 1.07111008e+01  1.93889924e-02 
 1.07208753e+01  1.93912469e-02 
 1.07306499e+01  1.93935015e-02 
 1.07404244e+01  1.93957560e-02 
 1.07501989e+01  1.93980106e-02 
 1.07599735e+01  1.94002651e-02 
 1.07697480e+01  1.94025197e-02 
 1.07795226e+01  1.94047742e-02 
 1.07892971e+01  1.94070288e-02 
 1.07990717e+01  1.94092833e-02 
 1.08088462e+01  1.94115379e-02 
 1.08186208e+01  1.94137924e-02 
 1.08283953e+01  1.94160470e-02 
 1.08381698e+01  1.94183016e-02 
 1.08479444e+01  1.94205561e-02 
 1.08577189e+01  1.94228107e-02 
 1.08674935e+01  1.94250652e-02 
 1.08772680e+01  1.94273198e-02 
 1.08870426e+01  1.94295743e-02 
 1.08968171e+01  1.94318289e-02 
 1.09065917e+01  1.94340834e-02 
 1.09163662e+01  1.94363380e-02 
 1.09261407e+01  1.94385925e-02 
 1.09359153e+01  1.94408471e-02 
 1.09456898e+01  1.94431016e-02 
 1.09554644e+01  1.94453562e-02 
 1.09652389e+01  1.94476108e-02 
 1.09750135e+01  1.94498653e-02 
 1.09847880e+01  1.94521199e-02 
 1.09945626e+01  1.94543744e-02 
 1.10043371e+01  1.94566290e-02 
 1.10141116e+01  1.94588835e-02 
 1.10238862e+01  1.94611381e-02 
 1.10336607e+01  1.94633926e-02 
 1.10434353e+01  1.94656472e-02 
 1.10532098e+01  1.94679017e-02 
 1.10629844e+01  1.94701563e-02 
 1.10727589e+01  1.94724108e-02 
 1.10825335e+01  1.94746654e-02 
 1.10923080e+01  1.94769200e-02 
 1.11020825e+01  1.94791745e-02 
 1.11118571e+01  1.94814291e-02 
 1.11216316e+01  1.94836836e-02 
 1.11314062e+01  1.94859382e-02 
 1.11411807e+01  1.94881927e-02 
 1.11509553e+01  1.94904473e-02 
 1.11607298e+01  1.94927018e-02 
 1.11705044e+01  1.94949564e-02 
 1.11802789e+01  1.94972109e-02 
 1.11900535e+01  1.94994655e-02 
 1.11998280e+01  1.95017201e-02 
 1.12096025e+01  1.95039746e-02 
 1.12193771e+01  1.95062292e-02 
 1.12291516e+01  1.95084837e-02 
 1.12389262e+01  1.95107383e-02 
 1.12487007e+01  1.95129928e-02 
 1.12584753e+01  1.95152474e-02 
 1.12682498e+01  1.95175019e-02 
 1.12780244e+01  1.95197565e-02 
 1.12877989e+01  1.95220110e-02 
 1.12975734e+01  1.95242656e-02 
 1.13073480e+01  1.95265201e-02 
 1.13171225e+01  1.95287747e-02 
 1.13268971e+01  1.95310293e-02 
 1.13366716e+01  1.95332838e-02 
 1.13464462e+01  1.95355384e-02 
 1.13562207e+01  1.95377929e-02 
 1.13659953e+01  1.95400475e-02 
 1.13757698e+01  1.95423020e-02 
 1.13855443e+01  1.95445566e-02 
 1.13953189e+01  1.95468111e-02 
 1.14050934e+01  1.95490657e-02 
 1.14148680e+01  1.95513202e-02 
 1.14246425e+01  1.95535748e-02 
 1.14344171e+01  1.95558293e-02 
 1.14441916e+01  1.95580839e-02 
 1.14539662e+01  1.95603385e-02 
 1.14637407e+01  1.95625930e-02 
 1.14735152e+01  1.95648476e-02 
 1.14832898e+01  1.95671021e-02 
 1.14930643e+01  1.95693567e-02 
 1.15028389e+01  1.95716112e-02 
 1.15126134e+01  1.95738658e-02 
 1.15223880e+01  1.95761203e-02 
 1.15321625e+01  1.95783749e-02 
 1.15419371e+01  1.95806294e-02 
 1.15517116e+01  1.95828840e-02 
 1.15614861e+01  1.95851386e-02 
 1.15712607e+01  1.95873931e-02 
 1.15810352e+01  1.95896477e-02 
 1.15908098e+01  1.95919022e-02 
 1.16005843e+01  1.95941568e-02 
 1.16103589e+01  1.95964113e-02 
 1.16201334e+01  1.95986659e-02 
 1.16299080e+01  1.96009204e-02 
 1.16396825e+01  1.96031750e-02 
 1.16494570e+01  1.96054295e-02 
 1.16592316e+01  1.96076841e-02 
 1.16690061e+01  1.96099386e-02 
 1.16787807e+01  1.96121932e-02 
 1.16885552e+01  1.96144478e-02 
 1.16983298e+01  1.96167023e-02 
 1.17081043e+01  1.96189569e-02 
 1.17178789e+01  1.96212114e-02 
 1.17276534e+01  1.96234660e-02 
 1.17374279e+01  1.96257205e-02 
 1.17472025e+01  1.96279751e-02 
 1.17569770e+01  1.96302296e-02 
 1.17667516e+01  1.96324842e-02 
 1.17765261e+01  1.96347387e-02 
 1.17863007e+01  1.96369933e-02 
 1.17960752e+01  1.96392478e-02 
 1.18058498e+01  1.96415024e-02 
 1.18156243e+01  1.96437570e-02 
 1.18253988e+01  1.96460115e-02 
 1.18351734e+01  1.96482661e-02 
 1.18449479e+01  1.96505206e-02 
 1.18547225e+01  1.96527752e-02 
 1.18644970e+01  1.96550297e-02 
 1.18742716e+01  1.96572843e-02 
 1.18840461e+01  1.96595388e-02 
 1.18938207e+01  1.96617934e-02 
 1.19035952e+01  1.96640479e-02 
 1.19133698e+01  1.96663025e-02 
 1.19231443e+01  1.96685571e-02 
 1.19329188e+01  1.96708116e-02 
 1.19426934e+01  1.96730662e-02 
 1.19524679e+01  1.96753207e-02 
 1.19622425e+01  1.96775753e-02 
 1.19720170e+01  1.96798298e-02 
 1.19817916e+01  1.96820844e-02 
 1.19915661e+01  1.96843389e-02 
 1.20013407e+01  1.96865935e-02 
 1.20111152e+01  1.96888480e-02 
 1.20208897e+01  1.96911026e-02 
 1.20306643e+01  1.96933571e-02 
 1.20404388e+01  1.96956117e-02 
 1.20502134e+01  1.96978663e-02 
 1.20599879e+01  1.97001208e-02 
 1.20697625e+01  1.97023754e-02 
 1.20795370e+01  1.97046299e-02 
 1.20893116e+01  1.97068845e-02 
 1.20990861e+01  1.97091390e-02 
 1.21088606e+01  1.97113936e-02 
 1.21186352e+01  1.97136481e-02 
 1.21284097e+01  1.97159027e-02 
 1.21381843e+01  1.97181572e-02 
 1.21479588e+01  1.97204118e-02 
 1.21577334e+01  1.97226664e-02 
 1.21675079e+01  1.97249209e-02 
 1.21772825e+01  1.97271755e-02 
 1.21870570e+01  1.97294300e-02 
 1.21968315e+01  1.97316846e-02 
 1.22066061e+01  1.97339391e-02 
 1.22163806e+01  1.97361937e-02 
 1.22261552e+01  1.97384482e-02 
 1.22359297e+01  1.97407028e-02 
 1.22457043e+01  1.97429573e-02 
 1.22554788e+01  1.97452119e-02 
 1.22652534e+01  1.97474664e-02 
 1.22750279e+01  1.97497210e-02 
 1.22848024e+01  1.97519756e-02 
 1.22945770e+01  1.97542301e-02 
 1.23043515e+01  1.97564847e-02 
 1.23141261e+01  1.97587392e-02 
 1.23239006e+01  1.97609938e-02 
 1.23336752e+01  1.97632483e-02 
 1.23434497e+01  1.97655029e-02 
 1.23532243e+01  1.97677574e-02 
 1.23629988e+01  1.97700120e-02 
 1.23727733e+01  1.97722665e-02 
 1.23825479e+01  1.97745211e-02 
 1.23923224e+01  1.97767756e-02 
 1.24020970e+01  1.97790302e-02 
 1.24118715e+01  1.97812848e-02 
 1.24216461e+01  1.97835393e-02 
 1.24314206e+01  1.97857939e-02 
 1.24411952e+01  1.97880484e-02 
 1.24509697e+01  1.97903030e-02 
 1.24607442e+01  1.97925575e-02 
 1.24705188e+01  1.97948121e-02 
 1.24802933e+01  1.97970666e-02 
 1.24900679e+01  1.97993212e-02 
 1.24998424e+01  1.98015757e-02 
 1.25096170e+01  1.98038303e-02 
 1.25193915e+01  1.98060849e-02 
 1.25291661e+01  1.98083394e-02 
 1.25389406e+01  1.98105940e-02 
 1.25487151e+01  1.98128485e-02 
 1.25584897e+01  1.98151031e-02 
 1.25682642e+01  1.98173576e-02 
 1.25780388e+01  1.98196122e-02 
 1.25878133e+01  1.98218667e-02 
 1.25975879e+01  1.98241213e-02 
 1.26073624e+01  1.98263758e-02 
 1.26171370e+01  1.98286304e-02 
 1.26269115e+01  1.98308849e-02 
 1.26366860e+01  1.98331395e-02 
 1.26464606e+01  1.98353941e-02 
 1.26562351e+01  1.98376486e-02 
 1.26660097e+01  1.98399032e-02 
 1.26757842e+01  1.98421577e-02 
 1.26855588e+01  1.98444123e-02 
 1.26953333e+01  1.98466668e-02 
 1.27051079e+01  1.98489214e-02 
 1.27148824e+01  1.98511759e-02 
 1.27246570e+01  1.98534305e-02 
 1.27344315e+01  1.98556850e-02 
 1.27442060e+01  1.98579396e-02 
 1.27539806e+01  1.98601941e-02 
 1.27637551e+01  1.98624487e-02 
 1.27735297e+01  1.98647033e-02 
 1.27833042e+01  1.98669578e-02 
 1.27930788e+01  1.98692124e-02 
 1.28028533e+01  1.98714669e-02 
 1.28126279e+01  1.98737215e-02 
 1.28224024e+01  1.98759760e-02 
 1.28321769e+01  1.98782306e-02 
 1.28419515e+01  1.98804851e-02 
 1.28517260e+01  1.98827397e-02 
 1.28615006e+01  1.98849942e-02 
 1.28712751e+01  1.98872488e-02 
 1.28810497e+01  1.98895034e-02 
 1.28908242e+01  1.98917579e-02 
 1.29005988e+01  1.98940125e-02 
 1.29103733e+01  1.98962670e-02 
 1.29201478e+01  1.98985216e-02 
 1.29299224e+01  1.99007761e-02 
 1.29396969e+01  1.99030307e-02 
 1.29494715e+01  1.99052852e-02 
 1.29592460e+01  1.99075398e-02 
 1.29690206e+01  1.99097943e-02 
 1.29787951e+01  1.99120489e-02 
 1.29885697e+01  1.99143034e-02 
 1.29983442e+01  1.99165580e-02 
 1.30081187e+01  1.99188126e-02 
