 3.78624168e-03 -3.78624168e-05 
 6.90782604e-03  3.09217396e-05 
 1.00255112e-02  9.97448883e-05 
 1.31422785e-02  1.68577215e-04 
 1.62571848e-02  2.37428152e-04 
 1.93702658e-02  3.06297342e-04 
 2.24815565e-02  3.75184435e-04 
 2.55910909e-02  4.44089091e-04 
 2.86989023e-02  5.13010977e-04 
 3.18050228e-02  5.81949772e-04 
 3.49094837e-02  6.50905163e-04 
 3.80123155e-02  7.19876845e-04 
 4.11135479e-02  7.88864521e-04 
 4.42132097e-02  8.57867903e-04 
 4.73113290e-02  9.26886710e-04 
 5.04079332e-02  9.95920668e-04 
 5.35030490e-02  1.06496951e-03 
 5.65967023e-02  1.13403298e-03 
 5.96889184e-02  1.20311082e-03 
 6.27797221e-02  1.27220278e-03 
 6.58691372e-02  1.34130863e-03 
 6.89571874e-02  1.41042813e-03 
 7.20438954e-02  1.47956105e-03 
 7.51292836e-02  1.54870716e-03 
 7.82133737e-02  1.61786626e-03 
 8.12961870e-02  1.68703813e-03 
 8.43777442e-02  1.75622256e-03 
 8.74580655e-02  1.82541934e-03 
 9.05371708e-02  1.89462829e-03 
 9.36150793e-02  1.96384921e-03 
 9.66918098e-02  2.03308190e-03 
 9.97673809e-02  2.10232619e-03 
 1.02841810e-01  2.17158190e-03 
 1.05915116e-01  2.24084884e-03 
 1.08987315e-01  2.31012685e-03 
 1.12058424e-01  2.37941576e-03 
 1.15128459e-01  2.44871541e-03 
 1.18197437e-01  2.51802563e-03 
 1.21265374e-01  2.58734626e-03 
 1.24332284e-01  2.65667716e-03 
 1.27398183e-01  2.72601817e-03 
 1.30463085e-01  2.79536915e-03 
 1.33527005e-01  2.86472995e-03 
 1.36589957e-01  2.93410043e-03 
 1.39651955e-01  3.00348045e-03 
 1.42713012e-01  3.07286988e-03 
 1.45773142e-01  3.14226858e-03 
 1.48832357e-01  3.21167643e-03 
 1.51890671e-01  3.28109329e-03 
 1.54948095e-01  3.35051905e-03 
 1.58004642e-01  3.41995358e-03 
 1.61060324e-01  3.48939676e-03 
 1.64115153e-01  3.55884847e-03 
 1.67169139e-01  3.62830861e-03 
 1.70222295e-01  3.69777705e-03 
 1.73274631e-01  3.76725369e-03 
 1.76326159e-01  3.83673841e-03 
 1.79376888e-01  3.90623112e-03 
 1.82426829e-01  3.97573171e-03 
 1.85475993e-01  4.04524007e-03 
 1.88524389e-01  4.11475611e-03 
 1.91572028e-01  4.18427972e-03 
 1.94618918e-01  4.25381082e-03 
 1.97665070e-01  4.32334930e-03 
 2.00710493e-01  4.39289507e-03 
 2.03755196e-01  4.46244804e-03 
 2.06799187e-01  4.53200813e-03 
 2.09842476e-01  4.60157524e-03 
 2.12885071e-01  4.67114929e-03 
 2.15926981e-01  4.74073019e-03 
 2.18968213e-01  4.81031787e-03 
 2.22008778e-01  4.87991222e-03 
 2.25048681e-01  4.94951319e-03 
 2.28087932e-01  5.01912068e-03 
 2.31126537e-01  5.08873463e-03 
 2.34164505e-01  5.15835495e-03 
 2.37201844e-01  5.22798156e-03 
 2.40238560e-01  5.29761440e-03 
 2.43274660e-01  5.36725340e-03 
 2.46310152e-01  5.43689848e-03 
 2.49345044e-01  5.50654956e-03 
 2.52379341e-01  5.57620659e-03 
 2.55413050e-01  5.64586950e-03 
 2.58446179e-01  5.71553821e-03 
 2.61478733e-01  5.78521267e-03 
 2.64510720e-01  5.85489280e-03 
 2.67542145e-01  5.92457855e-03 
 2.70573014e-01  5.99426986e-03 
 2.73603335e-01  6.06396665e-03 
 2.76633113e-01  6.13366887e-03 
 2.79662353e-01  6.20337647e-03 
 2.82691063e-01  6.27308937e-03 
 2.85719246e-01  6.34280754e-03 
 2.88746910e-01  6.41253090e-03 
 2.91774060e-01  6.48225940e-03 
 2.94800701e-01  6.55199299e-03 
 2.97826839e-01  6.62173161e-03 
 3.00852478e-01  6.69147522e-03 
 3.03877625e-01  6.76122375e-03 
 3.06902284e-01  6.83097716e-03 
 3.09926461e-01  6.90073539e-03 
 3.12950160e-01  6.97049840e-03 
 3.15973386e-01  7.04026614e-03 
 3.18996145e-01  7.11003855e-03 
 3.22018441e-01  7.17981559e-03 
 3.25040278e-01  7.24959722e-03 
 3.28061663e-01  7.31938337e-03 
 3.31082598e-01  7.38917402e-03 
 3.34103088e-01  7.45896912e-03 
 3.37123139e-01  7.52876861e-03 
 3.40142754e-01  7.59857246e-03 
 3.43161938e-01  7.66838062e-03 
 3.46180694e-01  7.73819306e-03 
 3.49199028e-01  7.80800972e-03 
 3.52216943e-01  7.87783057e-03 
 3.55234444e-01  7.94765556e-03 
 3.58251534e-01  8.01748466e-03 
 3.61268217e-01  8.08731783e-03 
 3.64284498e-01  8.15715502e-03 
 3.67300380e-01  8.22699620e-03 
 3.70315867e-01  8.29684133e-03 
 3.73330962e-01  8.36669038e-03 
 3.76345670e-01  8.43654330e-03 
 3.79359995e-01  8.50640005e-03 
 3.82373938e-01  8.57626062e-03 
 3.85387506e-01  8.64612494e-03 
 3.88400700e-01  8.71599300e-03 
 3.91413524e-01  8.78586476e-03 
 3.94425982e-01  8.85574018e-03 
 3.97438077e-01  8.92561923e-03 
 4.00449812e-01  8.99550188e-03 
 4.03461191e-01  9.06538809e-03 
 4.06472217e-01  9.13527783e-03 
 4.09482893e-01  9.20517107e-03 
 4.12493223e-01  9.27506777e-03 
 4.15503208e-01  9.34496792e-03 
 4.18512854e-01  9.41487146e-03 
 4.21522162e-01  9.48477838e-03 
 4.24531135e-01  9.55468865e-03 
 4.27539777e-01  9.62460223e-03 
 4.30548090e-01  9.69451910e-03 
 4.33556078e-01  9.76443922e-03 
 4.36563742e-01  9.83436258e-03 
 4.39571087e-01  9.90428913e-03 
 4.42578115e-01  9.97421885e-03 
 4.45584828e-01  1.00441517e-02 
 4.48591229e-01  1.01140877e-02 
 4.51597321e-01  1.01840268e-02 
 4.54603107e-01  1.02539689e-02 
 4.57608589e-01  1.03239141e-02 
 4.60613770e-01  1.03938623e-02 
 4.63618653e-01  1.04638135e-02 
 4.66623239e-01  1.05337676e-02 
 4.69627531e-01  1.06037247e-02 
 4.72631533e-01  1.06736847e-02 
 4.75635246e-01  1.07436475e-02 
 4.78638672e-01  1.08136133e-02 
 4.81641815e-01  1.08835819e-02 
 4.84644676e-01  1.09535532e-02 
 4.87647257e-01  1.10235274e-02 
 4.90649562e-01  1.10935044e-02 
 4.93651593e-01  1.11634841e-02 
 4.96653350e-01  1.12334665e-02 
 4.99654838e-01  1.13034516e-02 
 5.02656058e-01  1.13734394e-02 
 5.05657012e-01  1.14434299e-02 
 5.08657702e-01  1.15134230e-02 
 5.11658131e-01  1.15834187e-02 
 5.14658300e-01  1.16534170e-02 
 5.17658212e-01  1.17234179e-02 
 5.20657868e-01  1.17934213e-02 
 5.23657272e-01  1.18634273e-02 
 5.26656424e-01  1.19334358e-02 
 5.29655327e-01  1.20034467e-02 
 5.32653982e-01  1.20734602e-02 
 5.35652393e-01  1.21434761e-02 
 5.38650560e-01  1.22134944e-02 
 5.41648485e-01  1.22835152e-02 
 5.44646170e-01  1.23535383e-02 
 5.47643618e-01  1.24235638e-02 
 5.50640830e-01  1.24935917e-02 
 5.53637808e-01  1.25636219e-02 
 5.56634554e-01  1.26336545e-02 
 5.59631069e-01  1.27036893e-02 
 5.62627355e-01  1.27737265e-02 
 5.65623414e-01  1.28437659e-02 
 5.68619248e-01  1.29138075e-02 
 5.71614858e-01  1.29838514e-02 
 5.74610247e-01  1.30538975e-02 
 5.77605415e-01  1.31239459e-02 
 5.80600365e-01  1.31939964e-02 
 5.83595097e-01  1.32640490e-02 
 5.86589615e-01  1.33341038e-02 
 5.89583919e-01  1.34041608e-02 
 5.92578011e-01  1.34742199e-02 
 5.95571892e-01  1.35442811e-02 
 5.98565564e-01  1.36143444e-02 
 6.01559029e-01  1.36844097e-02 
 6.04552289e-01  1.37544771e-02 
 6.07545343e-01  1.38245466e-02 
 6.10538195e-01  1.38946180e-02 
 6.13530846e-01  1.39646915e-02 
 6.16523297e-01  1.40347670e-02 
 6.19515549e-01  1.41048445e-02 
 6.22507604e-01  1.41749240e-02 
 6.25499464e-01  1.42450054e-02 
 6.28491129e-01  1.43150887e-02 
 6.31482602e-01  1.43851740e-02 
 6.34473884e-01  1.44552612e-02 
 6.37464975e-01  1.45253502e-02 
 6.40455878e-01  1.45954412e-02 
 6.43446594e-01  1.46655341e-02 
 6.46437123e-01  1.47356288e-02 
 6.49427468e-01  1.48057253e-02 
 6.52417630e-01  1.48758237e-02 
 6.55407610e-01  1.49459239e-02 
 6.58397409e-01  1.50160259e-02 
 6.61387028e-01  1.50861297e-02 
 6.64376469e-01  1.51562353e-02 
 6.67365734e-01  1.52263427e-02 
 6.70354822e-01  1.52964518e-02 
 6.73343737e-01  1.53665626e-02 
 6.76332478e-01  1.54366752e-02 
 6.79321046e-01  1.55067895e-02 
 6.82309444e-01  1.55769056e-02 
 6.85297673e-01  1.56470233e-02 
 6.88285733e-01  1.57171427e-02 
 6.91273625e-01  1.57872637e-02 
 6.94261351e-01  1.58573865e-02 
 6.97248913e-01  1.59275109e-02 
 7.00236310e-01  1.59976369e-02 
 7.03223544e-01  1.60677646e-02 
 7.06210617e-01  1.61378938e-02 
 7.09197530e-01  1.62080247e-02 
 7.12184282e-01  1.62781572e-02 
 7.15170877e-01  1.63482912e-02 
 7.18157314e-01  1.64184269e-02 
 7.21143595e-01  1.64885641e-02 
 7.24129720e-01  1.65587028e-02 
 7.27115692e-01  1.66288431e-02 
 7.30101510e-01  1.66989849e-02 
 7.33087176e-01  1.67691282e-02 
 7.36072691e-01  1.68392731e-02 
 7.39058056e-01  1.69094194e-02 
 7.42043272e-01  1.69795673e-02 
 7.45028340e-01  1.70497166e-02 
 7.48013261e-01  1.71198674e-02 
 7.50998035e-01  1.71900196e-02 
 7.53982665e-01  1.72601734e-02 
 7.56967150e-01  1.73303285e-02 
 7.59951492e-01  1.74004851e-02 
 7.62935692e-01  1.74706431e-02 
 7.65919750e-01  1.75408025e-02 
 7.68903668e-01  1.76109633e-02 
 7.71887447e-01  1.76811255e-02 
 7.74871087e-01  1.77512891e-02 
 7.77854589e-01  1.78214541e-02 
 7.80837954e-01  1.78916205e-02 
 7.83821184e-01  1.79617882e-02 
 7.86804278e-01  1.80319572e-02 
 7.89787239e-01  1.81021276e-02 
 7.92770066e-01  1.81722993e-02 
 7.95752761e-01  1.82424724e-02 
 7.98735324e-01  1.83126468e-02 
 8.01717757e-01  1.83828224e-02 
 8.04700059e-01  1.84529994e-02 
 8.07682233e-01  1.85231777e-02 
 8.10664279e-01  1.85933572e-02 
 8.13646197e-01  1.86635380e-02 
 8.16627988e-01  1.87337201e-02 
 8.19609654e-01  1.88039035e-02 
 8.22591195e-01  1.88740880e-02 
 8.25572612e-01  1.89442739e-02 
 8.28553906e-01  1.90144609e-02 
 8.31535077e-01  1.90846492e-02 
 8.34516126e-01  1.91548387e-02 
 8.37497055e-01  1.92250295e-02 
 8.40477863e-01  1.92952214e-02 
 8.43458551e-01  1.93654145e-02 
 8.46439121e-01  1.94356088e-02 
 8.49419574e-01  1.95058043e-02 
 8.52399908e-01  1.95760009e-02 
 8.55380127e-01  1.96461987e-02 
 8.58360230e-01  1.97163977e-02 
 8.61340217e-01  1.97865978e-02 
 8.64320091e-01  1.98567991e-02 
 8.67299851e-01  1.99270015e-02 
 8.70279498e-01  1.99972050e-02 
 8.73259033e-01  2.00674097e-02 
 8.76238456e-01  2.01376154e-02 
 8.79217769e-01  2.02078223e-02 
 8.82196972e-01  2.02780303e-02 
 8.85176065e-01  2.03482393e-02 
 8.88155050e-01  2.04184495e-02 
 8.91133927e-01  2.04886607e-02 
 8.94112697e-01  2.05588730e-02 
 8.97091360e-01  2.06290864e-02 
 9.00069917e-01  2.06993008e-02 
 9.03048368e-01  2.07695163e-02 
 9.06026715e-01  2.08397328e-02 
 9.09004958e-01  2.09099504e-02 
 9.11983098e-01  2.09801690e-02 
 9.14961135e-01  2.10503886e-02 
 9.17939070e-01  2.11206093e-02 
 9.20916903e-01  2.11908310e-02 
 9.23894636e-01  2.12610536e-02 
 9.26872268e-01  2.13312773e-02 
 9.29849801e-01  2.14015020e-02 
 9.32827235e-01  2.14717276e-02 
 9.35804571e-01  2.15419543e-02 
 9.38781809e-01  2.16121819e-02 
 9.41758949e-01  2.16824105e-02 
 9.44735994e-01  2.17526401e-02 
 9.47712942e-01  2.18228706e-02 
 9.50689795e-01  2.18931021e-02 
 9.53666553e-01  2.19633345e-02 
 9.56643217e-01  2.20335678e-02 
 9.59619787e-01  2.21038021e-02 
 9.62596265e-01  2.21740374e-02 
 9.65572649e-01  2.22442735e-02 
 9.68548942e-01  2.23145106e-02 
 9.71525144e-01  2.23847486e-02 
 9.74501255e-01  2.24549874e-02 
 9.77477276e-01  2.25252272e-02 
 9.80453207e-01  2.25954679e-02 
 9.83429049e-01  2.26657095e-02 
 9.86404802e-01  2.27359520e-02 
 9.89380468e-01  2.28061953e-02 
 9.92356046e-01  2.28764395e-02 
 9.95331537e-01  2.29466846e-02 
 9.98306942e-01  2.30169306e-02 
 1.00128226e+00  2.30871774e-02 
 1.00425749e+00  2.31574251e-02 
 1.00723264e+00  2.32276736e-02 
 1.01020771e+00  2.32979229e-02 
 1.01318269e+00  2.33681731e-02 
 1.01615758e+00  2.34384242e-02 
 1.01913240e+00  2.35086760e-02 
 1.02210713e+00  2.35789287e-02 
 1.02508178e+00  2.36491822e-02 
 1.02805635e+00  2.37194365e-02 
 1.03103084e+00  2.37896916e-02 
 1.03400525e+00  2.38599475e-02 
 1.03697958e+00  2.39302042e-02 
 1.03995383e+00  2.40004617e-02 
 1.04292800e+00  2.40707200e-02 
 1.04590209e+00  2.41409791e-02 
 1.04887610e+00  2.42112390e-02 
 1.05185004e+00  2.42814996e-02 
 1.05482390e+00  2.43517610e-02 
 1.05779769e+00  2.44220231e-02 
 1.06077139e+00  2.44922861e-02 
 1.06374503e+00  2.45625497e-02 
 1.06671858e+00  2.46328142e-02 
 1.06969207e+00  2.47030793e-02 
 1.07266547e+00  2.47733453e-02 
 1.07563881e+00  2.48436119e-02 
 1.07861207e+00  2.49138793e-02 
 1.08158526e+00  2.49841474e-02 
 1.08455838e+00  2.50544162e-02 
 1.08753142e+00  2.51246858e-02 
 1.09050440e+00  2.51949560e-02 
 1.09347730e+00  2.52652270e-02 
 1.09645013e+00  2.53354987e-02 
 1.09942290e+00  2.54057710e-02 
 1.10239559e+00  2.54760441e-02 
 1.10536821e+00  2.55463179e-02 
 1.10834077e+00  2.56165923e-02 
 1.11131325e+00  2.56868675e-02 
 1.11428567e+00  2.57571433e-02 
 1.11725802e+00  2.58274198e-02 
 1.12023031e+00  2.58976969e-02 
 1.12320253e+00  2.59679747e-02 
 1.12617468e+00  2.60382532e-02 
 1.12914676e+00  2.61085324e-02 
 1.13211878e+00  2.61788122e-02 
 1.13509074e+00  2.62490926e-02 
 1.13806263e+00  2.63193737e-02 
 1.14103445e+00  2.63896555e-02 
 1.14400622e+00  2.64599378e-02 
 1.14697791e+00  2.65302209e-02 
 1.14994955e+00  2.66005045e-02 
 1.15292112e+00  2.66707888e-02 
 1.15589263e+00  2.67410737e-02 
 1.15886408e+00  2.68113592e-02 
 1.16183547e+00  2.68816453e-02 
 1.16480680e+00  2.69519320e-02 
 1.16777807e+00  2.70222193e-02 
 1.17074927e+00  2.70925073e-02 
 1.17372042e+00  2.71627958e-02 
 1.17669150e+00  2.72330850e-02 
 1.17966253e+00  2.73033747e-02 
 1.18263350e+00  2.73736650e-02 
 1.18560441e+00  2.74439559e-02 
 1.18857526e+00  2.75142474e-02 
 1.19154606e+00  2.75845394e-02 
 1.19451679e+00  2.76548321e-02 
 1.19748748e+00  2.77251252e-02 
 1.20045810e+00  2.77954190e-02 
 1.20342867e+00  2.78657133e-02 
 1.20639918e+00  2.79360082e-02 
 1.20936964e+00  2.80063036e-02 
 1.21234004e+00  2.80765996e-02 
 1.21531038e+00  2.81468962e-02 
 1.21828068e+00  2.82171932e-02 
 1.22125092e+00  2.82874908e-02 
 1.22422110e+00  2.83577890e-02 
 1.22719123e+00  2.84280877e-02 
 1.23016131e+00  2.84983869e-02 
 1.23313134e+00  2.85686866e-02 
 1.23610131e+00  2.86389869e-02 
 1.23907123e+00  2.87092877e-02 
 1.24204110e+00  2.87795890e-02 
 1.24501092e+00  2.88498908e-02 
 1.24798069e+00  2.89201931e-02 
 1.25095041e+00  2.89904959e-02 
 1.25392007e+00  2.90607993e-02 
 1.25688969e+00  2.91311031e-02 
 1.25985926e+00  2.92014074e-02 
 1.26282878e+00  2.92717122e-02 
 1.26579825e+00  2.93420175e-02 
 1.26876767e+00  2.94123233e-02 
 1.27173704e+00  2.94826296e-02 
 1.27470637e+00  2.95529363e-02 
 1.27767564e+00  2.96232436e-02 
 1.28064487e+00  2.96935513e-02 
 1.28361406e+00  2.97638594e-02 
 1.28658319e+00  2.98341681e-02 
 1.28955228e+00  2.99044772e-02 
 1.29252133e+00  2.99747867e-02 
 1.29549033e+00  3.00450967e-02 
 1.29845928e+00  3.01154072e-02 
 1.30142819e+00  3.01857181e-02 
 1.30439705e+00  3.02560295e-02 
 1.30736587e+00  3.03263413e-02 
 1.31033465e+00  3.03966535e-02 
 1.31330338e+00  3.04669662e-02 
 1.31627207e+00  3.05372793e-02 
 1.31924071e+00  3.06075929e-02 
 1.32220931e+00  3.06779069e-02 
 1.32517787e+00  3.07482213e-02 
 1.32814639e+00  3.08185361e-02 
 1.33111487e+00  3.08888513e-02 
 1.33408330e+00  3.09591670e-02 
 1.33705169e+00  3.10294831e-02 
 1.34002004e+00  3.10997996e-02 
 1.34298835e+00  3.11701165e-02 
 1.34595662e+00  3.12404338e-02 
 1.34892485e+00  3.13107515e-02 
 1.35189304e+00  3.13810696e-02 
 1.35486119e+00  3.14513881e-02 
 1.35782930e+00  3.15217070e-02 
 1.36079738e+00  3.15920262e-02 
 1.36376541e+00  3.16623459e-02 
 1.36673340e+00  3.17326660e-02 
 1.36970136e+00  3.18029864e-02 
 1.37266928e+00  3.18733072e-02 
 1.37563716e+00  3.19436284e-02 
 1.37860501e+00  3.20139499e-02 
 1.38157281e+00  3.20842719e-02 
 1.38454058e+00  3.21545942e-02 
 1.38750832e+00  3.22249168e-02 
 1.39047602e+00  3.22952398e-02 
 1.39344368e+00  3.23655632e-02 
 1.39641131e+00  3.24358869e-02 
 1.39937890e+00  3.25062110e-02 
 1.40234645e+00  3.25765355e-02 
 1.40531397e+00  3.26468603e-02 
 1.40828146e+00  3.27171854e-02 
 1.41124892e+00  3.27875108e-02 
 1.41421633e+00  3.28578367e-02 
 1.41718372e+00  3.29281628e-02 
 1.42015107e+00  3.29984893e-02 
 1.42311839e+00  3.30688161e-02 
 1.42608568e+00  3.31391432e-02 
 1.42905293e+00  3.32094707e-02 
 1.43202015e+00  3.32797985e-02 
 1.43498734e+00  3.33501266e-02 
 1.43795450e+00  3.34204550e-02 
 1.44092163e+00  3.34907837e-02 
 1.44388872e+00  3.35611128e-02 
 1.44685578e+00  3.36314422e-02 
 1.44982282e+00  3.37017718e-02 
 1.45278982e+00  3.37721018e-02 
 1.45575679e+00  3.38424321e-02 
 1.45872374e+00  3.39127626e-02 
 1.46169065e+00  3.39830935e-02 
 1.46465753e+00  3.40534247e-02 
 1.46762439e+00  3.41237561e-02 
 1.47059122e+00  3.41940878e-02 
 1.47355801e+00  3.42644199e-02 
 1.47652478e+00  3.43347522e-02 
 1.47949152e+00  3.44050848e-02 
 1.48245824e+00  3.44754176e-02 
 1.48542492e+00  3.45457508e-02 
 1.48839158e+00  3.46160842e-02 
 1.49135821e+00  3.46864179e-02 
 1.49432481e+00  3.47567519e-02 
 1.49729139e+00  3.48270861e-02 
 1.50025794e+00  3.48974206e-02 
 1.50322447e+00  3.49677553e-02 
 1.50619097e+00  3.50380903e-02 
 1.50915744e+00  3.51084256e-02 
 1.51212389e+00  3.51787611e-02 
 1.51509032e+00  3.52490968e-02 
 1.51805672e+00  3.53194328e-02 
 1.52102309e+00  3.53897691e-02 
 1.52398944e+00  3.54601056e-02 
 1.52695577e+00  3.55304423e-02 
 1.52992207e+00  3.56007793e-02 
 1.53288835e+00  3.56711165e-02 
 1.53585460e+00  3.57414540e-02 
 1.53882083e+00  3.58117917e-02 
 1.54178704e+00  3.58821296e-02 
 1.54475323e+00  3.59524677e-02 
 1.54771940e+00  3.60228060e-02 
 1.55068554e+00  3.60931446e-02 
 1.55365166e+00  3.61634834e-02 
 1.55661776e+00  3.62338224e-02 
 1.55958384e+00  3.63041616e-02 
 1.56254989e+00  3.63745011e-02 
 1.56551593e+00  3.64448407e-02 
 1.56848194e+00  3.65151806e-02 
 1.57144794e+00  3.65855206e-02 
 1.57441391e+00  3.66558609e-02 
 1.57737986e+00  3.67262014e-02 
 1.58034580e+00  3.67965420e-02 
 1.58331171e+00  3.68668829e-02 
 1.58627761e+00  3.69372239e-02 
 1.58924349e+00  3.70075651e-02 
 1.59220935e+00  3.70779065e-02 
 1.59517518e+00  3.71482482e-02 
 1.59814101e+00  3.72185899e-02 
 1.60110681e+00  3.72889319e-02 
 1.60407259e+00  3.73592741e-02 
 1.60703836e+00  3.74296164e-02 
 1.61000411e+00  3.74999589e-02 
 1.61296985e+00  3.75703015e-02 
 1.61593556e+00  3.76406444e-02 
 1.61890126e+00  3.77109874e-02 
 1.62186695e+00  3.77813305e-02 
 1.62483261e+00  3.78516739e-02 
 1.62779826e+00  3.79220174e-02 
 1.63076390e+00  3.79923610e-02 
 1.63372952e+00  3.80627048e-02 
 1.63669512e+00  3.81330488e-02 
 1.63966071e+00  3.82033929e-02 
 1.64262629e+00  3.82737371e-02 
 1.64559185e+00  3.83440815e-02 
 1.64855739e+00  3.84144261e-02 
 1.65152293e+00  3.84847707e-02 
 1.65448844e+00  3.85551156e-02 
 1.65745395e+00  3.86254605e-02 
 1.66041944e+00  3.86958056e-02 
 1.66338492e+00  3.87661508e-02 
 1.66635038e+00  3.88364962e-02 
 1.66931583e+00  3.89068417e-02 
 1.67228127e+00  3.89771873e-02 
 1.67524670e+00  3.90475330e-02 
 1.67821211e+00  3.91178789e-02 
 1.68117751e+00  3.91882249e-02 
 1.68414291e+00  3.92585709e-02 
 1.68710829e+00  3.93289171e-02 
 1.69007365e+00  3.93992635e-02 
 1.69303901e+00  3.94696099e-02 
 1.69600436e+00  3.95399564e-02 
 1.69896969e+00  3.96103031e-02 
 1.70193502e+00  3.96806498e-02 
 1.70490034e+00  3.97509966e-02 
 1.70786564e+00  3.98213436e-02 
 1.71083094e+00  3.98916906e-02 
 1.71379623e+00  3.99620377e-02 
 1.71676150e+00  4.00323850e-02 
 1.71972677e+00  4.01027323e-02 
 1.72269203e+00  4.01730797e-02 
 1.72565728e+00  4.02434272e-02 
 1.72862253e+00  4.03137747e-02 
 1.73158776e+00  4.03841224e-02 
 1.73455299e+00  4.04544701e-02 
 1.73751821e+00  4.05248179e-02 
 1.74048342e+00  4.05951658e-02 
 1.74344863e+00  4.06655137e-02 
 1.74641382e+00  4.07358618e-02 
 1.74937902e+00  4.08062098e-02 
 1.75234420e+00  4.08765580e-02 
 1.75530938e+00  4.09469062e-02 
 1.75827455e+00  4.10172545e-02 
 1.76123972e+00  4.10876028e-02 
 1.76420488e+00  4.11579512e-02 
 1.76717004e+00  4.12282996e-02 
 1.77013519e+00  4.12986481e-02 
 1.77310033e+00  4.13689967e-02 
 1.77606547e+00  4.14393453e-02 
 1.77903061e+00  4.15096939e-02 
 1.78199574e+00  4.15800426e-02 
 1.78496087e+00  4.16503913e-02 
 1.78792599e+00  4.17207401e-02 
 1.79089111e+00  4.17910889e-02 
 1.79385623e+00  4.18614377e-02 
 1.79682134e+00  4.19317866e-02 
 1.79978645e+00  4.20021355e-02 
 1.80275156e+00  4.20724844e-02 
 1.80571667e+00  4.21428333e-02 
 1.80868177e+00  4.22131823e-02 
 1.81164687e+00  4.22835313e-02 
 1.81461197e+00  4.23538803e-02 
 1.81757706e+00  4.24242294e-02 
 1.82054216e+00  4.24945784e-02 
 1.82350725e+00  4.25649275e-02 
 1.82647235e+00  4.26352765e-02 
 1.82943744e+00  4.27056256e-02 
 1.83240253e+00  4.27759747e-02 
 1.83536762e+00  4.28463238e-02 
 1.83833272e+00  4.29166728e-02 
 1.84129781e+00  4.29870219e-02 
 1.84426290e+00  4.30573710e-02 
 1.84722799e+00  4.31277201e-02 
 1.85019308e+00  4.31980692e-02 
 1.85315818e+00  4.32684182e-02 
 1.85612327e+00  4.33387673e-02 
 1.85908837e+00  4.34091163e-02 
 1.86205347e+00  4.34794653e-02 
 1.86501857e+00  4.35498143e-02 
 1.86798367e+00  4.36201633e-02 
 1.87094878e+00  4.36905122e-02 
 1.87391388e+00  4.37608612e-02 
 1.87687899e+00  4.38312101e-02 
 1.87984410e+00  4.39015590e-02 
 1.88280922e+00  4.39719078e-02 
 1.88577434e+00  4.40422566e-02 
 1.88873946e+00  4.41126054e-02 
 1.89170459e+00  4.41829541e-02 
 1.89466972e+00  4.42533028e-02 
 1.89763485e+00  4.43236515e-02 
 1.90059999e+00  4.43940001e-02 
 1.90356514e+00  4.44643486e-02 
 1.90653029e+00  4.45346971e-02 
 1.90949544e+00  4.46050456e-02 
 1.91246060e+00  4.46753940e-02 
 1.91542576e+00  4.47457424e-02 
 1.91839094e+00  4.48160906e-02 
 1.92135611e+00  4.48864389e-02 
 1.92432130e+00  4.49567870e-02 
 1.92728649e+00  4.50271351e-02 
 1.93025168e+00  4.50974832e-02 
 1.93321689e+00  4.51678311e-02 
 1.93618210e+00  4.52381790e-02 
 1.93914731e+00  4.53085269e-02 
 1.94211254e+00  4.53788746e-02 
 1.94507777e+00  4.54492223e-02 
 1.94804301e+00  4.55195699e-02 
 1.95100826e+00  4.55899174e-02 
 1.95397352e+00  4.56602648e-02 
 1.95693879e+00  4.57306121e-02 
 1.95990407e+00  4.58009593e-02 
 1.96286935e+00  4.58713065e-02 
 1.96583465e+00  4.59416535e-02 
 1.96879995e+00  4.60120005e-02 
 1.97176526e+00  4.60823474e-02 
 1.97473059e+00  4.61526941e-02 
 1.97769592e+00  4.62230408e-02 
 1.98066127e+00  4.62933873e-02 
 1.98362662e+00  4.63637338e-02 
 1.98659199e+00  4.64340801e-02 
 1.98955737e+00  4.65044263e-02 
 1.99252276e+00  4.65747724e-02 
 1.99548816e+00  4.66451184e-02 
 1.99845357e+00  4.67154643e-02 
 2.00141900e+00  4.67858100e-02 
 2.00438443e+00  4.68561557e-02 
 2.00734988e+00  4.69265012e-02 
 2.01031535e+00  4.69968465e-02 
 2.01328082e+00  4.70671918e-02 
 2.01624631e+00  4.71375369e-02 
 2.01921182e+00  4.72078818e-02 
 2.02217733e+00  4.72782267e-02 
 2.02514286e+00  4.73485714e-02 
 2.02810841e+00  4.74189159e-02 
 2.03107397e+00  4.74892603e-02 
 2.03403954e+00  4.75596046e-02 
 2.03700513e+00  4.76299487e-02 
 2.03997074e+00  4.77002926e-02 
 2.04293636e+00  4.77706364e-02 
 2.04590199e+00  4.78409801e-02 
 2.04886764e+00  4.79113236e-02 
 2.05183331e+00  4.79816669e-02 
 2.05479900e+00  4.80520100e-02 
 2.05776470e+00  4.81223530e-02 
 2.06073041e+00  4.81926959e-02 
 2.06369615e+00  4.82630385e-02 
 2.06666190e+00  4.83333810e-02 
 2.06962767e+00  4.84037233e-02 
 2.07259346e+00  4.84740654e-02 
 2.07555926e+00  4.85444074e-02 
 2.07852508e+00  4.86147492e-02 
 2.08149093e+00  4.86850907e-02 
 2.08445679e+00  4.87554321e-02 
 2.08742267e+00  4.88257733e-02 
 2.09038857e+00  4.88961143e-02 
 2.09335448e+00  4.89664552e-02 
 2.09632042e+00  4.90367958e-02 
 2.09928638e+00  4.91071362e-02 
 2.10225236e+00  4.91774764e-02 
 2.10521836e+00  4.92478164e-02 
 2.10818438e+00  4.93181562e-02 
 2.11115042e+00  4.93884958e-02 
 2.11411648e+00  4.94588352e-02 
 2.11708256e+00  4.95291744e-02 
 2.12004867e+00  4.95995133e-02 
 2.12301479e+00  4.96698521e-02 
 2.12598094e+00  4.97401906e-02 
 2.12894711e+00  4.98105289e-02 
 2.13191331e+00  4.98808669e-02 
 2.13487953e+00  4.99512047e-02 
 2.13784577e+00  5.00215423e-02 
 2.14081203e+00  5.00918797e-02 
 2.14377832e+00  5.01622168e-02 
 2.14674463e+00  5.02325537e-02 
 2.14971096e+00  5.03028904e-02 
 2.15267732e+00  5.03732268e-02 
 2.15564371e+00  5.04435629e-02 
 2.15861012e+00  5.05138988e-02 
 2.16157656e+00  5.05842344e-02 
 2.16454302e+00  5.06545698e-02 
 2.16750950e+00  5.07249050e-02 
 2.17047602e+00  5.07952398e-02 
 2.17344255e+00  5.08655745e-02 
 2.17640912e+00  5.09359088e-02 
 2.17937571e+00  5.10062429e-02 
 2.18234233e+00  5.10765767e-02 
 2.18530898e+00  5.11469102e-02 
 2.18827565e+00  5.12172435e-02 
 2.19124235e+00  5.12875765e-02 
 2.19420909e+00  5.13579091e-02 
 2.19717584e+00  5.14282416e-02 
 2.20014263e+00  5.14985737e-02 
 2.20310945e+00  5.15689055e-02 
 2.20607629e+00  5.16392371e-02 
 2.20904317e+00  5.17095683e-02 
 2.21201007e+00  5.17798993e-02 
 2.21497701e+00  5.18502299e-02 
 2.21794397e+00  5.19205603e-02 
 2.22091097e+00  5.19908903e-02 
 2.22387800e+00  5.20612200e-02 
 2.22684505e+00  5.21315495e-02 
 2.22981214e+00  5.22018786e-02 
 2.23277926e+00  5.22722074e-02 
 2.23574642e+00  5.23425358e-02 
 2.23871360e+00  5.24128640e-02 
 2.24168082e+00  5.24831918e-02 
 2.24464807e+00  5.25535193e-02 
 2.24761535e+00  5.26238465e-02 
 2.25058267e+00  5.26941733e-02 
 2.25355002e+00  5.27644998e-02 
 2.25651741e+00  5.28348259e-02 
 2.25948483e+00  5.29051517e-02 
 2.26245228e+00  5.29754772e-02 
 2.26541977e+00  5.30458023e-02 
 2.26838729e+00  5.31161271e-02 
 2.27135485e+00  5.31864515e-02 
 2.27432244e+00  5.32567756e-02 
 2.27729007e+00  5.33270993e-02 
 2.28025774e+00  5.33974226e-02 
 2.28322544e+00  5.34677456e-02 
 2.28619318e+00  5.35380682e-02 
 2.28916096e+00  5.36083904e-02 
 2.29212877e+00  5.36787123e-02 
 2.29509663e+00  5.37490337e-02 
 2.29806452e+00  5.38193548e-02 
 2.30103244e+00  5.38896756e-02 
 2.30400041e+00  5.39599959e-02 
 2.30696842e+00  5.40303158e-02 
 2.30993646e+00  5.41006354e-02 
 2.31290455e+00  5.41709545e-02 
 2.31587267e+00  5.42412733e-02 
 2.31884084e+00  5.43115916e-02 
 2.32180904e+00  5.43819096e-02 
 2.32477729e+00  5.44522271e-02 
 2.32774558e+00  5.45225442e-02 
 2.33071391e+00  5.45928609e-02 
 2.33368228e+00  5.46631772e-02 
 2.33665069e+00  5.47334931e-02 
 2.33961914e+00  5.48038086e-02 
 2.34258764e+00  5.48741236e-02 
 2.34555618e+00  5.49444382e-02 
 2.34852477e+00  5.50147523e-02 
 2.35149339e+00  5.50850661e-02 
 2.35446207e+00  5.51553793e-02 
 2.35743078e+00  5.52256922e-02 
 2.36039954e+00  5.52960046e-02 
 2.36336835e+00  5.53663165e-02 
 2.36633720e+00  5.54366280e-02 
 2.36930609e+00  5.55069391e-02 
 2.37227504e+00  5.55772496e-02 
 2.37524402e+00  5.56475598e-02 
 2.37821306e+00  5.57178694e-02 
 2.38118214e+00  5.57881786e-02 
 2.38415127e+00  5.58584873e-02 
 2.38712045e+00  5.59287955e-02 
 2.39008967e+00  5.59991033e-02 
 2.39305894e+00  5.60694106e-02 
 2.39602827e+00  5.61397173e-02 
 2.39899764e+00  5.62100236e-02 
 2.40196706e+00  5.62803294e-02 
 2.40493653e+00  5.63506347e-02 
 2.40790605e+00  5.64209395e-02 
 2.41087562e+00  5.64912438e-02 
 2.41384524e+00  5.65615476e-02 
 2.41681491e+00  5.66318509e-02 
 2.41978463e+00  5.67021537e-02 
 2.42275441e+00  5.67724559e-02 
 2.42572424e+00  5.68427576e-02 
 2.42869412e+00  5.69130588e-02 
 2.43166405e+00  5.69833595e-02 
 2.43463403e+00  5.70536597e-02 
 2.43760407e+00  5.71239593e-02 
 2.44057417e+00  5.71942583e-02 
 2.44354431e+00  5.72645569e-02 
 2.44651452e+00  5.73348548e-02 
 2.44948478e+00  5.74051522e-02 
 2.45245509e+00  5.74754491e-02 
 2.45542546e+00  5.75457454e-02 
 2.45839588e+00  5.76160412e-02 
 2.46136636e+00  5.76863364e-02 
 2.46433690e+00  5.77566310e-02 
 2.46730750e+00  5.78269250e-02 
 2.47027815e+00  5.78972185e-02 
 2.47324887e+00  5.79675113e-02 
 2.47621964e+00  5.80378036e-02 
 2.47919047e+00  5.81080953e-02 
 2.48216136e+00  5.81783864e-02 
 2.48513230e+00  5.82486770e-02 
 2.48810331e+00  5.83189669e-02 
 2.49107438e+00  5.83892562e-02 
 2.49404551e+00  5.84595449e-02 
 2.49701670e+00  5.85298330e-02 
 2.49998796e+00  5.86001204e-02 
 2.50295927e+00  5.86704073e-02 
 2.50593065e+00  5.87406935e-02 
 2.50890209e+00  5.88109791e-02 
 2.51187360e+00  5.88812640e-02 
 2.51484516e+00  5.89515484e-02 
 2.51781680e+00  5.90218320e-02 
 2.52078849e+00  5.90921151e-02 
 2.52376026e+00  5.91623974e-02 
 2.52673208e+00  5.92326792e-02 
 2.52970398e+00  5.93029602e-02 
 2.53267594e+00  5.93732406e-02 
 2.53564796e+00  5.94435204e-02 
 2.53862006e+00  5.95137994e-02 
 2.54159222e+00  5.95840778e-02 
 2.54456445e+00  5.96543555e-02 
 2.54753675e+00  5.97246325e-02 
 2.55050912e+00  5.97949088e-02 
 2.55348155e+00  5.98651845e-02 
 2.55645406e+00  5.99354594e-02 
 2.55942664e+00  6.00057336e-02 
 2.56239928e+00  6.00760072e-02 
 2.56537200e+00  6.01462800e-02 
 2.56834479e+00  6.02165521e-02 
 2.57131766e+00  6.02868234e-02 
 2.57429059e+00  6.03570941e-02 
 2.57726360e+00  6.04273640e-02 
 2.58023668e+00  6.04976332e-02 
 2.58320984e+00  6.05679016e-02 
 2.58618307e+00  6.06381693e-02 
 2.58915638e+00  6.07084362e-02 
 2.59212976e+00  6.07787024e-02 
 2.59510322e+00  6.08489678e-02 
 2.59807675e+00  6.09192325e-02 
 2.60105036e+00  6.09894964e-02 
 2.60402405e+00  6.10597595e-02 
 2.60699782e+00  6.11300218e-02 
 2.60997166e+00  6.12002834e-02 
 2.61294558e+00  6.12705442e-02 
 2.61591959e+00  6.13408041e-02 
 2.61889367e+00  6.14110633e-02 
 2.62186784e+00  6.14813216e-02 
 2.62484208e+00  6.15515792e-02 
 2.62781641e+00  6.16218359e-02 
 2.63079082e+00  6.16920918e-02 
 2.63376531e+00  6.17623469e-02 
 2.63673988e+00  6.18326012e-02 
 2.63971454e+00  6.19028546e-02 
 2.64268928e+00  6.19731072e-02 
 2.64566411e+00  6.20433589e-02 
 2.64863902e+00  6.21136098e-02 
 2.65161402e+00  6.21838598e-02 
 2.65458910e+00  6.22541090e-02 
 2.65756427e+00  6.23243573e-02 
 2.66053953e+00  6.23946047e-02 
 2.66351488e+00  6.24648512e-02 
 2.66649032e+00  6.25350968e-02 
 2.66946584e+00  6.26053416e-02 
 2.67244145e+00  6.26755855e-02 
 2.67541716e+00  6.27458284e-02 
 2.67839295e+00  6.28160705e-02 
 2.68136884e+00  6.28863116e-02 
 2.68434482e+00  6.29565518e-02 
 2.68732089e+00  6.30267911e-02 
 2.69029706e+00  6.30970294e-02 
 2.69327332e+00  6.31672668e-02 
 2.69624967e+00  6.32375033e-02 
 2.69922612e+00  6.33077388e-02 
 2.70220266e+00  6.33779734e-02 
 2.70517930e+00  6.34482070e-02 
 2.70815604e+00  6.35184396e-02 
 2.71113287e+00  6.35886713e-02 
 2.71410981e+00  6.36589019e-02 
 2.71708684e+00  6.37291316e-02 
 2.72006397e+00  6.37993603e-02 
 2.72304120e+00  6.38695880e-02 
 2.72601853e+00  6.39398147e-02 
 2.72899596e+00  6.40100404e-02 
 2.73197350e+00  6.40802650e-02 
 2.73495114e+00  6.41504886e-02 
 2.73792888e+00  6.42207112e-02 
 2.74090672e+00  6.42909328e-02 
 2.74388467e+00  6.43611533e-02 
 2.74686273e+00  6.44313727e-02 
 2.74984089e+00  6.45015911e-02 
 2.75281916e+00  6.45718084e-02 
 2.75579753e+00  6.46420247e-02 
 2.75877602e+00  6.47122398e-02 
 2.76175461e+00  6.47824539e-02 
 2.76473331e+00  6.48526669e-02 
 2.76771212e+00  6.49228788e-02 
 2.77069104e+00  6.49930896e-02 
 2.77367008e+00  6.50632992e-02 
 2.77664922e+00  6.51335078e-02 
 2.77962848e+00  6.52037152e-02 
 2.78260786e+00  6.52739214e-02 
 2.78558735e+00  6.53441265e-02 
 2.78856695e+00  6.54143305e-02 
 2.79154667e+00  6.54845333e-02 
 2.79452651e+00  6.55547349e-02 
 2.79750646e+00  6.56249354e-02 
 2.80048653e+00  6.56951347e-02 
 2.80346672e+00  6.57653328e-02 
 2.80644704e+00  6.58355296e-02 
 2.80942747e+00  6.59057253e-02 
 2.81240802e+00  6.59759198e-02 
 2.81538870e+00  6.60461130e-02 
 2.81836950e+00  6.61163050e-02 
 2.82135042e+00  6.61864958e-02 
 2.82433147e+00  6.62566853e-02 
 2.82731264e+00  6.63268736e-02 
 2.83029394e+00  6.63970606e-02 
 2.83327537e+00  6.64672463e-02 
 2.83625692e+00  6.65374308e-02 
 2.83923861e+00  6.66076139e-02 
 2.84222042e+00  6.66777958e-02 
 2.84520237e+00  6.67479763e-02 
 2.84818444e+00  6.68181556e-02 
 2.85116665e+00  6.68883335e-02 
 2.85414899e+00  6.69585101e-02 
 2.85713147e+00  6.70286853e-02 
 2.86011408e+00  6.70988592e-02 
 2.86309683e+00  6.71690317e-02 
 2.86607971e+00  6.72392029e-02 
 2.86906274e+00  6.73093726e-02 
 2.87204590e+00  6.73795410e-02 
 2.87502920e+00  6.74497080e-02 
 2.87801264e+00  6.75198736e-02 
 2.88099622e+00  6.75900378e-02 
 2.88397995e+00  6.76602005e-02 
 2.88696382e+00  6.77303618e-02 
 2.88994783e+00  6.78005217e-02 
 2.89293199e+00  6.78706801e-02 
 2.89591630e+00  6.79408370e-02 
 2.89890075e+00  6.80109925e-02 
 2.90188535e+00  6.80811465e-02 
 2.90487011e+00  6.81512989e-02 
 2.90785501e+00  6.82214499e-02 
 2.91084006e+00  6.82915994e-02 
 2.91382527e+00  6.83617473e-02 
 2.91681063e+00  6.84318937e-02 
 2.91979614e+00  6.85020386e-02 
 2.92278181e+00  6.85721819e-02 
 2.92576764e+00  6.86423236e-02 
 2.92875363e+00  6.87124637e-02 
 2.93173977e+00  6.87826023e-02 
 2.93472608e+00  6.88527392e-02 
 2.93771254e+00  6.89228746e-02 
 2.94069917e+00  6.89930083e-02 
 2.94368597e+00  6.90631403e-02 
 2.94667292e+00  6.91332708e-02 
 2.94966005e+00  6.92033995e-02 
 2.95264734e+00  6.92735266e-02 
 2.95563480e+00  6.93436520e-02 
 2.95862243e+00  6.94137757e-02 
 2.96161023e+00  6.94838977e-02 
 2.96459820e+00  6.95540180e-02 
 2.96758634e+00  6.96241366e-02 
 2.97057466e+00  6.96942534e-02 
 2.97356315e+00  6.97643685e-02 
 2.97655182e+00  6.98344818e-02 
 2.97954067e+00  6.99045933e-02 
 2.98252970e+00  6.99747030e-02 
 2.98551891e+00  7.00448109e-02 
 2.98850830e+00  7.01149170e-02 
 2.99149788e+00  7.01850212e-02 
 2.99448764e+00  7.02551236e-02 
 2.99747758e+00  7.03252242e-02 
 3.00046772e+00  7.03953228e-02 
 3.00345804e+00  7.04654196e-02 
 3.00644855e+00  7.05355145e-02 
 3.00943925e+00  7.06056075e-02 
 3.01243015e+00  7.06756985e-02 
 3.01542124e+00  7.07457876e-02 
 3.01841253e+00  7.08158747e-02 
 3.02140401e+00  7.08859599e-02 
 3.02439570e+00  7.09560430e-02 
 3.02738758e+00  7.10261242e-02 
 3.03037966e+00  7.10962034e-02 
 3.03337195e+00  7.11662805e-02 
 3.03636444e+00  7.12363556e-02 
 3.03935714e+00  7.13064286e-02 
 3.04235005e+00  7.13764995e-02 
 3.04534317e+00  7.14465683e-02 
 3.04833649e+00  7.15166351e-02 
 3.05133003e+00  7.15866997e-02 
 3.05432379e+00  7.16567621e-02 
 3.05731776e+00  7.17268224e-02 
 3.06031194e+00  7.17968806e-02 
 3.06330635e+00  7.18669365e-02 
 3.06630098e+00  7.19369902e-02 
 3.06929583e+00  7.20070417e-02 
 3.07229090e+00  7.20770910e-02 
 3.07528620e+00  7.21471380e-02 
 3.07828173e+00  7.22171827e-02 
 3.08127749e+00  7.22872251e-02 
 3.08427348e+00  7.23572652e-02 
 3.08726970e+00  7.24273030e-02 
 3.09026616e+00  7.24973384e-02 
 3.09326285e+00  7.25673715e-02 
 3.09625978e+00  7.26374022e-02 
 3.09925696e+00  7.27074304e-02 
 3.10225437e+00  7.27774563e-02 
 3.10525203e+00  7.28474797e-02 
 3.10824994e+00  7.29175006e-02 
 3.11124810e+00  7.29875190e-02 
 3.11424650e+00  7.30575350e-02 
 3.11724516e+00  7.31275484e-02 
 3.12024407e+00  7.31975593e-02 
 3.12324324e+00  7.32675676e-02 
 3.12624267e+00  7.33375733e-02 
 3.12924235e+00  7.34075765e-02 
 3.13224231e+00  7.34775769e-02 
 3.13524252e+00  7.35475748e-02 
 3.13824300e+00  7.36175700e-02 
 3.14124376e+00  7.36875624e-02 
 3.14424478e+00  7.37575522e-02 
 3.14724608e+00  7.38275392e-02 
 3.15024765e+00  7.38975235e-02 
 3.15324950e+00  7.39675050e-02 
 3.15625164e+00  7.40374836e-02 
 3.15925405e+00  7.41074595e-02 
 3.16225675e+00  7.41774325e-02 
 3.16525974e+00  7.42474026e-02 
 3.16826302e+00  7.43173698e-02 
 3.17126660e+00  7.43873340e-02 
 3.17427046e+00  7.44572954e-02 
 3.17727463e+00  7.45272537e-02 
 3.18027910e+00  7.45972090e-02 
 3.18328387e+00  7.46671613e-02 
 3.18628894e+00  7.47371106e-02 
 3.18929432e+00  7.48070568e-02 
 3.19230002e+00  7.48769998e-02 
 3.19530603e+00  7.49469397e-02 
 3.19831235e+00  7.50168765e-02 
 3.20131899e+00  7.50868101e-02 
 3.20432596e+00  7.51567404e-02 
 3.20733325e+00  7.52266675e-02 
 3.21034087e+00  7.52965913e-02 
 3.21334882e+00  7.53665118e-02 
 3.21635710e+00  7.54364290e-02 
 3.21936572e+00  7.55063428e-02 
 3.22237468e+00  7.55762532e-02 
 3.22538398e+00  7.56461602e-02 
 3.22839363e+00  7.57160637e-02 
 3.23140363e+00  7.57859637e-02 
 3.23441398e+00  7.58558602e-02 
 3.23742468e+00  7.59257532e-02 
 3.24043574e+00  7.59956426e-02 
 3.24344717e+00  7.60655283e-02 
 3.24645896e+00  7.61354104e-02 
 3.24947112e+00  7.62052888e-02 
 3.25248365e+00  7.62751635e-02 
 3.25549656e+00  7.63450344e-02 
 3.25850985e+00  7.64149015e-02 
 3.26152352e+00  7.64847648e-02 
 3.26453758e+00  7.65546242e-02 
 3.26755203e+00  7.66244797e-02 
 3.27056687e+00  7.66943313e-02 
 3.27358211e+00  7.67641789e-02 
 3.27659775e+00  7.68340225e-02 
 3.27961380e+00  7.69038620e-02 
 3.28263026e+00  7.69736974e-02 
 3.28564713e+00  7.70435287e-02 
 3.28866442e+00  7.71133558e-02 
 3.29168213e+00  7.71831787e-02 
 3.29470026e+00  7.72529974e-02 
 3.29771883e+00  7.73228117e-02 
 3.30073783e+00  7.73926217e-02 
 3.30375727e+00  7.74624273e-02 
 3.30677715e+00  7.75322285e-02 
 3.30979748e+00  7.76020252e-02 
 3.31281827e+00  7.76718173e-02 
 3.31583951e+00  7.77416049e-02 
 3.31886121e+00  7.78113879e-02 
 3.32188338e+00  7.78811662e-02 
 3.32490602e+00  7.79509398e-02 
 3.32792913e+00  7.80207087e-02 
 3.33095273e+00  7.80904727e-02 
 3.33397681e+00  7.81602319e-02 
 3.33700139e+00  7.82299861e-02 
 3.34002646e+00  7.82997354e-02 
 3.34305203e+00  7.83694797e-02 
 3.34607811e+00  7.84392189e-02 
 3.34910470e+00  7.85089530e-02 
 3.35213181e+00  7.85786819e-02 
 3.35515944e+00  7.86484056e-02 
 3.35818761e+00  7.87181239e-02 
 3.36121630e+00  7.87878370e-02 
 3.36424554e+00  7.88575446e-02 
 3.36727533e+00  7.89272467e-02 
 3.37030567e+00  7.89969433e-02 
 3.37333657e+00  7.90666343e-02 
 3.37636803e+00  7.91363197e-02 
 3.37940007e+00  7.92059993e-02 
 3.38243268e+00  7.92756732e-02 
 3.38546588e+00  7.93453412e-02 
 3.38849967e+00  7.94150033e-02 
 3.39153406e+00  7.94846594e-02 
 3.39456906e+00  7.95543094e-02 
 3.39760466e+00  7.96239534e-02 
 3.40064089e+00  7.96935911e-02 
 3.40367774e+00  7.97632226e-02 
 3.40671523e+00  7.98328477e-02 
 3.40975336e+00  7.99024664e-02 
 3.41279214e+00  7.99720786e-02 
 3.41583157e+00  8.00416843e-02 
 3.41887167e+00  8.01112833e-02 
 3.42191245e+00  8.01808755e-02 
 3.42495390e+00  8.02504610e-02 
 3.42799605e+00  8.03200395e-02 
 3.43103889e+00  8.03896111e-02 
 3.43408244e+00  8.04591756e-02 
 3.43712670e+00  8.05287330e-02 
 3.44017169e+00  8.05982831e-02 
 3.44321741e+00  8.06678259e-02 
 3.44626388e+00  8.07373612e-02 
 3.44931110e+00  8.08068890e-02 
 3.45235908e+00  8.08764092e-02 
 3.45540783e+00  8.09459217e-02 
 3.45845736e+00  8.10154264e-02 
 3.46150768e+00  8.10849232e-02 
 3.46455881e+00  8.11544119e-02 
 3.46761075e+00  8.12238925e-02 
 3.47066351e+00  8.12933649e-02 
 3.47371711e+00  8.13628289e-02 
 3.47677156e+00  8.14322844e-02 
 3.47982686e+00  8.15017314e-02 
 3.48288303e+00  8.15711697e-02 
 3.48594008e+00  8.16405992e-02 
 3.48899802e+00  8.17100198e-02 
 3.49205687e+00  8.17794313e-02 
 3.49511664e+00  8.18488336e-02 
 3.49817733e+00  8.19182267e-02 
 3.50123898e+00  8.19876102e-02 
 3.50430157e+00  8.20569843e-02 
 3.50736514e+00  8.21263486e-02 
 3.51042970e+00  8.21957030e-02 
 3.51349525e+00  8.22650475e-02 
 3.51656182e+00  8.23343818e-02 
 3.51962942e+00  8.24037058e-02 
 3.52269806e+00  8.24730194e-02 
 3.52576776e+00  8.25423224e-02 
 3.52883853e+00  8.26116147e-02 
 3.53191040e+00  8.26808960e-02 
 3.53498338e+00  8.27501662e-02 
 3.53805748e+00  8.28194252e-02 
 3.54113272e+00  8.28886728e-02 
 3.54420912e+00  8.29579088e-02 
 3.54728670e+00  8.30271330e-02 
 3.55036548e+00  8.30963452e-02 
 3.55344548e+00  8.31655452e-02 
 3.55652671e+00  8.32347329e-02 
 3.55960919e+00  8.33039081e-02 
 3.56269295e+00  8.33730705e-02 
 3.56577801e+00  8.34422199e-02 
 3.56886439e+00  8.35113561e-02 
 3.57195210e+00  8.35804790e-02 
 3.57504118e+00  8.36495882e-02 
 3.57813164e+00  8.37186836e-02 
 3.58122351e+00  8.37877649e-02 
 3.58431682e+00  8.38568318e-02 
 3.58741158e+00  8.39258842e-02 
 3.59050782e+00  8.39949218e-02 
 3.59360558e+00  8.40639442e-02 
 3.59670487e+00  8.41329513e-02 
 3.59980572e+00  8.42019428e-02 
 3.60290816e+00  8.42709184e-02 
 3.60601222e+00  8.43398778e-02 
 3.60911794e+00  8.44088206e-02 
 3.61222533e+00  8.44777467e-02 
 3.61533443e+00  8.45466557e-02 
 3.61844528e+00  8.46155472e-02 
 3.62155791e+00  8.46844209e-02 
 3.62467234e+00  8.47532766e-02 
 3.62778862e+00  8.48221138e-02 
 3.63090678e+00  8.48909322e-02 
 3.63402686e+00  8.49597314e-02 
 3.63714889e+00  8.50285111e-02 
 3.64027292e+00  8.50972708e-02 
 3.64339899e+00  8.51660101e-02 
 3.64652713e+00  8.52347287e-02 
 3.64965740e+00  8.53034260e-02 
 3.65278982e+00  8.53721018e-02 
 3.65592446e+00  8.54407554e-02 
 3.65906135e+00  8.55093865e-02 
 3.66220054e+00  8.55779946e-02 
 3.66534209e+00  8.56465791e-02 
 3.66848605e+00  8.57151395e-02 
 3.67163246e+00  8.57836754e-02 
 3.67478138e+00  8.58521862e-02 
 3.67793288e+00  8.59206712e-02 
 3.68108700e+00  8.59891300e-02 
 3.68424381e+00  8.60575619e-02 
 3.68740337e+00  8.61259663e-02 
 3.69056575e+00  8.61943425e-02 
 3.69373101e+00  8.62626899e-02 
 3.69689922e+00  8.63310078e-02 
 3.70007045e+00  8.63992955e-02 
 3.70324478e+00  8.64675522e-02 
 3.70642228e+00  8.65357772e-02 
 3.70960304e+00  8.66039696e-02 
 3.71278714e+00  8.66721286e-02 
 3.71597465e+00  8.67402535e-02 
 3.71916568e+00  8.68083432e-02 
 3.72236031e+00  8.68763969e-02 
 3.72555865e+00  8.69444135e-02 
 3.72876078e+00  8.70123922e-02 
 3.73196682e+00  8.70803318e-02 
 3.73517686e+00  8.71482314e-02 
 3.73839104e+00  8.72160896e-02 
 3.74160945e+00  8.72839055e-02 
 3.74483223e+00  8.73516777e-02 
 3.74805950e+00  8.74194050e-02 
 3.75129140e+00  8.74870860e-02 
 3.75452805e+00  8.75547195e-02 
 3.75776962e+00  8.76223038e-02 
 3.76101624e+00  8.76898376e-02 
 3.76426808e+00  8.77573192e-02 
 3.76752530e+00  8.78247470e-02 
 3.77078808e+00  8.78921192e-02 
 3.77405660e+00  8.79594340e-02 
 3.77733104e+00  8.80266896e-02 
 3.78061161e+00  8.80938839e-02 
 3.78389852e+00  8.81610148e-02 
 3.78719198e+00  8.82280802e-02 
 3.79049223e+00  8.82950777e-02 
 3.79379951e+00  8.83620049e-02 
 3.79711408e+00  8.84288592e-02 
 3.80043621e+00  8.84956379e-02 
 3.80376618e+00  8.85623382e-02 
 3.80710429e+00  8.86289571e-02 
 3.81045085e+00  8.86954915e-02 
 3.81380622e+00  8.87619378e-02 
 3.81717073e+00  8.88282927e-02 
 3.82054478e+00  8.88945522e-02 
 3.82392874e+00  8.89607126e-02 
 3.82732306e+00  8.90267694e-02 
 3.83072817e+00  8.90927183e-02 
 3.83414456e+00  8.91585544e-02 
 3.83757274e+00  8.92242726e-02 
 3.84101325e+00  8.92898675e-02 
 3.84446667e+00  8.93553333e-02 
 3.84793362e+00  8.94206638e-02 
 3.85141476e+00  8.94858524e-02 
 3.85491081e+00  8.95508919e-02 
 3.85842253e+00  8.96157747e-02 
 3.86195073e+00  8.96804927e-02 
 3.86549629e+00  8.97450371e-02 
 3.86906018e+00  8.98093982e-02 
 3.87264341e+00  8.98735659e-02 
 3.87624708e+00  8.99375292e-02 
 3.87987241e+00  9.00012759e-02 
 3.88352069e+00  9.00647931e-02 
 3.88719332e+00  9.01280668e-02 
 3.89089186e+00  9.01910814e-02 
 3.89461797e+00  9.02538203e-02 
 3.89837348e+00  9.03162652e-02 
 3.90216040e+00  9.03783960e-02 
 3.90598092e+00  9.04401908e-02 
 3.90983745e+00  9.05016255e-02 
 3.91373263e+00  9.05626737e-02 
 3.91766940e+00  9.06233060e-02 
 3.92165097e+00  9.06834903e-02 
 3.92568091e+00  9.07431909e-02 
 3.92976318e+00  9.08023682e-02 
 3.93390216e+00  9.08609784e-02 
 3.93810273e+00  9.09189727e-02 
 3.94237032e+00  9.09762968e-02 
 3.94671095e+00  9.10328905e-02 
 3.95113133e+00  9.10886867e-02 
 3.95563896e+00  9.11436104e-02 
 3.96024211e+00  9.11975789e-02 
 3.96494998e+00  9.12505002e-02 
 3.96977272e+00  9.13022728e-02 
 3.97472145e+00  9.13527855e-02 
 3.97980825e+00  9.14019175e-02 
 3.98504611e+00  9.14495389e-02 
 3.99044872e+00  9.14955128e-02 
 3.99603019e+00  9.15396981e-02 
 4.00180464e+00  9.15819536e-02 
 4.00778548e+00  9.16221452e-02 
 4.01398467e+00  9.16601533e-02 
 4.02041173e+00  9.16958827e-02 
 4.02707276e+00  9.17292724e-02 
 4.03396953e+00  9.17603047e-02 
 4.04109891e+00  9.17890109e-02 
 4.04845269e+00  9.18154731e-02 
 4.05601803e+00  9.18398197e-02 
 4.06377831e+00  9.18622169e-02 
 4.07171436e+00  9.18828564e-02 
 4.07980581e+00  9.19019419e-02 
 4.08803232e+00  9.19196768e-02 
 4.09637455e+00  9.19362545e-02 
 4.10481478e+00  9.19518522e-02 
 4.11333731e+00  9.19666269e-02 
 4.12192851e+00  9.19807149e-02 
 4.13057677e+00  9.19942323e-02 
 4.13927235e+00  9.20072765e-02 
 4.14800710e+00  9.20199290e-02 
 4.15677430e+00  9.20322570e-02 
 4.16556840e+00  9.20443160e-02 
 4.17438481e+00  9.20561519e-02 
 4.18321978e+00  9.20678022e-02 
 4.19207019e+00  9.20792981e-02 
 4.20093349e+00  9.20906651e-02 
 4.20980756e+00  9.21019244e-02 
 4.21869065e+00  9.21130935e-02 
 4.22758130e+00  9.21241870e-02 
 4.23647830e+00  9.21352170e-02 
 4.24538063e+00  9.21461937e-02 
 4.25428746e+00  9.21571254e-02 
 4.26319808e+00  9.21680192e-02 
 4.27211189e+00  9.21788811e-02 
 4.28102840e+00  9.21897160e-02 
 4.28994719e+00  9.22005281e-02 
 4.29886791e+00  9.22113209e-02 
 4.30779026e+00  9.22220974e-02 
 4.31671399e+00  9.22328601e-02 
 4.32563889e+00  9.22436111e-02 
 4.33456478e+00  9.22543522e-02 
 4.34349151e+00  9.22650849e-02 
 4.35241894e+00  9.22758106e-02 
 4.36134698e+00  9.22865302e-02 
 4.37027553e+00  9.22972447e-02 
 4.37920452e+00  9.23079548e-02 
 4.38813387e+00  9.23186613e-02 
 4.39706353e+00  9.23293647e-02 
 4.40599346e+00  9.23400654e-02 
 4.41492361e+00  9.23507639e-02 
 4.42385395e+00  9.23614605e-02 
 4.43278445e+00  9.23721555e-02 
 4.44171509e+00  9.23828491e-02 
 4.45064584e+00  9.23935416e-02 
 4.45957669e+00  9.24042331e-02 
 4.46850763e+00  9.24149237e-02 
 4.47743864e+00  9.24256136e-02 
 4.48636970e+00  9.24363030e-02 
 4.49530082e+00  9.24469918e-02 
 4.50423198e+00  9.24576802e-02 
 4.51316318e+00  9.24683682e-02 
 4.52209441e+00  9.24790559e-02 
 4.53102567e+00  9.24897433e-02 
 4.53995695e+00  9.25004305e-02 
 4.54888824e+00  9.25111176e-02 
 4.55781956e+00  9.25218044e-02 
 4.56675089e+00  9.25324911e-02 
 4.57568223e+00  9.25431777e-02 
 4.58461358e+00  9.25538642e-02 
 4.59354493e+00  9.25645507e-02 
 4.60247630e+00  9.25752370e-02 
 4.61140767e+00  9.25859233e-02 
 4.62033904e+00  9.25966096e-02 
 4.62927043e+00  9.26072957e-02 
 4.63820181e+00  9.26179819e-02 
 4.64713320e+00  9.26286680e-02 
 4.65606459e+00  9.26393541e-02 
 4.66499598e+00  9.26500402e-02 
 4.67392737e+00  9.26607263e-02 
 4.68285877e+00  9.26714123e-02 
 4.69179017e+00  9.26820983e-02 
 4.70072156e+00  9.26927844e-02 
 4.70965296e+00  9.27034704e-02 
 4.71858436e+00  9.27141564e-02 
 4.72751576e+00  9.27248424e-02 
 4.73644717e+00  9.27355283e-02 
 4.74537857e+00  9.27462143e-02 
 4.75430997e+00  9.27569003e-02 
 4.76324137e+00  9.27675863e-02 
 4.77217278e+00  9.27782722e-02 
 4.78110418e+00  9.27889582e-02 
 4.79003558e+00  9.27996442e-02 
 4.79896699e+00  9.28103301e-02 
 4.80789839e+00  9.28210161e-02 
 4.81682979e+00  9.28317021e-02 
 4.82576120e+00  9.28423880e-02 
 4.83469260e+00  9.28530740e-02 
 4.84362401e+00  9.28637599e-02 
 4.85255541e+00  9.28744459e-02 
 4.86148682e+00  9.28851318e-02 
 4.87041822e+00  9.28958178e-02 
 4.87934963e+00  9.29065037e-02 
 4.88828103e+00  9.29171897e-02 
 4.89721244e+00  9.29278756e-02 
 4.90614384e+00  9.29385616e-02 
 4.91507524e+00  9.29492476e-02 
 4.92400665e+00  9.29599335e-02 
 4.93293805e+00  9.29706195e-02 
 4.94186946e+00  9.29813054e-02 
 4.95080086e+00  9.29919914e-02 
 4.95973227e+00  9.30026773e-02 
 4.96866367e+00  9.30133633e-02 
 4.97759508e+00  9.30240492e-02 
 4.98652648e+00  9.30347352e-02 
 4.99545789e+00  9.30454211e-02 
 5.00438929e+00  9.30561071e-02 
 5.01332070e+00  9.30667930e-02 
 5.02225210e+00  9.30774790e-02 
 5.03118351e+00  9.30881649e-02 
 5.04011491e+00  9.30988509e-02 
 5.04904632e+00  9.31095368e-02 
 5.05797772e+00  9.31202228e-02 
 5.06690913e+00  9.31309087e-02 
 5.07584053e+00  9.31415947e-02 
 5.08477194e+00  9.31522806e-02 
 5.09370334e+00  9.31629666e-02 
 5.10263474e+00  9.31736526e-02 
 5.11156615e+00  9.31843385e-02 
 5.12049755e+00  9.31950245e-02 
 5.12942896e+00  9.32057104e-02 
 5.13836036e+00  9.32163964e-02 
 5.14729177e+00  9.32270823e-02 
 5.15622317e+00  9.32377683e-02 
 5.16515458e+00  9.32484542e-02 
 5.17408598e+00  9.32591402e-02 
 5.18301739e+00  9.32698261e-02 
 5.19194879e+00  9.32805121e-02 
 5.20088020e+00  9.32911980e-02 
 5.20981160e+00  9.33018840e-02 
 5.21874301e+00  9.33125699e-02 
 5.22767441e+00  9.33232559e-02 
 5.23660582e+00  9.33339418e-02 
 5.24553722e+00  9.33446278e-02 
 5.25446863e+00  9.33553137e-02 
 5.26340003e+00  9.33659997e-02 
 5.27233144e+00  9.33766856e-02 
 5.28126284e+00  9.33873716e-02 
 5.29019425e+00  9.33980575e-02 
 5.29912565e+00  9.34087435e-02 
 5.30805706e+00  9.34194294e-02 
 5.31698846e+00  9.34301154e-02 
 5.32591987e+00  9.34408013e-02 
 5.33485127e+00  9.34514873e-02 
 5.34378267e+00  9.34621733e-02 
 5.35271408e+00  9.34728592e-02 
 5.36164548e+00  9.34835452e-02 
 5.37057689e+00  9.34942311e-02 
 5.37950829e+00  9.35049171e-02 
 5.38843970e+00  9.35156030e-02 
 5.39737110e+00  9.35262890e-02 
 5.40630251e+00  9.35369749e-02 
 5.41523391e+00  9.35476609e-02 
 5.42416532e+00  9.35583468e-02 
 5.43309672e+00  9.35690328e-02 
 5.44202813e+00  9.35797187e-02 
 5.45095953e+00  9.35904047e-02 
 5.45989094e+00  9.36010906e-02 
 5.46882234e+00  9.36117766e-02 
 5.47775375e+00  9.36224625e-02 
 5.48668515e+00  9.36331485e-02 
 5.49561656e+00  9.36438344e-02 
 5.50454796e+00  9.36545204e-02 
 5.51347937e+00  9.36652063e-02 
 5.52241077e+00  9.36758923e-02 
 5.53134218e+00  9.36865782e-02 
 5.54027358e+00  9.36972642e-02 
 5.54920499e+00  9.37079501e-02 
 5.55813639e+00  9.37186361e-02 
 5.56706780e+00  9.37293220e-02 
 5.57599920e+00  9.37400080e-02 
 5.58493061e+00  9.37506939e-02 
 5.59386201e+00  9.37613799e-02 
 5.60279341e+00  9.37720659e-02 
 5.61172482e+00  9.37827518e-02 
 5.62065622e+00  9.37934378e-02 
