 2.34386674e-03 -2.34386674e-05 
 6.02344052e-03  3.97655948e-05 
 9.67874404e-03  1.03212560e-04 
 1.33112714e-02  1.66887286e-04 
 1.69224153e-02  2.30775847e-04 
 2.05134396e-02  2.94865604e-04 
 2.40855037e-02  3.59144963e-04 
 2.76396734e-02  4.23603266e-04 
 3.11769305e-02  4.88230695e-04 
 3.46981811e-02  5.53018189e-04 
 3.82042631e-02  6.17957369e-04 
 4.16959526e-02  6.83040474e-04 
 4.51739696e-02  7.48260304e-04 
 4.86389834e-02  8.13610166e-04 
 5.20916171e-02  8.79083829e-04 
 5.55324513e-02  9.44675487e-04 
 5.89620285e-02  1.01037971e-03 
 6.23808556e-02  1.07619144e-03 
 6.57894073e-02  1.14210593e-03 
 6.91881286e-02  1.20811871e-03 
 7.25774371e-02  1.27422563e-03 
 7.59577254e-02  1.34042275e-03 
 7.93293628e-02  1.40670637e-03 
 8.26926972e-02  1.47307303e-03 
 8.60480567e-02  1.53951943e-03 
 8.93957508e-02  1.60604249e-03 
 9.27360722e-02  1.67263928e-03 
 9.60692977e-02  1.73930702e-03 
 9.93956893e-02  1.80604311e-03 
 1.02715495e-01  1.87284505e-03 
 1.06028951e-01  1.93971049e-03 
 1.09336281e-01  2.00663719e-03 
 1.12637697e-01  2.07362303e-03 
 1.15933400e-01  2.14066600e-03 
 1.19223584e-01  2.20776416e-03 
 1.22508432e-01  2.27491568e-03 
 1.25788117e-01  2.34211883e-03 
 1.29062807e-01  2.40937193e-03 
 1.32332660e-01  2.47667340e-03 
 1.35597828e-01  2.54402172e-03 
 1.38858457e-01  2.61141543e-03 
 1.42114684e-01  2.67885316e-03 
 1.45366643e-01  2.74633357e-03 
 1.48614461e-01  2.81385539e-03 
 1.51858259e-01  2.88141741e-03 
 1.55098155e-01  2.94901845e-03 
 1.58334261e-01  3.01665739e-03 
 1.61566683e-01  3.08433317e-03 
 1.64795526e-01  3.15204474e-03 
 1.68020889e-01  3.21979111e-03 
 1.71242866e-01  3.28757134e-03 
 1.74461551e-01  3.35538449e-03 
 1.77677031e-01  3.42322969e-03 
 1.80889391e-01  3.49110609e-03 
 1.84098713e-01  3.55901287e-03 
 1.87305076e-01  3.62694924e-03 
 1.90508557e-01  3.69491443e-03 
 1.93709228e-01  3.76290772e-03 
 1.96907161e-01  3.83092839e-03 
 2.00102423e-01  3.89897577e-03 
 2.03295082e-01  3.96704918e-03 
 2.06485201e-01  4.03514799e-03 
 2.09672841e-01  4.10327159e-03 
 2.12858063e-01  4.17141937e-03 
 2.16040924e-01  4.23959076e-03 
 2.19221479e-01  4.30778521e-03 
 2.22399784e-01  4.37600216e-03 
 2.25575890e-01  4.44424110e-03 
 2.28749848e-01  4.51250152e-03 
 2.31921708e-01  4.58078292e-03 
 2.35091516e-01  4.64908484e-03 
 2.38259320e-01  4.71740680e-03 
 2.41425164e-01  4.78574836e-03 
 2.44589091e-01  4.85410909e-03 
 2.47751145e-01  4.92248855e-03 
 2.50911365e-01  4.99088635e-03 
 2.54069793e-01  5.05930207e-03 
 2.57226466e-01  5.12773534e-03 
 2.60381422e-01  5.19618578e-03 
 2.63534698e-01  5.26465302e-03 
 2.66686330e-01  5.33313670e-03 
 2.69836351e-01  5.40163649e-03 
 2.72984797e-01  5.47015203e-03 
 2.76131699e-01  5.53868301e-03 
 2.79277090e-01  5.60722910e-03 
 2.82421000e-01  5.67579000e-03 
 2.85563461e-01  5.74436539e-03 
 2.88704501e-01  5.81295499e-03 
 2.91844149e-01  5.88155851e-03 
 2.94982434e-01  5.95017566e-03 
 2.98119383e-01  6.01880617e-03 
 3.01255022e-01  6.08744978e-03 
 3.04389378e-01  6.15610622e-03 
 3.07522476e-01  6.22477524e-03 
 3.10654341e-01  6.29345659e-03 
 3.13784997e-01  6.36215003e-03 
 3.16914467e-01  6.43085533e-03 
 3.20042776e-01  6.49957224e-03 
 3.23169945e-01  6.56830055e-03 
 3.26295997e-01  6.63704003e-03 
 3.29420952e-01  6.70579048e-03 
 3.32544834e-01  6.77455166e-03 
 3.35667661e-01  6.84332339e-03 
 3.38789454e-01  6.91210546e-03 
 3.41910234e-01  6.98089766e-03 
 3.45030018e-01  7.04969982e-03 
 3.48148827e-01  7.11851173e-03 
 3.51266679e-01  7.18733321e-03 
 3.54383592e-01  7.25616408e-03 
 3.57499583e-01  7.32500417e-03 
 3.60614671e-01  7.39385329e-03 
 3.63728872e-01  7.46271128e-03 
 3.66842203e-01  7.53157797e-03 
 3.69954680e-01  7.60045320e-03 
 3.73066320e-01  7.66933680e-03 
 3.76177138e-01  7.73822862e-03 
 3.79287151e-01  7.80712849e-03 
 3.82396372e-01  7.87603628e-03 
 3.85504817e-01  7.94495183e-03 
 3.88612501e-01  8.01387499e-03 
 3.91719438e-01  8.08280562e-03 
 3.94825642e-01  8.15174358e-03 
 3.97931127e-01  8.22068873e-03 
 4.01035906e-01  8.28964094e-03 
 4.04139994e-01  8.35860006e-03 
 4.07243402e-01  8.42756598e-03 
 4.10346145e-01  8.49653855e-03 
 4.13448235e-01  8.56551765e-03 
 4.16549684e-01  8.63450316e-03 
 4.19650505e-01  8.70349495e-03 
 4.22750709e-01  8.77249291e-03 
 4.25850309e-01  8.84149691e-03 
 4.28949316e-01  8.91050684e-03 
 4.32047743e-01  8.97952257e-03 
 4.35145599e-01  9.04854401e-03 
 4.38242897e-01  9.11757103e-03 
 4.41339648e-01  9.18660352e-03 
 4.44435862e-01  9.25564138e-03 
 4.47531550e-01  9.32468450e-03 
 4.50626722e-01  9.39373278e-03 
 4.53721390e-01  9.46278610e-03 
 4.56815562e-01  9.53184438e-03 
 4.59909250e-01  9.60090750e-03 
 4.63002464e-01  9.66997536e-03 
 4.66095212e-01  9.73904788e-03 
 4.69187506e-01  9.80812494e-03 
 4.72279353e-01  9.87720647e-03 
 4.75370765e-01  9.94629235e-03 
 4.78461750e-01  1.00153825e-02 
 4.81552317e-01  1.00844768e-02 
 4.84642476e-01  1.01535752e-02 
 4.87732235e-01  1.02226776e-02 
 4.90821604e-01  1.02917840e-02 
 4.93910591e-01  1.03608941e-02 
 4.96999205e-01  1.04300080e-02 
 5.00087454e-01  1.04991255e-02 
 5.03175347e-01  1.05682465e-02 
 5.06262893e-01  1.06373711e-02 
 5.09350099e-01  1.07064990e-02 
 5.12436974e-01  1.07756303e-02 
 5.15523526e-01  1.08447647e-02 
 5.18609763e-01  1.09139024e-02 
 5.21695693e-01  1.09830431e-02 
 5.24781324e-01  1.10521868e-02 
 5.27866664e-01  1.11213334e-02 
 5.30951721e-01  1.11904828e-02 
 5.34036501e-01  1.12596350e-02 
 5.37121013e-01  1.13287899e-02 
 5.40205265e-01  1.13979473e-02 
 5.43289264e-01  1.14671074e-02 
 5.46373016e-01  1.15362698e-02 
 5.49456531e-01  1.16054347e-02 
 5.52539814e-01  1.16746019e-02 
 5.55622873e-01  1.17437713e-02 
 5.58705716e-01  1.18129428e-02 
 5.61788349e-01  1.18821165e-02 
 5.64870780e-01  1.19512922e-02 
 5.67953016e-01  1.20204698e-02 
 5.71035063e-01  1.20896494e-02 
 5.74116928e-01  1.21588307e-02 
 5.77198620e-01  1.22280138e-02 
 5.80280143e-01  1.22971986e-02 
 5.83361506e-01  1.23663849e-02 
 5.86442715e-01  1.24355729e-02 
 5.89523776e-01  1.25047622e-02 
 5.92604697e-01  1.25739530e-02 
 5.95685485e-01  1.26431452e-02 
 5.98766145e-01  1.27123386e-02 
 6.01846684e-01  1.27815332e-02 
 6.04927110e-01  1.28507289e-02 
 6.08007428e-01  1.29199257e-02 
 6.11087646e-01  1.29891235e-02 
 6.14167769e-01  1.30583223e-02 
 6.17247804e-01  1.31275220e-02 
 6.20327759e-01  1.31967224e-02 
 6.23407638e-01  1.32659236e-02 
 6.26487449e-01  1.33351255e-02 
 6.29567198e-01  1.34043280e-02 
 6.32646892e-01  1.34735311e-02 
 6.35726537e-01  1.35427346e-02 
 6.38806139e-01  1.36119386e-02 
 6.41885705e-01  1.36811429e-02 
 6.44965241e-01  1.37503476e-02 
 6.48044754e-01  1.38195525e-02 
 6.51124250e-01  1.38887575e-02 
 6.54203734e-01  1.39579627e-02 
 6.57283215e-01  1.40271679e-02 
 6.60362697e-01  1.40963730e-02 
 6.63442188e-01  1.41655781e-02 
 6.66521694e-01  1.42347831e-02 
 6.69601220e-01  1.43039878e-02 
 6.72680775e-01  1.43731923e-02 
 6.75760363e-01  1.44423964e-02 
 6.78839991e-01  1.45116001e-02 
 6.81919666e-01  1.45808033e-02 
 6.84999394e-01  1.46500061e-02 
 6.88079181e-01  1.47192082e-02 
 6.91159035e-01  1.47884097e-02 
 6.94238961e-01  1.48576104e-02 
 6.97318965e-01  1.49268103e-02 
 7.00399055e-01  1.49960094e-02 
 7.03479237e-01  1.50652076e-02 
 7.06559517e-01  1.51344048e-02 
 7.09639902e-01  1.52036010e-02 
 7.12720399e-01  1.52727960e-02 
 7.15801013e-01  1.53419899e-02 
 7.18881753e-01  1.54111825e-02 
 7.21962623e-01  1.54803738e-02 
 7.25043632e-01  1.55495637e-02 
 7.28124785e-01  1.56187521e-02 
 7.31206090e-01  1.56879391e-02 
 7.34287553e-01  1.57571245e-02 
 7.37369181e-01  1.58263082e-02 
 7.40450981e-01  1.58954902e-02 
 7.43532959e-01  1.59646704e-02 
 7.46615124e-01  1.60338488e-02 
 7.49697481e-01  1.61030252e-02 
 7.52780038e-01  1.61721996e-02 
 7.55862801e-01  1.62413720e-02 
 7.58945779e-01  1.63105422e-02 
 7.62028977e-01  1.63797102e-02 
 7.65112404e-01  1.64488760e-02 
 7.68196067e-01  1.65180393e-02 
 7.71279972e-01  1.65872003e-02 
 7.74364128e-01  1.66563587e-02 
 7.77448541e-01  1.67255146e-02 
 7.80533219e-01  1.67946678e-02 
 7.83618171e-01  1.68638183e-02 
 7.86703402e-01  1.69329660e-02 
 7.89788922e-01  1.70021108e-02 
 7.92874738e-01  1.70712526e-02 
 7.95960858e-01  1.71403914e-02 
 7.99047289e-01  1.72095271e-02 
 8.02134040e-01  1.72786596e-02 
 8.05221119e-01  1.73477888e-02 
 8.08308533e-01  1.74169147e-02 
 8.11396292e-01  1.74860371e-02 
 8.14484404e-01  1.75551560e-02 
 8.17572876e-01  1.76242712e-02 
 8.20661718e-01  1.76933828e-02 
 8.23750937e-01  1.77624906e-02 
 8.26840544e-01  1.78315946e-02 
 8.29930546e-01  1.79006945e-02 
 8.33020953e-01  1.79697905e-02 
 8.36111773e-01  1.80388823e-02 
 8.39203016e-01  1.81079698e-02 
 8.42294691e-01  1.81770531e-02 
 8.45386807e-01  1.82461319e-02 
 8.48479373e-01  1.83152063e-02 
 8.51572401e-01  1.83842760e-02 
 8.54665898e-01  1.84533410e-02 
 8.57759875e-01  1.85224013e-02 
 8.60854342e-01  1.85914566e-02 
 8.63949308e-01  1.86605069e-02 
 8.67044786e-01  1.87295521e-02 
 8.70140783e-01  1.87985922e-02 
 8.73237313e-01  1.88676269e-02 
 8.76334384e-01  1.89366562e-02 
 8.79432008e-01  1.90056799e-02 
 8.82530195e-01  1.90746980e-02 
 8.85628958e-01  1.91437104e-02 
 8.88728307e-01  1.92127169e-02 
 8.91828254e-01  1.92817175e-02 
 8.94928811e-01  1.93507119e-02 
 8.98029990e-01  1.94197001e-02 
 9.01131802e-01  1.94886820e-02 
 9.04234260e-01  1.95576574e-02 
 9.07337376e-01  1.96266262e-02 
 9.10441164e-01  1.96955884e-02 
 9.13545636e-01  1.97645436e-02 
 9.16650805e-01  1.98334920e-02 
 9.19756684e-01  1.99024332e-02 
 9.22863288e-01  1.99713671e-02 
 9.25970630e-01  2.00402937e-02 
 9.29078724e-01  2.01092128e-02 
 9.32187584e-01  2.01781242e-02 
 9.35297225e-01  2.02470277e-02 
 9.38407662e-01  2.03159234e-02 
 9.41518910e-01  2.03848109e-02 
 9.44630985e-01  2.04536902e-02 
 9.47743902e-01  2.05225610e-02 
 9.50857676e-01  2.05914232e-02 
 9.53972325e-01  2.06602767e-02 
 9.57087866e-01  2.07291213e-02 
 9.60204314e-01  2.07979569e-02 
 9.63321687e-01  2.08667831e-02 
 9.66440004e-01  2.09356000e-02 
 9.69559282e-01  2.10044072e-02 
 9.72679538e-01  2.10732046e-02 
 9.75800794e-01  2.11419921e-02 
 9.78923066e-01  2.12107693e-02 
 9.82046375e-01  2.12795362e-02 
 9.85170742e-01  2.13482926e-02 
 9.88296185e-01  2.14170381e-02 
 9.91422727e-01  2.14857727e-02 
 9.94550388e-01  2.15544961e-02 
 9.97679190e-01  2.16232081e-02 
 1.00080916e+00  2.16919084e-02 
 1.00394031e+00  2.17605969e-02 
 1.00707267e+00  2.18292733e-02 
 1.01020627e+00  2.18979373e-02 
 1.01334112e+00  2.19665888e-02 
 1.01647726e+00  2.20352274e-02 
 1.01961470e+00  2.21038530e-02 
 1.02275348e+00  2.21724652e-02 
 1.02589362e+00  2.22410638e-02 
 1.02903515e+00  2.23096485e-02 
 1.03217810e+00  2.23782190e-02 
 1.03532250e+00  2.24467750e-02 
 1.03846837e+00  2.25153163e-02 
 1.04161574e+00  2.25838426e-02 
 1.04476466e+00  2.26523534e-02 
 1.04791514e+00  2.27208486e-02 
 1.05106723e+00  2.27893277e-02 
 1.05422095e+00  2.28577905e-02 
 1.05737634e+00  2.29262366e-02 
 1.06053344e+00  2.29946656e-02 
 1.06369228e+00  2.30630772e-02 
 1.06685290e+00  2.31314710e-02 
 1.07001534e+00  2.31998466e-02 
 1.07317964e+00  2.32682036e-02 
 1.07634584e+00  2.33365416e-02 
 1.07951398e+00  2.34048602e-02 
 1.08268411e+00  2.34731589e-02 
 1.08585627e+00  2.35414373e-02 
 1.08903050e+00  2.36096950e-02 
 1.09220685e+00  2.36779315e-02 
 1.09538538e+00  2.37461462e-02 
 1.09856612e+00  2.38143388e-02 
 1.10174914e+00  2.38825086e-02 
 1.10493449e+00  2.39506551e-02 
 1.10812221e+00  2.40187779e-02 
 1.11131238e+00  2.40868762e-02 
 1.11450505e+00  2.41549495e-02 
 1.11770027e+00  2.42229973e-02 
 1.12089811e+00  2.42910189e-02 
 1.12409864e+00  2.43590136e-02 
 1.12730192e+00  2.44269808e-02 
 1.13050802e+00  2.44949198e-02 
 1.13371702e+00  2.45628298e-02 
 1.13692898e+00  2.46307102e-02 
 1.14014399e+00  2.46985601e-02 
 1.14336212e+00  2.47663788e-02 
 1.14658346e+00  2.48341654e-02 
 1.14980810e+00  2.49019190e-02 
 1.15303611e+00  2.49696389e-02 
 1.15626760e+00  2.50373240e-02 
 1.15950266e+00  2.51049734e-02 
 1.16274138e+00  2.51725862e-02 
 1.16598388e+00  2.52401612e-02 
 1.16923026e+00  2.53076974e-02 
 1.17248063e+00  2.53751937e-02 
 1.17573511e+00  2.54426489e-02 
 1.17899382e+00  2.55100618e-02 
 1.18225688e+00  2.55774312e-02 
 1.18552443e+00  2.56447557e-02 
 1.18879661e+00  2.57120339e-02 
 1.19207355e+00  2.57792645e-02 
 1.19535542e+00  2.58464458e-02 
 1.19864236e+00  2.59135764e-02 
 1.20193453e+00  2.59806547e-02 
 1.20523212e+00  2.60476788e-02 
 1.20853529e+00  2.61146471e-02 
 1.21184424e+00  2.61815576e-02 
 1.21515916e+00  2.62484084e-02 
 1.21848027e+00  2.63151973e-02 
 1.22180777e+00  2.63819223e-02 
 1.22514189e+00  2.64485811e-02 
 1.22848288e+00  2.65151712e-02 
 1.23183098e+00  2.65816902e-02 
 1.23518647e+00  2.66481353e-02 
 1.23854961e+00  2.67145039e-02 
 1.24192072e+00  2.67807928e-02 
 1.24530008e+00  2.68469992e-02 
 1.24868805e+00  2.69131195e-02 
 1.25208496e+00  2.69791504e-02 
 1.25549118e+00  2.70450882e-02 
 1.25890710e+00  2.71109290e-02 
 1.26233314e+00  2.71766686e-02 
 1.26576974e+00  2.72423026e-02 
 1.26921736e+00  2.73078264e-02 
 1.27267650e+00  2.73732350e-02 
 1.27614770e+00  2.74385230e-02 
 1.27963151e+00  2.75036849e-02 
 1.28312853e+00  2.75687147e-02 
 1.28663943e+00  2.76336057e-02 
 1.29016488e+00  2.76983512e-02 
 1.29370562e+00  2.77629438e-02 
 1.29726246e+00  2.78273754e-02 
 1.30083624e+00  2.78916376e-02 
 1.30442789e+00  2.79557211e-02 
 1.30803840e+00  2.80196160e-02 
 1.31166884e+00  2.80833116e-02 
 1.31532037e+00  2.81467963e-02 
 1.31899425e+00  2.82100575e-02 
 1.32269183e+00  2.82730817e-02 
 1.32641461e+00  2.83358539e-02 
 1.33016419e+00  2.83983581e-02 
 1.33394234e+00  2.84605766e-02 
 1.33775099e+00  2.85224901e-02 
 1.34159224e+00  2.85840776e-02 
 1.34546841e+00  2.86453159e-02 
 1.34938205e+00  2.87061795e-02 
 1.35333596e+00  2.87666404e-02 
 1.35733325e+00  2.88266675e-02 
 1.36137735e+00  2.88862265e-02 
 1.36547205e+00  2.89452795e-02 
 1.36962158e+00  2.90037842e-02 
 1.37383063e+00  2.90616937e-02 
 1.37810445e+00  2.91189555e-02 
 1.38244886e+00  2.91755114e-02 
 1.38687039e+00  2.92312961e-02 
 1.39137632e+00  2.92862368e-02 
 1.39597480e+00  2.93402520e-02 
 1.40067490e+00  2.93932510e-02 
 1.40548674e+00  2.94451326e-02 
 1.41042156e+00  2.94957844e-02 
 1.41549174e+00  2.95450826e-02 
 1.42071088e+00  2.95928912e-02 
 1.42609368e+00  2.96390632e-02 
 1.43165584e+00  2.96834416e-02 
 1.43741375e+00  2.97258625e-02 
 1.44338401e+00  2.97661599e-02 
 1.44958276e+00  2.98041724e-02 
 1.45602476e+00  2.98397524e-02 
 1.46272227e+00  2.98727773e-02 
 1.46968386e+00  2.99031614e-02 
 1.47691332e+00  2.99308668e-02 
 1.48440878e+00  2.99559122e-02 
 1.49216247e+00  2.99783753e-02 
 1.50016105e+00  2.99983895e-02 
 1.50838655e+00  3.00161345e-02 
 1.51681775e+00  3.00318225e-02 
 1.52543173e+00  3.00456827e-02 
 1.53420535e+00  3.00579465e-02 
 1.54311637e+00  3.00688363e-02 
 1.55214430e+00  3.00785570e-02 
 1.56127080e+00  3.00872920e-02 
 1.57047985e+00  3.00952015e-02 
 1.57975773e+00  3.01024227e-02 
 1.58909279e+00  3.01090721e-02 
 1.59847528e+00  3.01152472e-02 
 1.60789706e+00  3.01210294e-02 
 1.61735138e+00  3.01264862e-02 
 1.62683263e+00  3.01316737e-02 
 1.63633620e+00  3.01366380e-02 
 1.64585825e+00  3.01414175e-02 
 1.65539563e+00  3.01460437e-02 
 1.66494573e+00  3.01505427e-02 
 1.67450637e+00  3.01549363e-02 
 1.68407577e+00  3.01592423e-02 
 1.69365245e+00  3.01634755e-02 
 1.70323518e+00  3.01676482e-02 
 1.71282293e+00  3.01717707e-02 
 1.72241487e+00  3.01758513e-02 
 1.73201028e+00  3.01798972e-02 
 1.74160858e+00  3.01839142e-02 
 1.75120929e+00  3.01879071e-02 
 1.76081201e+00  3.01918799e-02 
 1.77041639e+00  3.01958361e-02 
 1.78002216e+00  3.01997784e-02 
 1.78962909e+00  3.02037091e-02 
 1.79923698e+00  3.02076302e-02 
 1.80884567e+00  3.02115433e-02 
 1.81845503e+00  3.02154497e-02 
 1.82806495e+00  3.02193505e-02 
 1.83767533e+00  3.02232467e-02 
 1.84728609e+00  3.02271391e-02 
 1.85689718e+00  3.02310282e-02 
 1.86650853e+00  3.02349147e-02 
 1.87612011e+00  3.02387989e-02 
 1.88573188e+00  3.02426812e-02 
 1.89534379e+00  3.02465621e-02 
 1.90495584e+00  3.02504416e-02 
 1.91456799e+00  3.02543201e-02 
 1.92418024e+00  3.02581976e-02 
 1.93379256e+00  3.02620744e-02 
 1.94340494e+00  3.02659506e-02 
 1.95301737e+00  3.02698263e-02 
 1.96262984e+00  3.02737016e-02 
 1.97224235e+00  3.02775765e-02 
 1.98185490e+00  3.02814510e-02 
 1.99146746e+00  3.02853254e-02 
 2.00108005e+00  3.02891995e-02 
 2.01069265e+00  3.02930735e-02 
 2.02030527e+00  3.02969473e-02 
 2.02991790e+00  3.03008210e-02 
 2.03953054e+00  3.03046946e-02 
 2.04914319e+00  3.03085681e-02 
 2.05875584e+00  3.03124416e-02 
 2.06836850e+00  3.03163150e-02 
 2.07798117e+00  3.03201883e-02 
 2.08759384e+00  3.03240616e-02 
 2.09720651e+00  3.03279349e-02 
 2.10681919e+00  3.03318081e-02 
 2.11643187e+00  3.03356813e-02 
 2.12604455e+00  3.03395545e-02 
 2.13565723e+00  3.03434277e-02 
 2.14526991e+00  3.03473009e-02 
 2.15488260e+00  3.03511740e-02 
 2.16449528e+00  3.03550472e-02 
 2.17410797e+00  3.03589203e-02 
 2.18372066e+00  3.03627934e-02 
 2.19333334e+00  3.03666666e-02 
 2.20294603e+00  3.03705397e-02 
 2.21255872e+00  3.03744128e-02 
 2.22217141e+00  3.03782859e-02 
 2.23178410e+00  3.03821590e-02 
 2.24139679e+00  3.03860321e-02 
 2.25100948e+00  3.03899052e-02 
 2.26062217e+00  3.03937783e-02 
 2.27023486e+00  3.03976514e-02 
 2.27984755e+00  3.04015245e-02 
 2.28946023e+00  3.04053977e-02 
 2.29907292e+00  3.04092708e-02 
 2.30868561e+00  3.04131439e-02 
 2.31829830e+00  3.04170170e-02 
 2.32791099e+00  3.04208901e-02 
 2.33752368e+00  3.04247632e-02 
 2.34713637e+00  3.04286363e-02 
 2.35674906e+00  3.04325094e-02 
 2.36636175e+00  3.04363825e-02 
 2.37597444e+00  3.04402556e-02 
 2.38558713e+00  3.04441287e-02 
 2.39519982e+00  3.04480018e-02 
 2.40481251e+00  3.04518749e-02 
 2.41442520e+00  3.04557480e-02 
 2.42403789e+00  3.04596211e-02 
 2.43365058e+00  3.04634942e-02 
 2.44326327e+00  3.04673673e-02 
 2.45287596e+00  3.04712404e-02 
 2.46248865e+00  3.04751135e-02 
 2.47210134e+00  3.04789866e-02 
 2.48171403e+00  3.04828597e-02 
 2.49132672e+00  3.04867328e-02 
 2.50093941e+00  3.04906059e-02 
 2.51055210e+00  3.04944790e-02 
 2.52016479e+00  3.04983521e-02 
 2.52977748e+00  3.05022252e-02 
 2.53939017e+00  3.05060983e-02 
 2.54900286e+00  3.05099714e-02 
 2.55861555e+00  3.05138445e-02 
 2.56822824e+00  3.05177176e-02 
 2.57784093e+00  3.05215907e-02 
 2.58745362e+00  3.05254638e-02 
 2.59706631e+00  3.05293369e-02 
 2.60667900e+00  3.05332100e-02 
 2.61629169e+00  3.05370831e-02 
 2.62590438e+00  3.05409562e-02 
 2.63551707e+00  3.05448293e-02 
 2.64512976e+00  3.05487024e-02 
 2.65474245e+00  3.05525755e-02 
 2.66435514e+00  3.05564486e-02 
 2.67396783e+00  3.05603217e-02 
 2.68358052e+00  3.05641948e-02 
 2.69319321e+00  3.05680679e-02 
 2.70280590e+00  3.05719410e-02 
 2.71241859e+00  3.05758141e-02 
 2.72203128e+00  3.05796872e-02 
 2.73164397e+00  3.05835603e-02 
 2.74125666e+00  3.05874334e-02 
 2.75086935e+00  3.05913065e-02 
 2.76048204e+00  3.05951796e-02 
 2.77009473e+00  3.05990527e-02 
 2.77970742e+00  3.06029258e-02 
 2.78932011e+00  3.06067989e-02 
 2.79893280e+00  3.06106720e-02 
 2.80854549e+00  3.06145451e-02 
 2.81815818e+00  3.06184182e-02 
 2.82777087e+00  3.06222913e-02 
 2.83738356e+00  3.06261644e-02 
 2.84699625e+00  3.06300375e-02 
 2.85660894e+00  3.06339106e-02 
 2.86622163e+00  3.06377837e-02 
 2.87583432e+00  3.06416568e-02 
 2.88544701e+00  3.06455299e-02 
 2.89505970e+00  3.06494030e-02 
 2.90467239e+00  3.06532761e-02 
 2.91428508e+00  3.06571492e-02 
 2.92389777e+00  3.06610223e-02 
 2.93351046e+00  3.06648954e-02 
 2.94312315e+00  3.06687685e-02 
 2.95273584e+00  3.06726416e-02 
 2.96234853e+00  3.06765147e-02 
 2.97196122e+00  3.06803878e-02 
 2.98157391e+00  3.06842609e-02 
 2.99118660e+00  3.06881340e-02 
 3.00079929e+00  3.06920071e-02 
 3.01041198e+00  3.06958802e-02 
 3.02002467e+00  3.06997533e-02 
 3.02963736e+00  3.07036264e-02 
 3.03925005e+00  3.07074995e-02 
 3.04886274e+00  3.07113726e-02 
 3.05847543e+00  3.07152457e-02 
 3.06808812e+00  3.07191188e-02 
 3.07770081e+00  3.07229919e-02 
 3.08731350e+00  3.07268650e-02 
 3.09692619e+00  3.07307381e-02 
 3.10653888e+00  3.07346112e-02 
 3.11615157e+00  3.07384843e-02 
 3.12576426e+00  3.07423574e-02 
 3.13537695e+00  3.07462305e-02 
 3.14498964e+00  3.07501036e-02 
 3.15460233e+00  3.07539767e-02 
 3.16421502e+00  3.07578498e-02 
 3.17382771e+00  3.07617229e-02 
 3.18344040e+00  3.07655960e-02 
 3.19305309e+00  3.07694691e-02 
 3.20266578e+00  3.07733422e-02 
 3.21227847e+00  3.07772153e-02 
 3.22189116e+00  3.07810884e-02 
 3.23150385e+00  3.07849615e-02 
 3.24111654e+00  3.07888346e-02 
 3.25072923e+00  3.07927077e-02 
 3.26034192e+00  3.07965808e-02 
 3.26995461e+00  3.08004539e-02 
 3.27956730e+00  3.08043270e-02 
 3.28917999e+00  3.08082001e-02 
 3.29879268e+00  3.08120732e-02 
 3.30840537e+00  3.08159463e-02 
 3.31801806e+00  3.08198194e-02 
 3.32763075e+00  3.08236925e-02 
 3.33724344e+00  3.08275656e-02 
 3.34685613e+00  3.08314387e-02 
 3.35646882e+00  3.08353118e-02 
 3.36608151e+00  3.08391849e-02 
 3.37569420e+00  3.08430580e-02 
 3.38530689e+00  3.08469311e-02 
 3.39491958e+00  3.08508042e-02 
 3.40453227e+00  3.08546773e-02 
 3.41414496e+00  3.08585504e-02 
 3.42375765e+00  3.08624235e-02 
 3.43337034e+00  3.08662966e-02 
 3.44298303e+00  3.08701697e-02 
 3.45259572e+00  3.08740428e-02 
 3.46220841e+00  3.08779159e-02 
 3.47182110e+00  3.08817890e-02 
 3.48143379e+00  3.08856621e-02 
 3.49104648e+00  3.08895352e-02 
 3.50065917e+00  3.08934083e-02 
 3.51027186e+00  3.08972814e-02 
 3.51988455e+00  3.09011545e-02 
 3.52949724e+00  3.09050276e-02 
 3.53910993e+00  3.09089007e-02 
 3.54872262e+00  3.09127738e-02 
 3.55833531e+00  3.09166469e-02 
 3.56794800e+00  3.09205200e-02 
 3.57756069e+00  3.09243931e-02 
 3.58717338e+00  3.09282662e-02 
 3.59678607e+00  3.09321393e-02 
 3.60639876e+00  3.09360124e-02 
 3.61601145e+00  3.09398855e-02 
 3.62562414e+00  3.09437586e-02 
 3.63523683e+00  3.09476317e-02 
 3.64484952e+00  3.09515048e-02 
 3.65446221e+00  3.09553779e-02 
 3.66407490e+00  3.09592510e-02 
 3.67368759e+00  3.09631241e-02 
 3.68330028e+00  3.09669972e-02 
 3.69291297e+00  3.09708703e-02 
 3.70252566e+00  3.09747434e-02 
 3.71213835e+00  3.09786165e-02 
 3.72175104e+00  3.09824896e-02 
 3.73136373e+00  3.09863627e-02 
 3.74097642e+00  3.09902358e-02 
 3.75058911e+00  3.09941089e-02 
 3.76020180e+00  3.09979820e-02 
 3.76981449e+00  3.10018551e-02 
 3.77942718e+00  3.10057282e-02 
 3.78903987e+00  3.10096013e-02 
 3.79865256e+00  3.10134744e-02 
 3.80826525e+00  3.10173475e-02 
 3.81787794e+00  3.10212206e-02 
 3.82749063e+00  3.10250937e-02 
 3.83710332e+00  3.10289668e-02 
 3.84671601e+00  3.10328399e-02 
 3.85632870e+00  3.10367130e-02 
 3.86594139e+00  3.10405861e-02 
 3.87555408e+00  3.10444592e-02 
 3.88516677e+00  3.10483323e-02 
 3.89477946e+00  3.10522054e-02 
 3.90439215e+00  3.10560785e-02 
 3.91400484e+00  3.10599516e-02 
 3.92361753e+00  3.10638247e-02 
 3.93323022e+00  3.10676978e-02 
 3.94284291e+00  3.10715709e-02 
 3.95245560e+00  3.10754440e-02 
 3.96206829e+00  3.10793171e-02 
 3.97168098e+00  3.10831902e-02 
 3.98129367e+00  3.10870633e-02 
 3.99090636e+00  3.10909364e-02 
 4.00051905e+00  3.10948095e-02 
 4.01013174e+00  3.10986826e-02 
 4.01974443e+00  3.11025557e-02 
 4.02935712e+00  3.11064288e-02 
 4.03896981e+00  3.11103019e-02 
 4.04858250e+00  3.11141750e-02 
 4.05819519e+00  3.11180481e-02 
 4.06780788e+00  3.11219212e-02 
 4.07742057e+00  3.11257943e-02 
 4.08703326e+00  3.11296674e-02 
 4.09664595e+00  3.11335405e-02 
 4.10625864e+00  3.11374136e-02 
 4.11587133e+00  3.11412867e-02 
 4.12548402e+00  3.11451598e-02 
 4.13509671e+00  3.11490329e-02 
 4.14470940e+00  3.11529060e-02 
 4.15432209e+00  3.11567791e-02 
 4.16393478e+00  3.11606522e-02 
 4.17354747e+00  3.11645253e-02 
 4.18316016e+00  3.11683984e-02 
 4.19277285e+00  3.11722715e-02 
 4.20238554e+00  3.11761446e-02 
 4.21199823e+00  3.11800177e-02 
 4.22161092e+00  3.11838908e-02 
 4.23122361e+00  3.11877639e-02 
 4.24083630e+00  3.11916370e-02 
 4.25044899e+00  3.11955101e-02 
 4.26006168e+00  3.11993832e-02 
 4.26967437e+00  3.12032563e-02 
 4.27928706e+00  3.12071294e-02 
 4.28889975e+00  3.12110025e-02 
 4.29851244e+00  3.12148756e-02 
 4.30812513e+00  3.12187487e-02 
 4.31773782e+00  3.12226218e-02 
 4.32735051e+00  3.12264949e-02 
 4.33696320e+00  3.12303680e-02 
 4.34657589e+00  3.12342411e-02 
 4.35618858e+00  3.12381142e-02 
 4.36580127e+00  3.12419873e-02 
 4.37541396e+00  3.12458604e-02 
 4.38502665e+00  3.12497335e-02 
 4.39463934e+00  3.12536066e-02 
 4.40425203e+00  3.12574797e-02 
 4.41386472e+00  3.12613528e-02 
 4.42347741e+00  3.12652259e-02 
 4.43309010e+00  3.12690990e-02 
 4.44270279e+00  3.12729721e-02 
 4.45231548e+00  3.12768452e-02 
 4.46192817e+00  3.12807183e-02 
 4.47154086e+00  3.12845914e-02 
 4.48115355e+00  3.12884645e-02 
 4.49076624e+00  3.12923376e-02 
 4.50037893e+00  3.12962107e-02 
 4.50999162e+00  3.13000838e-02 
 4.51960431e+00  3.13039569e-02 
 4.52921700e+00  3.13078300e-02 
 4.53882969e+00  3.13117031e-02 
 4.54844238e+00  3.13155762e-02 
 4.55805507e+00  3.13194493e-02 
 4.56766776e+00  3.13233224e-02 
 4.57728045e+00  3.13271955e-02 
 4.58689314e+00  3.13310686e-02 
 4.59650583e+00  3.13349417e-02 
 4.60611852e+00  3.13388148e-02 
 4.61573121e+00  3.13426879e-02 
 4.62534390e+00  3.13465610e-02 
 4.63495659e+00  3.13504341e-02 
 4.64456928e+00  3.13543072e-02 
 4.65418197e+00  3.13581803e-02 
 4.66379466e+00  3.13620534e-02 
 4.67340735e+00  3.13659265e-02 
 4.68302004e+00  3.13697996e-02 
 4.69263273e+00  3.13736727e-02 
 4.70224542e+00  3.13775458e-02 
 4.71185811e+00  3.13814189e-02 
 4.72147080e+00  3.13852920e-02 
 4.73108349e+00  3.13891651e-02 
 4.74069618e+00  3.13930382e-02 
 4.75030887e+00  3.13969113e-02 
 4.75992156e+00  3.14007844e-02 
 4.76953425e+00  3.14046575e-02 
 4.77914694e+00  3.14085306e-02 
 4.78875963e+00  3.14124037e-02 
 4.79837232e+00  3.14162768e-02 
 4.80798501e+00  3.14201499e-02 
 4.81759770e+00  3.14240230e-02 
 4.82721039e+00  3.14278961e-02 
 4.83682308e+00  3.14317692e-02 
 4.84643577e+00  3.14356423e-02 
 4.85604846e+00  3.14395154e-02 
 4.86566115e+00  3.14433885e-02 
 4.87527384e+00  3.14472616e-02 
 4.88488653e+00  3.14511347e-02 
 4.89449922e+00  3.14550078e-02 
 4.90411191e+00  3.14588809e-02 
 4.91372460e+00  3.14627540e-02 
 4.92333729e+00  3.14666271e-02 
 4.93294998e+00  3.14705002e-02 
 4.94256267e+00  3.14743733e-02 
 4.95217536e+00  3.14782464e-02 
 4.96178805e+00  3.14821195e-02 
 4.97140074e+00  3.14859926e-02 
 4.98101343e+00  3.14898657e-02 
 4.99062612e+00  3.14937388e-02 
 5.00023881e+00  3.14976119e-02 
 5.00985150e+00  3.15014850e-02 
 5.01946419e+00  3.15053581e-02 
 5.02907688e+00  3.15092312e-02 
 5.03868957e+00  3.15131043e-02 
 5.04830226e+00  3.15169774e-02 
 5.05791495e+00  3.15208505e-02 
 5.06752764e+00  3.15247236e-02 
 5.07714033e+00  3.15285967e-02 
 5.08675302e+00  3.15324698e-02 
 5.09636571e+00  3.15363429e-02 
 5.10597840e+00  3.15402160e-02 
 5.11559109e+00  3.15440891e-02 
 5.12520378e+00  3.15479622e-02 
 5.13481647e+00  3.15518353e-02 
 5.14442916e+00  3.15557084e-02 
 5.15404185e+00  3.15595815e-02 
 5.16365454e+00  3.15634546e-02 
 5.17326723e+00  3.15673277e-02 
 5.18287992e+00  3.15712008e-02 
 5.19249261e+00  3.15750739e-02 
 5.20210530e+00  3.15789470e-02 
 5.21171799e+00  3.15828201e-02 
 5.22133068e+00  3.15866932e-02 
 5.23094337e+00  3.15905663e-02 
 5.24055606e+00  3.15944394e-02 
 5.25016875e+00  3.15983125e-02 
 5.25978144e+00  3.16021856e-02 
 5.26939413e+00  3.16060587e-02 
 5.27900682e+00  3.16099318e-02 
 5.28861951e+00  3.16138049e-02 
 5.29823220e+00  3.16176780e-02 
 5.30784489e+00  3.16215511e-02 
 5.31745758e+00  3.16254242e-02 
 5.32707027e+00  3.16292973e-02 
 5.33668296e+00  3.16331704e-02 
 5.34629565e+00  3.16370435e-02 
 5.35590834e+00  3.16409166e-02 
 5.36552103e+00  3.16447897e-02 
 5.37513372e+00  3.16486628e-02 
 5.38474641e+00  3.16525359e-02 
 5.39435910e+00  3.16564090e-02 
 5.40397179e+00  3.16602821e-02 
 5.41358448e+00  3.16641552e-02 
 5.42319717e+00  3.16680283e-02 
 5.43280986e+00  3.16719014e-02 
 5.44242255e+00  3.16757745e-02 
 5.45203524e+00  3.16796476e-02 
 5.46164793e+00  3.16835207e-02 
 5.47126062e+00  3.16873938e-02 
 5.48087331e+00  3.16912669e-02 
 5.49048600e+00  3.16951400e-02 
 5.50009869e+00  3.16990131e-02 
 5.50971138e+00  3.17028862e-02 
 5.51932407e+00  3.17067593e-02 
 5.52893676e+00  3.17106324e-02 
 5.53854945e+00  3.17145055e-02 
 5.54816214e+00  3.17183786e-02 
 5.55777483e+00  3.17222517e-02 
 5.56738752e+00  3.17261248e-02 
 5.57700021e+00  3.17299979e-02 
 5.58661290e+00  3.17338710e-02 
 5.59622559e+00  3.17377441e-02 
 5.60583828e+00  3.17416172e-02 
 5.61545097e+00  3.17454903e-02 
 5.62506366e+00  3.17493634e-02 
 5.63467635e+00  3.17532365e-02 
 5.64428904e+00  3.17571096e-02 
 5.65390173e+00  3.17609827e-02 
 5.66351442e+00  3.17648558e-02 
 5.67312711e+00  3.17687289e-02 
 5.68273980e+00  3.17726020e-02 
 5.69235249e+00  3.17764751e-02 
 5.70196518e+00  3.17803482e-02 
 5.71157787e+00  3.17842213e-02 
 5.72119056e+00  3.17880944e-02 
 5.73080325e+00  3.17919675e-02 
 5.74041594e+00  3.17958406e-02 
 5.75002863e+00  3.17997137e-02 
 5.75964132e+00  3.18035868e-02 
 5.76925401e+00  3.18074599e-02 
 5.77886670e+00  3.18113330e-02 
 5.78847939e+00  3.18152061e-02 
 5.79809208e+00  3.18190792e-02 
 5.80770477e+00  3.18229523e-02 
 5.81731746e+00  3.18268254e-02 
 5.82693015e+00  3.18306985e-02 
 5.83654284e+00  3.18345716e-02 
 5.84615553e+00  3.18384447e-02 
 5.85576822e+00  3.18423178e-02 
 5.86538091e+00  3.18461909e-02 
 5.87499360e+00  3.18500640e-02 
 5.88460629e+00  3.18539371e-02 
 5.89421898e+00  3.18578102e-02 
 5.90383167e+00  3.18616833e-02 
 5.91344436e+00  3.18655564e-02 
 5.92305705e+00  3.18694295e-02 
 5.93266974e+00  3.18733026e-02 
 5.94228243e+00  3.18771757e-02 
 5.95189512e+00  3.18810488e-02 
 5.96150781e+00  3.18849219e-02 
 5.97112050e+00  3.18887950e-02 
 5.98073319e+00  3.18926681e-02 
 5.99034588e+00  3.18965412e-02 
 5.99995857e+00  3.19004143e-02 
 6.00957126e+00  3.19042874e-02 
 6.01918395e+00  3.19081605e-02 
 6.02879664e+00  3.19120336e-02 
 6.03840933e+00  3.19159067e-02 
 6.04802202e+00  3.19197798e-02 
 6.05763471e+00  3.19236529e-02 
 6.06724740e+00  3.19275260e-02 
 6.07686009e+00  3.19313991e-02 
 6.08647278e+00  3.19352722e-02 
 6.09608547e+00  3.19391453e-02 
 6.10569816e+00  3.19430184e-02 
 6.11531085e+00  3.19468915e-02 
 6.12492354e+00  3.19507646e-02 
 6.13453623e+00  3.19546377e-02 
 6.14414892e+00  3.19585108e-02 
 6.15376161e+00  3.19623839e-02 
 6.16337430e+00  3.19662570e-02 
 6.17298699e+00  3.19701301e-02 
 6.18259968e+00  3.19740032e-02 
 6.19221237e+00  3.19778763e-02 
 6.20182506e+00  3.19817494e-02 
 6.21143775e+00  3.19856225e-02 
 6.22105044e+00  3.19894956e-02 
 6.23066313e+00  3.19933687e-02 
 6.24027582e+00  3.19972418e-02 
 6.24988851e+00  3.20011149e-02 
 6.25950120e+00  3.20049880e-02 
 6.26911389e+00  3.20088611e-02 
 6.27872658e+00  3.20127342e-02 
 6.28833927e+00  3.20166073e-02 
 6.29795196e+00  3.20204804e-02 
 6.30756465e+00  3.20243535e-02 
 6.31717734e+00  3.20282266e-02 
 6.32679003e+00  3.20320997e-02 
 6.33640272e+00  3.20359728e-02 
 6.34601541e+00  3.20398459e-02 
 6.35562810e+00  3.20437190e-02 
 6.36524079e+00  3.20475921e-02 
 6.37485348e+00  3.20514652e-02 
 6.38446617e+00  3.20553383e-02 
 6.39407886e+00  3.20592114e-02 
 6.40369155e+00  3.20630845e-02 
 6.41330424e+00  3.20669576e-02 
 6.42291693e+00  3.20708307e-02 
 6.43252962e+00  3.20747038e-02 
 6.44214231e+00  3.20785769e-02 
 6.45175500e+00  3.20824500e-02 
 6.46136769e+00  3.20863231e-02 
 6.47098038e+00  3.20901962e-02 
 6.48059307e+00  3.20940693e-02 
 6.49020576e+00  3.20979424e-02 
 6.49981845e+00  3.21018155e-02 
 6.50943114e+00  3.21056886e-02 
 6.51904383e+00  3.21095617e-02 
 6.52865652e+00  3.21134348e-02 
 6.53826921e+00  3.21173079e-02 
 6.54788190e+00  3.21211810e-02 
 6.55749459e+00  3.21250541e-02 
 6.56710728e+00  3.21289272e-02 
 6.57671997e+00  3.21328003e-02 
 6.58633266e+00  3.21366734e-02 
 6.59594535e+00  3.21405465e-02 
 6.60555804e+00  3.21444196e-02 
 6.61517073e+00  3.21482927e-02 
 6.62478342e+00  3.21521658e-02 
 6.63439611e+00  3.21560389e-02 
 6.64400880e+00  3.21599120e-02 
 6.65362149e+00  3.21637851e-02 
 6.66323418e+00  3.21676582e-02 
 6.67284687e+00  3.21715313e-02 
 6.68245956e+00  3.21754044e-02 
 6.69207225e+00  3.21792775e-02 
 6.70168494e+00  3.21831506e-02 
 6.71129763e+00  3.21870237e-02 
 6.72091032e+00  3.21908968e-02 
 6.73052301e+00  3.21947699e-02 
 6.74013570e+00  3.21986430e-02 
 6.74974839e+00  3.22025161e-02 
 6.75936108e+00  3.22063892e-02 
 6.76897377e+00  3.22102623e-02 
 6.77858646e+00  3.22141354e-02 
 6.78819915e+00  3.22180085e-02 
 6.79781184e+00  3.22218816e-02 
 6.80742453e+00  3.22257547e-02 
 6.81703722e+00  3.22296278e-02 
 6.82664991e+00  3.22335009e-02 
 6.83626260e+00  3.22373740e-02 
 6.84587529e+00  3.22412471e-02 
 6.85548798e+00  3.22451202e-02 
 6.86510067e+00  3.22489933e-02 
 6.87471336e+00  3.22528664e-02 
 6.88432605e+00  3.22567395e-02 
 6.89393874e+00  3.22606126e-02 
 6.90355143e+00  3.22644857e-02 
 6.91316412e+00  3.22683588e-02 
 6.92277681e+00  3.22722319e-02 
 6.93238950e+00  3.22761050e-02 
 6.94200219e+00  3.22799781e-02 
 6.95161488e+00  3.22838512e-02 
 6.96122757e+00  3.22877243e-02 
 6.97084026e+00  3.22915974e-02 
 6.98045295e+00  3.22954705e-02 
 6.99006564e+00  3.22993436e-02 
 6.99967833e+00  3.23032167e-02 
 7.00929102e+00  3.23070898e-02 
 7.01890371e+00  3.23109629e-02 
 7.02851640e+00  3.23148360e-02 
 7.03812909e+00  3.23187091e-02 
 7.04774178e+00  3.23225822e-02 
 7.05735447e+00  3.23264553e-02 
 7.06696716e+00  3.23303284e-02 
 7.07657985e+00  3.23342015e-02 
 7.08619254e+00  3.23380746e-02 
 7.09580523e+00  3.23419477e-02 
 7.10541792e+00  3.23458208e-02 
 7.11503061e+00  3.23496939e-02 
 7.12464330e+00  3.23535670e-02 
 7.13425599e+00  3.23574401e-02 
 7.14386868e+00  3.23613132e-02 
 7.15348137e+00  3.23651863e-02 
 7.16309406e+00  3.23690594e-02 
 7.17270675e+00  3.23729325e-02 
 7.18231944e+00  3.23768056e-02 
 7.19193213e+00  3.23806787e-02 
 7.20154482e+00  3.23845518e-02 
 7.21115751e+00  3.23884249e-02 
 7.22077020e+00  3.23922980e-02 
 7.23038289e+00  3.23961711e-02 
 7.23999558e+00  3.24000442e-02 
 7.24960827e+00  3.24039173e-02 
 7.25922096e+00  3.24077904e-02 
 7.26883365e+00  3.24116635e-02 
 7.27844634e+00  3.24155366e-02 
 7.28805903e+00  3.24194097e-02 
 7.29767172e+00  3.24232828e-02 
 7.30728441e+00  3.24271559e-02 
 7.31689710e+00  3.24310290e-02 
 7.32650979e+00  3.24349021e-02 
 7.33612248e+00  3.24387752e-02 
 7.34573517e+00  3.24426483e-02 
 7.35534786e+00  3.24465214e-02 
 7.36496055e+00  3.24503945e-02 
 7.37457324e+00  3.24542676e-02 
 7.38418593e+00  3.24581407e-02 
 7.39379862e+00  3.24620138e-02 
 7.40341131e+00  3.24658869e-02 
 7.41302400e+00  3.24697600e-02 
 7.42263669e+00  3.24736331e-02 
 7.43224938e+00  3.24775062e-02 
 7.44186207e+00  3.24813793e-02 
 7.45147476e+00  3.24852524e-02 
 7.46108745e+00  3.24891255e-02 
 7.47070014e+00  3.24929986e-02 
 7.48031283e+00  3.24968717e-02 
 7.48992552e+00  3.25007448e-02 
 7.49953821e+00  3.25046179e-02 
 7.50915090e+00  3.25084910e-02 
 7.51876359e+00  3.25123641e-02 
 7.52837628e+00  3.25162372e-02 
 7.53798897e+00  3.25201103e-02 
 7.54760166e+00  3.25239834e-02 
 7.55721435e+00  3.25278565e-02 
 7.56682704e+00  3.25317296e-02 
 7.57643973e+00  3.25356027e-02 
 7.58605242e+00  3.25394758e-02 
 7.59566511e+00  3.25433489e-02 
 7.60527780e+00  3.25472220e-02 
 7.61489049e+00  3.25510951e-02 
 7.62450318e+00  3.25549682e-02 
 7.63411587e+00  3.25588413e-02 
 7.64372856e+00  3.25627144e-02 
 7.65334125e+00  3.25665875e-02 
 7.66295394e+00  3.25704606e-02 
 7.67256663e+00  3.25743337e-02 
 7.68217932e+00  3.25782068e-02 
 7.69179201e+00  3.25820799e-02 
 7.70140470e+00  3.25859530e-02 
 7.71101739e+00  3.25898261e-02 
 7.72063008e+00  3.25936992e-02 
 7.73024277e+00  3.25975723e-02 
 7.73985546e+00  3.26014454e-02 
 7.74946815e+00  3.26053185e-02 
 7.75908084e+00  3.26091916e-02 
 7.76869353e+00  3.26130647e-02 
 7.77830622e+00  3.26169378e-02 
 7.78791891e+00  3.26208109e-02 
 7.79753160e+00  3.26246840e-02 
 7.80714429e+00  3.26285571e-02 
 7.81675698e+00  3.26324302e-02 
 7.82636967e+00  3.26363033e-02 
 7.83598236e+00  3.26401764e-02 
 7.84559505e+00  3.26440495e-02 
 7.85520774e+00  3.26479226e-02 
 7.86482043e+00  3.26517957e-02 
 7.87443312e+00  3.26556688e-02 
 7.88404581e+00  3.26595419e-02 
 7.89365850e+00  3.26634150e-02 
 7.90327119e+00  3.26672881e-02 
 7.91288388e+00  3.26711612e-02 
 7.92249657e+00  3.26750343e-02 
 7.93210926e+00  3.26789074e-02 
 7.94172195e+00  3.26827805e-02 
 7.95133464e+00  3.26866536e-02 
 7.96094733e+00  3.26905267e-02 
 7.97056002e+00  3.26943998e-02 
 7.98017271e+00  3.26982729e-02 
 7.98978539e+00  3.27021461e-02 
 7.99939808e+00  3.27060192e-02 
 8.00901077e+00  3.27098923e-02 
 8.01862346e+00  3.27137654e-02 
 8.02823615e+00  3.27176385e-02 
 8.03784884e+00  3.27215116e-02 
 8.04746153e+00  3.27253847e-02 
 8.05707422e+00  3.27292578e-02 
 8.06668691e+00  3.27331309e-02 
 8.07629960e+00  3.27370040e-02 
 8.08591229e+00  3.27408771e-02 
 8.09552498e+00  3.27447502e-02 
 8.10513767e+00  3.27486233e-02 
 8.11475036e+00  3.27524964e-02 
 8.12436305e+00  3.27563695e-02 
 8.13397574e+00  3.27602426e-02 
 8.14358843e+00  3.27641157e-02 
 8.15320112e+00  3.27679888e-02 
 8.16281381e+00  3.27718619e-02 
 8.17242650e+00  3.27757350e-02 
 8.18203919e+00  3.27796081e-02 
 8.19165188e+00  3.27834812e-02 
 8.20126457e+00  3.27873543e-02 
 8.21087726e+00  3.27912274e-02 
 8.22048995e+00  3.27951005e-02 
 8.23010264e+00  3.27989736e-02 
 8.23971533e+00  3.28028467e-02 
 8.24932802e+00  3.28067198e-02 
 8.25894071e+00  3.28105929e-02 
 8.26855340e+00  3.28144660e-02 
 8.27816609e+00  3.28183391e-02 
 8.28777878e+00  3.28222122e-02 
 8.29739147e+00  3.28260853e-02 
 8.30700416e+00  3.28299584e-02 
 8.31661685e+00  3.28338315e-02 
 8.32622954e+00  3.28377046e-02 
 8.33584223e+00  3.28415777e-02 
 8.34545492e+00  3.28454508e-02 
 8.35506761e+00  3.28493239e-02 
 8.36468030e+00  3.28531970e-02 
 8.37429299e+00  3.28570701e-02 
 8.38390568e+00  3.28609432e-02 
 8.39351837e+00  3.28648163e-02 
 8.40313106e+00  3.28686894e-02 
 8.41274375e+00  3.28725625e-02 
 8.42235644e+00  3.28764356e-02 
 8.43196913e+00  3.28803087e-02 
 8.44158182e+00  3.28841818e-02 
 8.45119451e+00  3.28880549e-02 
 8.46080720e+00  3.28919280e-02 
 8.47041989e+00  3.28958011e-02 
 8.48003258e+00  3.28996742e-02 
 8.48964527e+00  3.29035473e-02 
 8.49925796e+00  3.29074204e-02 
 8.50887065e+00  3.29112935e-02 
 8.51848334e+00  3.29151666e-02 
 8.52809603e+00  3.29190397e-02 
 8.53770872e+00  3.29229128e-02 
 8.54732141e+00  3.29267859e-02 
 8.55693410e+00  3.29306590e-02 
 8.56654679e+00  3.29345321e-02 
 8.57615948e+00  3.29384052e-02 
 8.58577217e+00  3.29422783e-02 
 8.59538486e+00  3.29461514e-02 
 8.60499755e+00  3.29500245e-02 
 8.61461024e+00  3.29538976e-02 
 8.62422293e+00  3.29577707e-02 
 8.63383562e+00  3.29616438e-02 
 8.64344831e+00  3.29655169e-02 
 8.65306100e+00  3.29693900e-02 
 8.66267369e+00  3.29732631e-02 
 8.67228638e+00  3.29771362e-02 
 8.68189907e+00  3.29810093e-02 
 8.69151176e+00  3.29848824e-02 
 8.70112445e+00  3.29887555e-02 
 8.71073714e+00  3.29926286e-02 
 8.72034983e+00  3.29965017e-02 
 8.72996252e+00  3.30003748e-02 
 8.73957521e+00  3.30042479e-02 
 8.74918790e+00  3.30081210e-02 
 8.75880059e+00  3.30119941e-02 
 8.76841328e+00  3.30158672e-02 
 8.77802597e+00  3.30197403e-02 
 8.78763866e+00  3.30236134e-02 
 8.79725135e+00  3.30274865e-02 
 8.80686404e+00  3.30313596e-02 
 8.81647673e+00  3.30352327e-02 
 8.82608942e+00  3.30391058e-02 
 8.83570211e+00  3.30429789e-02 
 8.84531480e+00  3.30468520e-02 
 8.85492749e+00  3.30507251e-02 
 8.86454018e+00  3.30545982e-02 
 8.87415287e+00  3.30584713e-02 
 8.88376556e+00  3.30623444e-02 
 8.89337825e+00  3.30662175e-02 
 8.90299094e+00  3.30700906e-02 
 8.91260363e+00  3.30739637e-02 
 8.92221632e+00  3.30778368e-02 
 8.93182901e+00  3.30817099e-02 
 8.94144170e+00  3.30855830e-02 
 8.95105439e+00  3.30894561e-02 
 8.96066708e+00  3.30933292e-02 
 8.97027977e+00  3.30972023e-02 
 8.97989246e+00  3.31010754e-02 
 8.98950515e+00  3.31049485e-02 
 8.99911784e+00  3.31088216e-02 
 9.00873053e+00  3.31126947e-02 
 9.01834322e+00  3.31165678e-02 
 9.02795591e+00  3.31204409e-02 
 9.03756860e+00  3.31243140e-02 
 9.04718129e+00  3.31281871e-02 
 9.05679398e+00  3.31320602e-02 
 9.06640667e+00  3.31359333e-02 
 9.07601936e+00  3.31398064e-02 
 9.08563205e+00  3.31436795e-02 
 9.09524474e+00  3.31475526e-02 
 9.10485743e+00  3.31514257e-02 
 9.11447012e+00  3.31552988e-02 
 9.12408281e+00  3.31591719e-02 
 9.13369550e+00  3.31630450e-02 
 9.14330819e+00  3.31669181e-02 
 9.15292088e+00  3.31707912e-02 
 9.16253357e+00  3.31746643e-02 
 9.17214626e+00  3.31785374e-02 
 9.18175895e+00  3.31824105e-02 
 9.19137164e+00  3.31862836e-02 
 9.20098433e+00  3.31901567e-02 
 9.21059702e+00  3.31940298e-02 
 9.22020971e+00  3.31979029e-02 
 9.22982240e+00  3.32017760e-02 
 9.23943509e+00  3.32056491e-02 
 9.24904778e+00  3.32095222e-02 
 9.25866047e+00  3.32133953e-02 
 9.26827316e+00  3.32172684e-02 
 9.27788585e+00  3.32211415e-02 
 9.28749854e+00  3.32250146e-02 
 9.29711123e+00  3.32288877e-02 
 9.30672392e+00  3.32327608e-02 
 9.31633661e+00  3.32366339e-02 
 9.32594930e+00  3.32405070e-02 
 9.33556199e+00  3.32443801e-02 
 9.34517468e+00  3.32482532e-02 
 9.35478737e+00  3.32521263e-02 
 9.36440006e+00  3.32559994e-02 
 9.37401275e+00  3.32598725e-02 
 9.38362544e+00  3.32637456e-02 
 9.39323813e+00  3.32676187e-02 
 9.40285082e+00  3.32714918e-02 
 9.41246351e+00  3.32753649e-02 
 9.42207620e+00  3.32792380e-02 
 9.43168889e+00  3.32831111e-02 
 9.44130158e+00  3.32869842e-02 
 9.45091427e+00  3.32908573e-02 
 9.46052696e+00  3.32947304e-02 
 9.47013965e+00  3.32986035e-02 
 9.47975234e+00  3.33024766e-02 
 9.48936503e+00  3.33063497e-02 
 9.49897772e+00  3.33102228e-02 
 9.50859041e+00  3.33140959e-02 
 9.51820310e+00  3.33179690e-02 
 9.52781579e+00  3.33218421e-02 
 9.53742848e+00  3.33257152e-02 
 9.54704117e+00  3.33295883e-02 
 9.55665386e+00  3.33334614e-02 
 9.56626655e+00  3.33373345e-02 
 9.57587924e+00  3.33412076e-02 
 9.58549193e+00  3.33450807e-02 
 9.59510462e+00  3.33489538e-02 
 9.60471731e+00  3.33528269e-02 
 9.61433000e+00  3.33567000e-02 
 9.62394269e+00  3.33605731e-02 
 9.63355538e+00  3.33644462e-02 
 9.64316807e+00  3.33683193e-02 
 9.65278076e+00  3.33721924e-02 
 9.66239345e+00  3.33760655e-02 
 9.67200614e+00  3.33799386e-02 
 9.68161883e+00  3.33838117e-02 
 9.69123152e+00  3.33876848e-02 
 9.70084421e+00  3.33915579e-02 
 9.71045690e+00  3.33954310e-02 
 9.72006959e+00  3.33993041e-02 
 9.72968228e+00  3.34031772e-02 
 9.73929497e+00  3.34070503e-02 
 9.74890766e+00  3.34109234e-02 
 9.75852035e+00  3.34147965e-02 
 9.76813304e+00  3.34186696e-02 
 9.77774573e+00  3.34225427e-02 
 9.78735842e+00  3.34264158e-02 
 9.79697111e+00  3.34302889e-02 
 9.80658380e+00  3.34341620e-02 
 9.81619649e+00  3.34380351e-02 
 9.82580918e+00  3.34419082e-02 
 9.83542187e+00  3.34457813e-02 
 9.84503456e+00  3.34496544e-02 
 9.85464725e+00  3.34535275e-02 
 9.86425994e+00  3.34574006e-02 
 9.87387263e+00  3.34612737e-02 
 9.88348532e+00  3.34651468e-02 
 9.89309801e+00  3.34690199e-02 
 9.90271070e+00  3.34728930e-02 
 9.91232339e+00  3.34767661e-02 
 9.92193608e+00  3.34806392e-02 
 9.93154877e+00  3.34845123e-02 
 9.94116146e+00  3.34883854e-02 
 9.95077415e+00  3.34922585e-02 
 9.96038684e+00  3.34961316e-02 
 9.96999953e+00  3.35000047e-02 
 9.97961222e+00  3.35038778e-02 
 9.98922491e+00  3.35077509e-02 
 9.99883760e+00  3.35116240e-02 
 1.00084503e+01  3.35154971e-02 
 1.00180630e+01  3.35193702e-02 
 1.00276757e+01  3.35232433e-02 
 1.00372884e+01  3.35271164e-02 
 1.00469011e+01  3.35309895e-02 
 1.00565137e+01  3.35348626e-02 
 1.00661264e+01  3.35387357e-02 
 1.00757391e+01  3.35426088e-02 
 1.00853518e+01  3.35464819e-02 
 1.00949645e+01  3.35503550e-02 
 1.01045772e+01  3.35542281e-02 
 1.01141899e+01  3.35581012e-02 
 1.01238026e+01  3.35619743e-02 
 1.01334153e+01  3.35658474e-02 
 1.01430280e+01  3.35697205e-02 
 1.01526406e+01  3.35735936e-02 
 1.01622533e+01  3.35774667e-02 
 1.01718660e+01  3.35813398e-02 
 1.01814787e+01  3.35852129e-02 
 1.01910914e+01  3.35890860e-02 
 1.02007041e+01  3.35929591e-02 
 1.02103168e+01  3.35968322e-02 
 1.02199295e+01  3.36007053e-02 
 1.02295422e+01  3.36045784e-02 
 1.02391549e+01  3.36084515e-02 
 1.02487675e+01  3.36123246e-02 
 1.02583802e+01  3.36161977e-02 
 1.02679929e+01  3.36200708e-02 
 1.02776056e+01  3.36239439e-02 
 1.02872183e+01  3.36278170e-02 
 1.02968310e+01  3.36316901e-02 
 1.03064437e+01  3.36355632e-02 
 1.03160564e+01  3.36394363e-02 
 1.03256691e+01  3.36433094e-02 
 1.03352818e+01  3.36471825e-02 
 1.03448944e+01  3.36510556e-02 
 1.03545071e+01  3.36549287e-02 
 1.03641198e+01  3.36588018e-02 
 1.03737325e+01  3.36626749e-02 
 1.03833452e+01  3.36665480e-02 
 1.03929579e+01  3.36704211e-02 
 1.04025706e+01  3.36742942e-02 
 1.04121833e+01  3.36781673e-02 
 1.04217960e+01  3.36820404e-02 
 1.04314086e+01  3.36859135e-02 
 1.04410213e+01  3.36897866e-02 
 1.04506340e+01  3.36936597e-02 
 1.04602467e+01  3.36975328e-02 
 1.04698594e+01  3.37014059e-02 
 1.04794721e+01  3.37052790e-02 
 1.04890848e+01  3.37091521e-02 
 1.04986975e+01  3.37130252e-02 
 1.05083102e+01  3.37168983e-02 
 1.05179229e+01  3.37207714e-02 
 1.05275355e+01  3.37246445e-02 
 1.05371482e+01  3.37285176e-02 
 1.05467609e+01  3.37323907e-02 
 1.05563736e+01  3.37362638e-02 
 1.05659863e+01  3.37401369e-02 
 1.05755990e+01  3.37440100e-02 
 1.05852117e+01  3.37478831e-02 
 1.05948244e+01  3.37517562e-02 
 1.06044371e+01  3.37556293e-02 
 1.06140498e+01  3.37595024e-02 
 1.06236624e+01  3.37633755e-02 
 1.06332751e+01  3.37672486e-02 
 1.06428878e+01  3.37711217e-02 
 1.06525005e+01  3.37749948e-02 
 1.06621132e+01  3.37788679e-02 
 1.06717259e+01  3.37827410e-02 
 1.06813386e+01  3.37866141e-02 
 1.06909513e+01  3.37904872e-02 
 1.07005640e+01  3.37943603e-02 
 1.07101767e+01  3.37982334e-02 
 1.07197893e+01  3.38021065e-02 
 1.07294020e+01  3.38059796e-02 
 1.07390147e+01  3.38098527e-02 
 1.07486274e+01  3.38137258e-02 
 1.07582401e+01  3.38175989e-02 
 1.07678528e+01  3.38214720e-02 
 1.07774655e+01  3.38253451e-02 
 1.07870782e+01  3.38292182e-02 
 1.07966909e+01  3.38330913e-02 
 1.08063036e+01  3.38369644e-02 
 1.08159162e+01  3.38408375e-02 
 1.08255289e+01  3.38447106e-02 
 1.08351416e+01  3.38485837e-02 
 1.08447543e+01  3.38524568e-02 
 1.08543670e+01  3.38563299e-02 
 1.08639797e+01  3.38602030e-02 
 1.08735924e+01  3.38640761e-02 
 1.08832051e+01  3.38679492e-02 
 1.08928178e+01  3.38718223e-02 
 1.09024305e+01  3.38756954e-02 
 1.09120431e+01  3.38795685e-02 
 1.09216558e+01  3.38834416e-02 
 1.09312685e+01  3.38873147e-02 
 1.09408812e+01  3.38911878e-02 
 1.09504939e+01  3.38950609e-02 
 1.09601066e+01  3.38989340e-02 
 1.09697193e+01  3.39028071e-02 
 1.09793320e+01  3.39066802e-02 
 1.09889447e+01  3.39105533e-02 
 1.09985574e+01  3.39144264e-02 
 1.10081700e+01  3.39182995e-02 
 1.10177827e+01  3.39221726e-02 
 1.10273954e+01  3.39260457e-02 
 1.10370081e+01  3.39299188e-02 
 1.10466208e+01  3.39337919e-02 
 1.10562335e+01  3.39376650e-02 
 1.10658462e+01  3.39415381e-02 
 1.10754589e+01  3.39454112e-02 
 1.10850716e+01  3.39492843e-02 
 1.10946843e+01  3.39531574e-02 
 1.11042969e+01  3.39570305e-02 
 1.11139096e+01  3.39609036e-02 
 1.11235223e+01  3.39647767e-02 
 1.11331350e+01  3.39686498e-02 
 1.11427477e+01  3.39725229e-02 
 1.11523604e+01  3.39763960e-02 
 1.11619731e+01  3.39802691e-02 
 1.11715858e+01  3.39841422e-02 
 1.11811985e+01  3.39880153e-02 
 1.11908112e+01  3.39918884e-02 
 1.12004238e+01  3.39957615e-02 
 1.12100365e+01  3.39996346e-02 
 1.12196492e+01  3.40035077e-02 
 1.12292619e+01  3.40073808e-02 
 1.12388746e+01  3.40112539e-02 
 1.12484873e+01  3.40151270e-02 
 1.12581000e+01  3.40190001e-02 
 1.12677127e+01  3.40228732e-02 
 1.12773254e+01  3.40267463e-02 
 1.12869381e+01  3.40306194e-02 
 1.12965507e+01  3.40344925e-02 
 1.13061634e+01  3.40383656e-02 
 1.13157761e+01  3.40422387e-02 
 1.13253888e+01  3.40461118e-02 
 1.13350015e+01  3.40499849e-02 
 1.13446142e+01  3.40538580e-02 
 1.13542269e+01  3.40577311e-02 
 1.13638396e+01  3.40616042e-02 
 1.13734523e+01  3.40654773e-02 
 1.13830650e+01  3.40693504e-02 
 1.13926776e+01  3.40732235e-02 
 1.14022903e+01  3.40770966e-02 
 1.14119030e+01  3.40809697e-02 
 1.14215157e+01  3.40848428e-02 
 1.14311284e+01  3.40887159e-02 
 1.14407411e+01  3.40925890e-02 
 1.14503538e+01  3.40964621e-02 
 1.14599665e+01  3.41003352e-02 
 1.14695792e+01  3.41042083e-02 
 1.14791919e+01  3.41080814e-02 
 1.14888045e+01  3.41119545e-02 
 1.14984172e+01  3.41158276e-02 
 1.15080299e+01  3.41197007e-02 
 1.15176426e+01  3.41235738e-02 
 1.15272553e+01  3.41274469e-02 
 1.15368680e+01  3.41313200e-02 
 1.15464807e+01  3.41351931e-02 
 1.15560934e+01  3.41390662e-02 
 1.15657061e+01  3.41429393e-02 
 1.15753188e+01  3.41468124e-02 
 1.15849314e+01  3.41506855e-02 
