 2.57756494e-03 -2.57756494e-05 
 6.03710335e-03  3.96289665e-05 
 9.48385501e-03  1.05161450e-04 
 1.29184194e-02  1.70815806e-04 
 1.63413636e-02  2.36586364e-04 
 1.97532144e-02  3.02467856e-04 
 2.31544646e-02  3.68455354e-04 
 2.65455757e-02  4.34544243e-04 
 2.99269808e-02  5.00730192e-04 
 3.32990865e-02  5.67009135e-04 
 3.66622750e-02  6.33377250e-04 
 4.00169061e-02  6.99830939e-04 
 4.33633190e-02  7.66366810e-04 
 4.67018336e-02  8.32981664e-04 
 5.00327518e-02  8.99672482e-04 
 5.33563593e-02  9.66436407e-04 
 5.66729263e-02  1.03327074e-03 
 5.99827085e-02  1.10017292e-03 
 6.32859485e-02  1.16714051e-03 
 6.65828766e-02  1.23417123e-03 
 6.98737111e-02  1.30126289e-03 
 7.31586599e-02  1.36841340e-03 
 7.64379204e-02  1.43562080e-03 
 7.97116806e-02  1.50288319e-03 
 8.29801197e-02  1.57019880e-03 
 8.62434084e-02  1.63756592e-03 
 8.95017096e-02  1.70498290e-03 
 9.27551789e-02  1.77244821e-03 
 9.60039647e-02  1.83996035e-03 
 9.92482091e-02  1.90751791e-03 
 1.02488048e-01  1.97511952e-03 
 1.05723611e-01  2.04276389e-03 
 1.08955023e-01  2.11044977e-03 
 1.12182404e-01  2.17817596e-03 
 1.15405867e-01  2.24594133e-03 
 1.18625522e-01  2.31374478e-03 
 1.21841475e-01  2.38158525e-03 
 1.25053827e-01  2.44946173e-03 
 1.28262676e-01  2.51737324e-03 
 1.31468113e-01  2.58531887e-03 
 1.34670231e-01  2.65329769e-03 
 1.37869114e-01  2.72130886e-03 
 1.41064846e-01  2.78935154e-03 
 1.44257508e-01  2.85742492e-03 
 1.47447177e-01  2.92552823e-03 
 1.50633927e-01  2.99366073e-03 
 1.53817831e-01  3.06182169e-03 
 1.56998957e-01  3.13001043e-03 
 1.60177372e-01  3.19822628e-03 
 1.63353142e-01  3.26646858e-03 
 1.66526329e-01  3.33473671e-03 
 1.69696992e-01  3.40303008e-03 
 1.72865191e-01  3.47134809e-03 
 1.76030982e-01  3.53969018e-03 
 1.79194419e-01  3.60805581e-03 
 1.82355556e-01  3.67644444e-03 
 1.85514443e-01  3.74485557e-03 
 1.88671131e-01  3.81328869e-03 
 1.91825666e-01  3.88174334e-03 
 1.94978096e-01  3.95021904e-03 
 1.98128466e-01  4.01871534e-03 
 2.01276820e-01  4.08723180e-03 
 2.04423200e-01  4.15576800e-03 
 2.07567646e-01  4.22432354e-03 
 2.10710200e-01  4.29289800e-03 
 2.13850901e-01  4.36149099e-03 
 2.16989784e-01  4.43010216e-03 
 2.20126889e-01  4.49873111e-03 
 2.23262249e-01  4.56737751e-03 
 2.26395900e-01  4.63604100e-03 
 2.29527875e-01  4.70472125e-03 
 2.32658208e-01  4.77341792e-03 
 2.35786929e-01  4.84213071e-03 
 2.38914070e-01  4.91085930e-03 
 2.42039661e-01  4.97960339e-03 
 2.45163732e-01  5.04836268e-03 
 2.48286310e-01  5.11713690e-03 
 2.51407425e-01  5.18592575e-03 
 2.54527102e-01  5.25472898e-03 
 2.57645369e-01  5.32354631e-03 
 2.60762251e-01  5.39237749e-03 
 2.63877773e-01  5.46122227e-03 
 2.66991960e-01  5.53008040e-03 
 2.70104836e-01  5.59895164e-03 
 2.73216425e-01  5.66783575e-03 
 2.76326747e-01  5.73673253e-03 
 2.79435827e-01  5.80564173e-03 
 2.82543686e-01  5.87456314e-03 
 2.85650345e-01  5.94349655e-03 
 2.88755824e-01  6.01244176e-03 
 2.91860144e-01  6.08139856e-03 
 2.94963325e-01  6.15036675e-03 
 2.98065385e-01  6.21934615e-03 
 3.01166344e-01  6.28833656e-03 
 3.04266220e-01  6.35733780e-03 
 3.07365032e-01  6.42634968e-03 
 3.10462796e-01  6.49537204e-03 
 3.13559529e-01  6.56440471e-03 
 3.16655250e-01  6.63344750e-03 
 3.19749974e-01  6.70250026e-03 
 3.22843718e-01  6.77156282e-03 
 3.25936496e-01  6.84063504e-03 
 3.29028326e-01  6.90971674e-03 
 3.32119221e-01  6.97880779e-03 
 3.35209197e-01  7.04790803e-03 
 3.38298268e-01  7.11701732e-03 
 3.41386448e-01  7.18613552e-03 
 3.44473752e-01  7.25526248e-03 
 3.47560193e-01  7.32439807e-03 
 3.50645784e-01  7.39354216e-03 
 3.53730539e-01  7.46269461e-03 
 3.56814470e-01  7.53185530e-03 
 3.59897590e-01  7.60102410e-03 
 3.62979912e-01  7.67020088e-03 
 3.66061447e-01  7.73938553e-03 
 3.69142207e-01  7.80857793e-03 
 3.72222205e-01  7.87777795e-03 
 3.75301451e-01  7.94698549e-03 
 3.78379956e-01  8.01620044e-03 
 3.81457733e-01  8.08542267e-03 
 3.84534791e-01  8.15465209e-03 
 3.87611142e-01  8.22388858e-03 
 3.90686796e-01  8.29313204e-03 
 3.93761762e-01  8.36238238e-03 
 3.96836051e-01  8.43163949e-03 
 3.99909674e-01  8.50090326e-03 
 4.02982639e-01  8.57017361e-03 
 4.06054957e-01  8.63945043e-03 
 4.09126636e-01  8.70873364e-03 
 4.12197686e-01  8.77802314e-03 
 4.15268116e-01  8.84731884e-03 
 4.18337935e-01  8.91662065e-03 
 4.21407151e-01  8.98592849e-03 
 4.24475774e-01  9.05524226e-03 
 4.27543812e-01  9.12456188e-03 
 4.30611273e-01  9.19388727e-03 
 4.33678165e-01  9.26321835e-03 
 4.36744496e-01  9.33255504e-03 
 4.39810275e-01  9.40189725e-03 
 4.42875509e-01  9.47124491e-03 
 4.45940206e-01  9.54059794e-03 
 4.49004374e-01  9.60995626e-03 
 4.52068019e-01  9.67931981e-03 
 4.55131150e-01  9.74868850e-03 
 4.58193773e-01  9.81806227e-03 
 4.61255896e-01  9.88744104e-03 
 4.64317525e-01  9.95682475e-03 
 4.67378669e-01  1.00262133e-02 
 4.70439332e-01  1.00956067e-02 
 4.73499523e-01  1.01650048e-02 
 4.76559247e-01  1.02344075e-02 
 4.79618511e-01  1.03038149e-02 
 4.82677322e-01  1.03732268e-02 
 4.85735687e-01  1.04426431e-02 
 4.88793610e-01  1.05120639e-02 
 4.91851099e-01  1.05814890e-02 
 4.94908159e-01  1.06509184e-02 
 4.97964797e-01  1.07203520e-02 
 5.01021018e-01  1.07897898e-02 
 5.04076828e-01  1.08592317e-02 
 5.07132233e-01  1.09286777e-02 
 5.10187239e-01  1.09981276e-02 
 5.13241851e-01  1.10675815e-02 
 5.16296075e-01  1.11370393e-02 
 5.19349915e-01  1.12065008e-02 
 5.22403379e-01  1.12759662e-02 
 5.25456470e-01  1.13454353e-02 
 5.28509194e-01  1.14149081e-02 
 5.31561557e-01  1.14843844e-02 
 5.34613563e-01  1.15538644e-02 
 5.37665218e-01  1.16233478e-02 
 5.40716526e-01  1.16928347e-02 
 5.43767492e-01  1.17623251e-02 
 5.46818122e-01  1.18318188e-02 
 5.49868419e-01  1.19013158e-02 
 5.52918390e-01  1.19708161e-02 
 5.55968038e-01  1.20403196e-02 
 5.59017368e-01  1.21098263e-02 
 5.62066385e-01  1.21793362e-02 
 5.65115093e-01  1.22488491e-02 
 5.68163497e-01  1.23183650e-02 
 5.71211601e-01  1.23878840e-02 
 5.74259410e-01  1.24574059e-02 
 5.77306928e-01  1.25269307e-02 
 5.80354159e-01  1.25964584e-02 
 5.83401107e-01  1.26659889e-02 
 5.86447778e-01  1.27355222e-02 
 5.89494174e-01  1.28050583e-02 
 5.92540300e-01  1.28745970e-02 
 5.95586160e-01  1.29441384e-02 
 5.98631758e-01  1.30136824e-02 
 6.01677098e-01  1.30832290e-02 
 6.04722185e-01  1.31527782e-02 
 6.07767021e-01  1.32223298e-02 
 6.10811611e-01  1.32918839e-02 
 6.13855959e-01  1.33614404e-02 
 6.16900068e-01  1.34309993e-02 
 6.19943942e-01  1.35005606e-02 
 6.22987586e-01  1.35701241e-02 
 6.26031002e-01  1.36396900e-02 
 6.29074194e-01  1.37092581e-02 
 6.32117166e-01  1.37788283e-02 
 6.35159922e-01  1.38484008e-02 
 6.38202465e-01  1.39179753e-02 
 6.41244799e-01  1.39875520e-02 
 6.44286926e-01  1.40571307e-02 
 6.47328852e-01  1.41267115e-02 
 6.50370578e-01  1.41962942e-02 
 6.53412109e-01  1.42658789e-02 
 6.56453448e-01  1.43354655e-02 
 6.59494598e-01  1.44050540e-02 
 6.62535563e-01  1.44746444e-02 
 6.65576345e-01  1.45442365e-02 
 6.68616949e-01  1.46138305e-02 
 6.71657377e-01  1.46834262e-02 
 6.74697633e-01  1.47530237e-02 
 6.77737720e-01  1.48226228e-02 
 6.80777641e-01  1.48922236e-02 
 6.83817399e-01  1.49618260e-02 
 6.86856998e-01  1.50314300e-02 
 6.89896440e-01  1.51010356e-02 
 6.92935728e-01  1.51706427e-02 
 6.95974867e-01  1.52402513e-02 
 6.99013858e-01  1.53098614e-02 
 7.02052705e-01  1.53794729e-02 
 7.05091411e-01  1.54490859e-02 
 7.08129979e-01  1.55187002e-02 
 7.11168411e-01  1.55883159e-02 
 7.14206712e-01  1.56579329e-02 
 7.17244883e-01  1.57275512e-02 
 7.20282928e-01  1.57971707e-02 
 7.23320849e-01  1.58667915e-02 
 7.26358651e-01  1.59364135e-02 
 7.29396334e-01  1.60060367e-02 
 7.32433903e-01  1.60756610e-02 
 7.35471360e-01  1.61452864e-02 
 7.38508707e-01  1.62149129e-02 
 7.41545949e-01  1.62845405e-02 
 7.44583088e-01  1.63541691e-02 
 7.47620125e-01  1.64237987e-02 
 7.50657065e-01  1.64934293e-02 
 7.53693910e-01  1.65630609e-02 
 7.56730663e-01  1.66326934e-02 
 7.59767326e-01  1.67023267e-02 
 7.62803903e-01  1.67719610e-02 
 7.65840396e-01  1.68415960e-02 
 7.68876807e-01  1.69112319e-02 
 7.71913140e-01  1.69808686e-02 
 7.74949397e-01  1.70505060e-02 
 7.77985580e-01  1.71201442e-02 
 7.81021694e-01  1.71897831e-02 
 7.84057739e-01  1.72594226e-02 
 7.87093719e-01  1.73290628e-02 
 7.90129637e-01  1.73987036e-02 
 7.93165495e-01  1.74683450e-02 
 7.96201296e-01  1.75379870e-02 
 7.99237042e-01  1.76076296e-02 
 8.02272737e-01  1.76772726e-02 
 8.05308382e-01  1.77469162e-02 
 8.08343980e-01  1.78165602e-02 
 8.11379535e-01  1.78862047e-02 
 8.14415048e-01  1.79558495e-02 
 8.17450522e-01  1.80254948e-02 
 8.20485960e-01  1.80951404e-02 
 8.23521364e-01  1.81647864e-02 
 8.26556737e-01  1.82344326e-02 
 8.29592082e-01  1.83040792e-02 
 8.32627401e-01  1.83737260e-02 
 8.35662696e-01  1.84433730e-02 
 8.38697971e-01  1.85130203e-02 
 8.41733228e-01  1.85826677e-02 
 8.44768469e-01  1.86523153e-02 
 8.47803697e-01  1.87219630e-02 
 8.50838915e-01  1.87916109e-02 
 8.53874125e-01  1.88612588e-02 
 8.56909329e-01  1.89309067e-02 
 8.59944531e-01  1.90005547e-02 
 8.62979733e-01  1.90702027e-02 
 8.66014937e-01  1.91398506e-02 
 8.69050146e-01  1.92094985e-02 
 8.72085363e-01  1.92791464e-02 
 8.75120590e-01  1.93487941e-02 
 8.78155829e-01  1.94184417e-02 
 8.81191084e-01  1.94880892e-02 
 8.84226357e-01  1.95577364e-02 
 8.87261650e-01  1.96273835e-02 
 8.90296966e-01  1.96970303e-02 
 8.93332308e-01  1.97666769e-02 
 8.96367678e-01  1.98363232e-02 
 8.99403078e-01  1.99059692e-02 
 9.02438513e-01  1.99756149e-02 
 9.05473983e-01  2.00452602e-02 
 9.08509492e-01  2.01149051e-02 
 9.11545042e-01  2.01845496e-02 
 9.14580635e-01  2.02541936e-02 
 9.17616276e-01  2.03238372e-02 
 9.20651965e-01  2.03934803e-02 
 9.23687706e-01  2.04631229e-02 
 9.26723502e-01  2.05327650e-02 
 9.29759354e-01  2.06024065e-02 
 9.32795266e-01  2.06720473e-02 
 9.35831241e-01  2.07416876e-02 
 9.38867280e-01  2.08113272e-02 
 9.41903387e-01  2.08809661e-02 
 9.44939565e-01  2.09506044e-02 
 9.47975815e-01  2.10202418e-02 
 9.51012142e-01  2.10898786e-02 
 9.54048546e-01  2.11595145e-02 
 9.57085032e-01  2.12291497e-02 
 9.60121602e-01  2.12987840e-02 
 9.63158259e-01  2.13684174e-02 
 9.66195005e-01  2.14380499e-02 
 9.69231844e-01  2.15076816e-02 
 9.72268777e-01  2.15773122e-02 
 9.75305808e-01  2.16469419e-02 
 9.78342940e-01  2.17165706e-02 
 9.81380176e-01  2.17861982e-02 
 9.84417517e-01  2.18558248e-02 
 9.87454968e-01  2.19254503e-02 
 9.90492531e-01  2.19950747e-02 
 9.93530209e-01  2.20646979e-02 
 9.96568004e-01  2.21343200e-02 
 9.99605920e-01  2.22039408e-02 
 1.00264396e+00  2.22735604e-02 
 1.00568213e+00  2.23431787e-02 
 1.00872042e+00  2.24127958e-02 
 1.01175885e+00  2.24824115e-02 
 1.01479741e+00  2.25520259e-02 
 1.01783612e+00  2.26216388e-02 
 1.02087496e+00  2.26912504e-02 
 1.02391395e+00  2.27608605e-02 
 1.02695309e+00  2.28304691e-02 
 1.02999237e+00  2.29000763e-02 
 1.03303181e+00  2.29696819e-02 
 1.03607141e+00  2.30392859e-02 
 1.03911117e+00  2.31088883e-02 
 1.04215109e+00  2.31784891e-02 
 1.04519118e+00  2.32480882e-02 
 1.04823144e+00  2.33176856e-02 
 1.05127187e+00  2.33872813e-02 
 1.05431247e+00  2.34568753e-02 
 1.05735326e+00  2.35264674e-02 
 1.06039423e+00  2.35960577e-02 
 1.06343539e+00  2.36656461e-02 
 1.06647673e+00  2.37352327e-02 
 1.06951827e+00  2.38048173e-02 
 1.07256000e+00  2.38744000e-02 
 1.07560194e+00  2.39439806e-02 
 1.07864408e+00  2.40135592e-02 
 1.08168642e+00  2.40831358e-02 
 1.08472898e+00  2.41527102e-02 
 1.08777174e+00  2.42222826e-02 
 1.09081473e+00  2.42918527e-02 
 1.09385794e+00  2.43614206e-02 
 1.09690137e+00  2.44309863e-02 
 1.09994503e+00  2.45005497e-02 
 1.10298893e+00  2.45701107e-02 
 1.10603306e+00  2.46396694e-02 
 1.10907743e+00  2.47092257e-02 
 1.11212204e+00  2.47787796e-02 
 1.11516690e+00  2.48483310e-02 
 1.11821202e+00  2.49178798e-02 
 1.12125738e+00  2.49874262e-02 
 1.12430301e+00  2.50569699e-02 
 1.12734890e+00  2.51265110e-02 
 1.13039506e+00  2.51960494e-02 
 1.13344149e+00  2.52655851e-02 
 1.13648820e+00  2.53351180e-02 
 1.13953519e+00  2.54046481e-02 
 1.14258246e+00  2.54741754e-02 
 1.14563002e+00  2.55436998e-02 
 1.14867788e+00  2.56132212e-02 
 1.15172603e+00  2.56827397e-02 
 1.15477448e+00  2.57522552e-02 
 1.15782324e+00  2.58217676e-02 
 1.16087231e+00  2.58912769e-02 
 1.16392169e+00  2.59607831e-02 
 1.16697140e+00  2.60302860e-02 
 1.17002143e+00  2.60997857e-02 
 1.17307179e+00  2.61692821e-02 
 1.17612249e+00  2.62387751e-02 
 1.17917352e+00  2.63082648e-02 
 1.18222490e+00  2.63777510e-02 
 1.18527662e+00  2.64472338e-02 
 1.18832871e+00  2.65167129e-02 
 1.19138115e+00  2.65861885e-02 
 1.19443395e+00  2.66556605e-02 
 1.19748713e+00  2.67251287e-02 
 1.20054068e+00  2.67945932e-02 
 1.20359461e+00  2.68640539e-02 
 1.20664893e+00  2.69335107e-02 
 1.20970363e+00  2.70029637e-02 
 1.21275874e+00  2.70724126e-02 
 1.21581425e+00  2.71418575e-02 
 1.21887016e+00  2.72112984e-02 
 1.22192649e+00  2.72807351e-02 
 1.22498324e+00  2.73501676e-02 
 1.22804042e+00  2.74195958e-02 
 1.23109803e+00  2.74890197e-02 
 1.23415608e+00  2.75584392e-02 
 1.23721457e+00  2.76278543e-02 
 1.24027351e+00  2.76972649e-02 
 1.24333291e+00  2.77666709e-02 
 1.24639277e+00  2.78360723e-02 
 1.24945310e+00  2.79054690e-02 
 1.25251391e+00  2.79748609e-02 
 1.25557521e+00  2.80442479e-02 
 1.25863699e+00  2.81136301e-02 
 1.26169927e+00  2.81830073e-02 
 1.26476206e+00  2.82523794e-02 
 1.26782535e+00  2.83217465e-02 
 1.27088917e+00  2.83911083e-02 
 1.27395352e+00  2.84604648e-02 
 1.27701839e+00  2.85298161e-02 
 1.28008381e+00  2.85991619e-02 
 1.28314978e+00  2.86685022e-02 
 1.28621631e+00  2.87378369e-02 
 1.28928340e+00  2.88071660e-02 
 1.29235106e+00  2.88764894e-02 
 1.29541931e+00  2.89458069e-02 
 1.29848814e+00  2.90151186e-02 
 1.30155758e+00  2.90844242e-02 
 1.30462762e+00  2.91537238e-02 
 1.30769828e+00  2.92230172e-02 
 1.31076956e+00  2.92923044e-02 
 1.31384148e+00  2.93615852e-02 
 1.31691404e+00  2.94308596e-02 
 1.31998726e+00  2.95001274e-02 
 1.32306114e+00  2.95693886e-02 
 1.32613569e+00  2.96386431e-02 
 1.32921092e+00  2.97078908e-02 
 1.33228684e+00  2.97771316e-02 
 1.33536347e+00  2.98463653e-02 
 1.33844081e+00  2.99155919e-02 
 1.34151888e+00  2.99848112e-02 
 1.34459768e+00  3.00540232e-02 
 1.34767722e+00  3.01232278e-02 
 1.35075752e+00  3.01924248e-02 
 1.35383859e+00  3.02616141e-02 
 1.35692045e+00  3.03307955e-02 
 1.36000309e+00  3.03999691e-02 
 1.36308654e+00  3.04691346e-02 
 1.36617080e+00  3.05382920e-02 
 1.36925590e+00  3.06074410e-02 
 1.37234184e+00  3.06765816e-02 
 1.37542863e+00  3.07457137e-02 
 1.37851629e+00  3.08148371e-02 
 1.38160483e+00  3.08839517e-02 
 1.38469427e+00  3.09530573e-02 
 1.38778462e+00  3.10221538e-02 
 1.39087590e+00  3.10912410e-02 
 1.39396812e+00  3.11603188e-02 
 1.39706129e+00  3.12293871e-02 
 1.40015543e+00  3.12984457e-02 
 1.40325055e+00  3.13674945e-02 
 1.40634668e+00  3.14365332e-02 
 1.40944383e+00  3.15055617e-02 
 1.41254202e+00  3.15745798e-02 
 1.41564125e+00  3.16435875e-02 
 1.41874156e+00  3.17125844e-02 
 1.42184295e+00  3.17815705e-02 
 1.42494545e+00  3.18505455e-02 
 1.42804908e+00  3.19195092e-02 
 1.43115385e+00  3.19884615e-02 
 1.43425978e+00  3.20574022e-02 
 1.43736690e+00  3.21263310e-02 
 1.44047522e+00  3.21952478e-02 
 1.44358477e+00  3.22641523e-02 
 1.44669556e+00  3.23330444e-02 
 1.44980762e+00  3.24019238e-02 
 1.45292098e+00  3.24707902e-02 
 1.45603565e+00  3.25396435e-02 
 1.45915165e+00  3.26084835e-02 
 1.46226902e+00  3.26773098e-02 
 1.46538777e+00  3.27461223e-02 
 1.46850794e+00  3.28149206e-02 
 1.47162954e+00  3.28837046e-02 
 1.47475261e+00  3.29524739e-02 
 1.47787717e+00  3.30212283e-02 
 1.48100325e+00  3.30899675e-02 
 1.48413088e+00  3.31586912e-02 
 1.48726009e+00  3.32273991e-02 
 1.49039090e+00  3.32960910e-02 
 1.49352336e+00  3.33647664e-02 
 1.49665749e+00  3.34334251e-02 
 1.49979333e+00  3.35020667e-02 
 1.50293090e+00  3.35706910e-02 
 1.50607025e+00  3.36392975e-02 
 1.50921140e+00  3.37078860e-02 
 1.51235441e+00  3.37764559e-02 
 1.51549929e+00  3.38450071e-02 
 1.51864610e+00  3.39135390e-02 
 1.52179487e+00  3.39820513e-02 
 1.52494565e+00  3.40505435e-02 
 1.52809847e+00  3.41190153e-02 
 1.53125338e+00  3.41874662e-02 
 1.53441043e+00  3.42558957e-02 
 1.53756966e+00  3.43243034e-02 
 1.54073111e+00  3.43926889e-02 
 1.54389485e+00  3.44610515e-02 
 1.54706091e+00  3.45293909e-02 
 1.55022936e+00  3.45977064e-02 
 1.55340024e+00  3.46659976e-02 
 1.55657361e+00  3.47342639e-02 
 1.55974954e+00  3.48025046e-02 
 1.56292807e+00  3.48707193e-02 
 1.56610927e+00  3.49389073e-02 
 1.56929321e+00  3.50070679e-02 
 1.57247995e+00  3.50752005e-02 
 1.57566955e+00  3.51433045e-02 
 1.57886210e+00  3.52113790e-02 
 1.58205766e+00  3.52794234e-02 
 1.58525631e+00  3.53474369e-02 
 1.58845812e+00  3.54154188e-02 
 1.59166318e+00  3.54833682e-02 
 1.59487158e+00  3.55512842e-02 
 1.59808339e+00  3.56191661e-02 
 1.60129872e+00  3.56870128e-02 
 1.60451765e+00  3.57548235e-02 
 1.60774029e+00  3.58225971e-02 
 1.61096673e+00  3.58903327e-02 
 1.61419709e+00  3.59580291e-02 
 1.61743146e+00  3.60256854e-02 
 1.62066998e+00  3.60933002e-02 
 1.62391275e+00  3.61608725e-02 
 1.62715990e+00  3.62284010e-02 
 1.63041157e+00  3.62958843e-02 
 1.63366788e+00  3.63633212e-02 
 1.63692898e+00  3.64307102e-02 
 1.64019502e+00  3.64980498e-02 
 1.64346615e+00  3.65653385e-02 
 1.64674254e+00  3.66325746e-02 
 1.65002435e+00  3.66997565e-02 
 1.65331175e+00  3.67668825e-02 
 1.65660495e+00  3.68339505e-02 
 1.65990412e+00  3.69009588e-02 
 1.66320947e+00  3.69679053e-02 
 1.66652123e+00  3.70347877e-02 
 1.66983960e+00  3.71016040e-02 
 1.67316484e+00  3.71683516e-02 
 1.67649718e+00  3.72350282e-02 
 1.67983690e+00  3.73016310e-02 
 1.68318426e+00  3.73681574e-02 
 1.68653956e+00  3.74346044e-02 
 1.68990311e+00  3.75009689e-02 
 1.69327522e+00  3.75672478e-02 
 1.69665625e+00  3.76334375e-02 
 1.70004657e+00  3.76995343e-02 
 1.70344654e+00  3.77655346e-02 
 1.70685659e+00  3.78314341e-02 
 1.71027715e+00  3.78972285e-02 
 1.71370868e+00  3.79629132e-02 
 1.71715166e+00  3.80284834e-02 
 1.72060663e+00  3.80939337e-02 
 1.72407415e+00  3.81592585e-02 
 1.72755480e+00  3.82244520e-02 
 1.73104923e+00  3.82895077e-02 
 1.73455812e+00  3.83544188e-02 
 1.73808219e+00  3.84191781e-02 
 1.74162224e+00  3.84837776e-02 
 1.74517911e+00  3.85482089e-02 
 1.74875371e+00  3.86124629e-02 
 1.75234701e+00  3.86765299e-02 
 1.75596008e+00  3.87403992e-02 
 1.75959405e+00  3.88040595e-02 
 1.76325017e+00  3.88674983e-02 
 1.76692979e+00  3.89307021e-02 
 1.77063436e+00  3.89936564e-02 
 1.77436548e+00  3.90563452e-02 
 1.77812489e+00  3.91187511e-02 
 1.78191448e+00  3.91808552e-02 
 1.78573634e+00  3.92426366e-02 
 1.78959275e+00  3.93040725e-02 
 1.79348622e+00  3.93651378e-02 
 1.79741952e+00  3.94258048e-02 
 1.80139571e+00  3.94860429e-02 
 1.80541816e+00  3.95458184e-02 
 1.80949062e+00  3.96050938e-02 
 1.81361725e+00  3.96638275e-02 
 1.81780268e+00  3.97219732e-02 
 1.82205206e+00  3.97794794e-02 
 1.82637114e+00  3.98362886e-02 
 1.83076635e+00  3.98923365e-02 
 1.83524485e+00  3.99475515e-02 
 1.83981466e+00  4.00018534e-02 
 1.84448473e+00  4.00551527e-02 
 1.84926501e+00  4.01073499e-02 
 1.85416655e+00  4.01583345e-02 
 1.85920155e+00  4.02079845e-02 
 1.86438339e+00  4.02561661e-02 
 1.86972654e+00  4.03027346e-02 
 1.87524645e+00  4.03475355e-02 
 1.88095924e+00  4.03904076e-02 
 1.88688123e+00  4.04311877e-02 
 1.89302830e+00  4.04697170e-02 
 1.89941492e+00  4.05058508e-02 
 1.90605310e+00  4.05394690e-02 
 1.91295118e+00  4.05704882e-02 
 1.92011273e+00  4.05988727e-02 
 1.92753574e+00  4.06246426e-02 
 1.93521232e+00  4.06478768e-02 
 1.94312908e+00  4.06687092e-02 
 1.95126805e+00  4.06873195e-02 
 1.95960810e+00  4.07039190e-02 
 1.96812648e+00  4.07187352e-02 
 1.97680027e+00  4.07319973e-02 
 1.98560754e+00  4.07439246e-02 
 1.99452811e+00  4.07547189e-02 
 2.00354400e+00  4.07645600e-02 
 2.01263959e+00  4.07736041e-02 
 2.02180149e+00  4.07819851e-02 
 2.03101840e+00  4.07898160e-02 
 2.04028090e+00  4.07971910e-02 
 2.04958113e+00  4.08041887e-02 
 2.05891259e+00  4.08108741e-02 
 2.06826991e+00  4.08173009e-02 
 2.07764867e+00  4.08235133e-02 
 2.08704519e+00  4.08295481e-02 
 2.09645645e+00  4.08354355e-02 
 2.10587996e+00  4.08412004e-02 
 2.11531366e+00  4.08468634e-02 
 2.12475582e+00  4.08524418e-02 
 2.13420503e+00  4.08579497e-02 
 2.14366012e+00  4.08633988e-02 
 2.15312009e+00  4.08687991e-02 
 2.16258415e+00  4.08741585e-02 
 2.17205161e+00  4.08794839e-02 
 2.18152191e+00  4.08847809e-02 
 2.19099458e+00  4.08900542e-02 
 2.20046923e+00  4.08953077e-02 
 2.20994553e+00  4.09005447e-02 
 2.21942321e+00  4.09057679e-02 
 2.22890204e+00  4.09109796e-02 
 2.23838184e+00  4.09161816e-02 
 2.24786244e+00  4.09213756e-02 
 2.25734371e+00  4.09265629e-02 
 2.26682554e+00  4.09317446e-02 
 2.27630785e+00  4.09369215e-02 
 2.28579054e+00  4.09420946e-02 
 2.29527357e+00  4.09472643e-02 
 2.30475687e+00  4.09524313e-02 
 2.31424039e+00  4.09575961e-02 
 2.32372411e+00  4.09627589e-02 
 2.33320799e+00  4.09679201e-02 
 2.34269200e+00  4.09730800e-02 
 2.35217613e+00  4.09782387e-02 
 2.36166035e+00  4.09833965e-02 
 2.37114464e+00  4.09885536e-02 
 2.38062900e+00  4.09937100e-02 
 2.39011342e+00  4.09988658e-02 
 2.39959788e+00  4.10040212e-02 
 2.40908238e+00  4.10091762e-02 
 2.41856691e+00  4.10143309e-02 
 2.42805147e+00  4.10194853e-02 
 2.43753605e+00  4.10246395e-02 
 2.44702065e+00  4.10297935e-02 
 2.45650527e+00  4.10349473e-02 
 2.46598989e+00  4.10401011e-02 
 2.47547453e+00  4.10452547e-02 
 2.48495918e+00  4.10504082e-02 
 2.49444384e+00  4.10555616e-02 
 2.50392850e+00  4.10607150e-02 
 2.51341317e+00  4.10658683e-02 
 2.52289784e+00  4.10710216e-02 
 2.53238251e+00  4.10761749e-02 
 2.54186719e+00  4.10813281e-02 
 2.55135187e+00  4.10864813e-02 
 2.56083656e+00  4.10916344e-02 
 2.57032124e+00  4.10967876e-02 
 2.57980593e+00  4.11019407e-02 
 2.58929062e+00  4.11070938e-02 
 2.59877530e+00  4.11122470e-02 
 2.60825999e+00  4.11174001e-02 
 2.61774469e+00  4.11225531e-02 
 2.62722938e+00  4.11277062e-02 
 2.63671407e+00  4.11328593e-02 
 2.64619876e+00  4.11380124e-02 
 2.65568345e+00  4.11431655e-02 
 2.66516815e+00  4.11483185e-02 
 2.67465284e+00  4.11534716e-02 
 2.68413753e+00  4.11586247e-02 
 2.69362223e+00  4.11637777e-02 
 2.70310692e+00  4.11689308e-02 
 2.71259161e+00  4.11740839e-02 
 2.72207631e+00  4.11792369e-02 
 2.73156100e+00  4.11843900e-02 
 2.74104570e+00  4.11895430e-02 
 2.75053039e+00  4.11946961e-02 
 2.76001508e+00  4.11998492e-02 
 2.76949978e+00  4.12050022e-02 
 2.77898447e+00  4.12101553e-02 
 2.78846917e+00  4.12153083e-02 
 2.79795386e+00  4.12204614e-02 
 2.80743856e+00  4.12256144e-02 
 2.81692325e+00  4.12307675e-02 
 2.82640794e+00  4.12359206e-02 
 2.83589264e+00  4.12410736e-02 
 2.84537733e+00  4.12462267e-02 
 2.85486203e+00  4.12513797e-02 
 2.86434672e+00  4.12565328e-02 
 2.87383142e+00  4.12616858e-02 
 2.88331611e+00  4.12668389e-02 
 2.89280080e+00  4.12719920e-02 
 2.90228550e+00  4.12771450e-02 
 2.91177019e+00  4.12822981e-02 
 2.92125489e+00  4.12874511e-02 
 2.93073958e+00  4.12926042e-02 
 2.94022428e+00  4.12977572e-02 
 2.94970897e+00  4.13029103e-02 
 2.95919366e+00  4.13080634e-02 
 2.96867836e+00  4.13132164e-02 
 2.97816305e+00  4.13183695e-02 
 2.98764775e+00  4.13235225e-02 
 2.99713244e+00  4.13286756e-02 
 3.00661714e+00  4.13338286e-02 
 3.01610183e+00  4.13389817e-02 
 3.02558652e+00  4.13441348e-02 
 3.03507122e+00  4.13492878e-02 
 3.04455591e+00  4.13544409e-02 
 3.05404061e+00  4.13595939e-02 
 3.06352530e+00  4.13647470e-02 
 3.07301000e+00  4.13699000e-02 
 3.08249469e+00  4.13750531e-02 
 3.09197939e+00  4.13802061e-02 
 3.10146408e+00  4.13853592e-02 
 3.11094877e+00  4.13905123e-02 
 3.12043347e+00  4.13956653e-02 
 3.12991816e+00  4.14008184e-02 
 3.13940286e+00  4.14059714e-02 
 3.14888755e+00  4.14111245e-02 
 3.15837225e+00  4.14162775e-02 
 3.16785694e+00  4.14214306e-02 
 3.17734163e+00  4.14265837e-02 
 3.18682633e+00  4.14317367e-02 
 3.19631102e+00  4.14368898e-02 
 3.20579572e+00  4.14420428e-02 
 3.21528041e+00  4.14471959e-02 
 3.22476511e+00  4.14523489e-02 
 3.23424980e+00  4.14575020e-02 
 3.24373450e+00  4.14626550e-02 
 3.25321919e+00  4.14678081e-02 
 3.26270388e+00  4.14729612e-02 
 3.27218858e+00  4.14781142e-02 
 3.28167327e+00  4.14832673e-02 
 3.29115797e+00  4.14884203e-02 
 3.30064266e+00  4.14935734e-02 
 3.31012736e+00  4.14987264e-02 
 3.31961205e+00  4.15038795e-02 
 3.32909674e+00  4.15090326e-02 
 3.33858144e+00  4.15141856e-02 
 3.34806613e+00  4.15193387e-02 
 3.35755083e+00  4.15244917e-02 
 3.36703552e+00  4.15296448e-02 
 3.37652022e+00  4.15347978e-02 
 3.38600491e+00  4.15399509e-02 
 3.39548961e+00  4.15451039e-02 
 3.40497430e+00  4.15502570e-02 
 3.41445899e+00  4.15554101e-02 
 3.42394369e+00  4.15605631e-02 
 3.43342838e+00  4.15657162e-02 
 3.44291308e+00  4.15708692e-02 
 3.45239777e+00  4.15760223e-02 
 3.46188247e+00  4.15811753e-02 
 3.47136716e+00  4.15863284e-02 
 3.48085185e+00  4.15914815e-02 
 3.49033655e+00  4.15966345e-02 
 3.49982124e+00  4.16017876e-02 
 3.50930594e+00  4.16069406e-02 
 3.51879063e+00  4.16120937e-02 
 3.52827533e+00  4.16172467e-02 
 3.53776002e+00  4.16223998e-02 
 3.54724472e+00  4.16275528e-02 
 3.55672941e+00  4.16327059e-02 
 3.56621410e+00  4.16378590e-02 
 3.57569880e+00  4.16430120e-02 
 3.58518349e+00  4.16481651e-02 
 3.59466819e+00  4.16533181e-02 
 3.60415288e+00  4.16584712e-02 
 3.61363758e+00  4.16636242e-02 
 3.62312227e+00  4.16687773e-02 
 3.63260696e+00  4.16739304e-02 
 3.64209166e+00  4.16790834e-02 
 3.65157635e+00  4.16842365e-02 
 3.66106105e+00  4.16893895e-02 
 3.67054574e+00  4.16945426e-02 
 3.68003044e+00  4.16996956e-02 
 3.68951513e+00  4.17048487e-02 
 3.69899983e+00  4.17100017e-02 
 3.70848452e+00  4.17151548e-02 
 3.71796921e+00  4.17203079e-02 
 3.72745391e+00  4.17254609e-02 
 3.73693860e+00  4.17306140e-02 
 3.74642330e+00  4.17357670e-02 
 3.75590799e+00  4.17409201e-02 
 3.76539269e+00  4.17460731e-02 
 3.77487738e+00  4.17512262e-02 
 3.78436208e+00  4.17563792e-02 
 3.79384677e+00  4.17615323e-02 
 3.80333146e+00  4.17666854e-02 
 3.81281616e+00  4.17718384e-02 
 3.82230085e+00  4.17769915e-02 
 3.83178555e+00  4.17821445e-02 
 3.84127024e+00  4.17872976e-02 
 3.85075494e+00  4.17924506e-02 
 3.86023963e+00  4.17976037e-02 
 3.86972432e+00  4.18027568e-02 
 3.87920902e+00  4.18079098e-02 
 3.88869371e+00  4.18130629e-02 
 3.89817841e+00  4.18182159e-02 
 3.90766310e+00  4.18233690e-02 
 3.91714780e+00  4.18285220e-02 
 3.92663249e+00  4.18336751e-02 
 3.93611719e+00  4.18388281e-02 
 3.94560188e+00  4.18439812e-02 
 3.95508657e+00  4.18491343e-02 
 3.96457127e+00  4.18542873e-02 
 3.97405596e+00  4.18594404e-02 
 3.98354066e+00  4.18645934e-02 
 3.99302535e+00  4.18697465e-02 
 4.00251005e+00  4.18748995e-02 
 4.01199474e+00  4.18800526e-02 
 4.02147943e+00  4.18852057e-02 
 4.03096413e+00  4.18903587e-02 
 4.04044882e+00  4.18955118e-02 
 4.04993352e+00  4.19006648e-02 
 4.05941821e+00  4.19058179e-02 
 4.06890291e+00  4.19109709e-02 
 4.07838760e+00  4.19161240e-02 
 4.08787230e+00  4.19212770e-02 
 4.09735699e+00  4.19264301e-02 
 4.10684168e+00  4.19315832e-02 
 4.11632638e+00  4.19367362e-02 
 4.12581107e+00  4.19418893e-02 
 4.13529577e+00  4.19470423e-02 
 4.14478046e+00  4.19521954e-02 
 4.15426516e+00  4.19573484e-02 
 4.16374985e+00  4.19625015e-02 
 4.17323454e+00  4.19676546e-02 
 4.18271924e+00  4.19728076e-02 
 4.19220393e+00  4.19779607e-02 
 4.20168863e+00  4.19831137e-02 
 4.21117332e+00  4.19882668e-02 
 4.22065802e+00  4.19934198e-02 
 4.23014271e+00  4.19985729e-02 
 4.23962741e+00  4.20037259e-02 
 4.24911210e+00  4.20088790e-02 
 4.25859679e+00  4.20140321e-02 
 4.26808149e+00  4.20191851e-02 
 4.27756618e+00  4.20243382e-02 
 4.28705088e+00  4.20294912e-02 
 4.29653557e+00  4.20346443e-02 
 4.30602027e+00  4.20397973e-02 
 4.31550496e+00  4.20449504e-02 
 4.32498965e+00  4.20501035e-02 
 4.33447435e+00  4.20552565e-02 
 4.34395904e+00  4.20604096e-02 
 4.35344374e+00  4.20655626e-02 
 4.36292843e+00  4.20707157e-02 
 4.37241313e+00  4.20758687e-02 
 4.38189782e+00  4.20810218e-02 
 4.39138252e+00  4.20861748e-02 
 4.40086721e+00  4.20913279e-02 
 4.41035190e+00  4.20964810e-02 
 4.41983660e+00  4.21016340e-02 
 4.42932129e+00  4.21067871e-02 
 4.43880599e+00  4.21119401e-02 
 4.44829068e+00  4.21170932e-02 
 4.45777538e+00  4.21222462e-02 
 4.46726007e+00  4.21273993e-02 
 4.47674476e+00  4.21325524e-02 
 4.48622946e+00  4.21377054e-02 
 4.49571415e+00  4.21428585e-02 
 4.50519885e+00  4.21480115e-02 
 4.51468354e+00  4.21531646e-02 
 4.52416824e+00  4.21583176e-02 
 4.53365293e+00  4.21634707e-02 
 4.54313763e+00  4.21686237e-02 
 4.55262232e+00  4.21737768e-02 
 4.56210701e+00  4.21789299e-02 
 4.57159171e+00  4.21840829e-02 
 4.58107640e+00  4.21892360e-02 
 4.59056110e+00  4.21943890e-02 
 4.60004579e+00  4.21995421e-02 
 4.60953049e+00  4.22046951e-02 
 4.61901518e+00  4.22098482e-02 
 4.62849987e+00  4.22150013e-02 
 4.63798457e+00  4.22201543e-02 
 4.64746926e+00  4.22253074e-02 
 4.65695396e+00  4.22304604e-02 
 4.66643865e+00  4.22356135e-02 
 4.67592335e+00  4.22407665e-02 
 4.68540804e+00  4.22459196e-02 
 4.69489274e+00  4.22510726e-02 
 4.70437743e+00  4.22562257e-02 
 4.71386212e+00  4.22613788e-02 
 4.72334682e+00  4.22665318e-02 
 4.73283151e+00  4.22716849e-02 
 4.74231621e+00  4.22768379e-02 
 4.75180090e+00  4.22819910e-02 
 4.76128560e+00  4.22871440e-02 
 4.77077029e+00  4.22922971e-02 
 4.78025498e+00  4.22974502e-02 
 4.78973968e+00  4.23026032e-02 
 4.79922437e+00  4.23077563e-02 
 4.80870907e+00  4.23129093e-02 
 4.81819376e+00  4.23180624e-02 
 4.82767846e+00  4.23232154e-02 
 4.83716315e+00  4.23283685e-02 
 4.84664785e+00  4.23335215e-02 
 4.85613254e+00  4.23386746e-02 
 4.86561723e+00  4.23438277e-02 
 4.87510193e+00  4.23489807e-02 
 4.88458662e+00  4.23541338e-02 
 4.89407132e+00  4.23592868e-02 
 4.90355601e+00  4.23644399e-02 
 4.91304071e+00  4.23695929e-02 
 4.92252540e+00  4.23747460e-02 
 4.93201009e+00  4.23798991e-02 
 4.94149479e+00  4.23850521e-02 
 4.95097948e+00  4.23902052e-02 
 4.96046418e+00  4.23953582e-02 
 4.96994887e+00  4.24005113e-02 
 4.97943357e+00  4.24056643e-02 
 4.98891826e+00  4.24108174e-02 
 4.99840296e+00  4.24159704e-02 
 5.00788765e+00  4.24211235e-02 
 5.01737234e+00  4.24262766e-02 
 5.02685704e+00  4.24314296e-02 
 5.03634173e+00  4.24365827e-02 
 5.04582643e+00  4.24417357e-02 
 5.05531112e+00  4.24468888e-02 
 5.06479582e+00  4.24520418e-02 
 5.07428051e+00  4.24571949e-02 
 5.08376521e+00  4.24623479e-02 
 5.09324990e+00  4.24675010e-02 
 5.10273459e+00  4.24726541e-02 
 5.11221929e+00  4.24778071e-02 
 5.12170398e+00  4.24829602e-02 
 5.13118868e+00  4.24881132e-02 
 5.14067337e+00  4.24932663e-02 
 5.15015807e+00  4.24984193e-02 
 5.15964276e+00  4.25035724e-02 
 5.16912745e+00  4.25087255e-02 
 5.17861215e+00  4.25138785e-02 
 5.18809684e+00  4.25190316e-02 
 5.19758154e+00  4.25241846e-02 
 5.20706623e+00  4.25293377e-02 
 5.21655093e+00  4.25344907e-02 
 5.22603562e+00  4.25396438e-02 
 5.23552032e+00  4.25447968e-02 
 5.24500501e+00  4.25499499e-02 
 5.25448970e+00  4.25551030e-02 
 5.26397440e+00  4.25602560e-02 
 5.27345909e+00  4.25654091e-02 
 5.28294379e+00  4.25705621e-02 
 5.29242848e+00  4.25757152e-02 
 5.30191318e+00  4.25808682e-02 
 5.31139787e+00  4.25860213e-02 
 5.32088256e+00  4.25911744e-02 
 5.33036726e+00  4.25963274e-02 
 5.33985195e+00  4.26014805e-02 
 5.34933665e+00  4.26066335e-02 
 5.35882134e+00  4.26117866e-02 
 5.36830604e+00  4.26169396e-02 
 5.37779073e+00  4.26220927e-02 
 5.38727543e+00  4.26272457e-02 
 5.39676012e+00  4.26323988e-02 
 5.40624481e+00  4.26375519e-02 
 5.41572951e+00  4.26427049e-02 
 5.42521420e+00  4.26478580e-02 
 5.43469890e+00  4.26530110e-02 
 5.44418359e+00  4.26581641e-02 
 5.45366829e+00  4.26633171e-02 
 5.46315298e+00  4.26684702e-02 
 5.47263767e+00  4.26736233e-02 
 5.48212237e+00  4.26787763e-02 
 5.49160706e+00  4.26839294e-02 
 5.50109176e+00  4.26890824e-02 
 5.51057645e+00  4.26942355e-02 
 5.52006115e+00  4.26993885e-02 
 5.52954584e+00  4.27045416e-02 
 5.53903054e+00  4.27096946e-02 
 5.54851523e+00  4.27148477e-02 
 5.55799992e+00  4.27200008e-02 
 5.56748462e+00  4.27251538e-02 
 5.57696931e+00  4.27303069e-02 
 5.58645401e+00  4.27354599e-02 
 5.59593870e+00  4.27406130e-02 
 5.60542340e+00  4.27457660e-02 
 5.61490809e+00  4.27509191e-02 
 5.62439278e+00  4.27560722e-02 
 5.63387748e+00  4.27612252e-02 
 5.64336217e+00  4.27663783e-02 
 5.65284687e+00  4.27715313e-02 
 5.66233156e+00  4.27766844e-02 
 5.67181626e+00  4.27818374e-02 
 5.68130095e+00  4.27869905e-02 
 5.69078565e+00  4.27921435e-02 
 5.70027034e+00  4.27972966e-02 
 5.70975503e+00  4.28024497e-02 
 5.71923973e+00  4.28076027e-02 
 5.72872442e+00  4.28127558e-02 
 5.73820912e+00  4.28179088e-02 
 5.74769381e+00  4.28230619e-02 
 5.75717851e+00  4.28282149e-02 
 5.76666320e+00  4.28333680e-02 
 5.77614789e+00  4.28385211e-02 
 5.78563259e+00  4.28436741e-02 
 5.79511728e+00  4.28488272e-02 
 5.80460198e+00  4.28539802e-02 
 5.81408667e+00  4.28591333e-02 
 5.82357137e+00  4.28642863e-02 
 5.83305606e+00  4.28694394e-02 
 5.84254076e+00  4.28745924e-02 
 5.85202545e+00  4.28797455e-02 
 5.86151014e+00  4.28848986e-02 
 5.87099484e+00  4.28900516e-02 
 5.88047953e+00  4.28952047e-02 
 5.88996423e+00  4.29003577e-02 
 5.89944892e+00  4.29055108e-02 
 5.90893362e+00  4.29106638e-02 
 5.91841831e+00  4.29158169e-02 
 5.92790300e+00  4.29209700e-02 
 5.93738770e+00  4.29261230e-02 
 5.94687239e+00  4.29312761e-02 
 5.95635709e+00  4.29364291e-02 
 5.96584178e+00  4.29415822e-02 
 5.97532648e+00  4.29467352e-02 
 5.98481117e+00  4.29518883e-02 
 5.99429587e+00  4.29570413e-02 
 6.00378056e+00  4.29621944e-02 
 6.01326525e+00  4.29673475e-02 
 6.02274995e+00  4.29725005e-02 
 6.03223464e+00  4.29776536e-02 
 6.04171934e+00  4.29828066e-02 
 6.05120403e+00  4.29879597e-02 
 6.06068873e+00  4.29931127e-02 
 6.07017342e+00  4.29982658e-02 
 6.07965811e+00  4.30034189e-02 
 6.08914281e+00  4.30085719e-02 
 6.09862750e+00  4.30137250e-02 
 6.10811220e+00  4.30188780e-02 
 6.11759689e+00  4.30240311e-02 
 6.12708159e+00  4.30291841e-02 
 6.13656628e+00  4.30343372e-02 
 6.14605098e+00  4.30394902e-02 
 6.15553567e+00  4.30446433e-02 
 6.16502036e+00  4.30497964e-02 
 6.17450506e+00  4.30549494e-02 
 6.18398975e+00  4.30601025e-02 
 6.19347445e+00  4.30652555e-02 
 6.20295914e+00  4.30704086e-02 
 6.21244384e+00  4.30755616e-02 
 6.22192853e+00  4.30807147e-02 
 6.23141322e+00  4.30858678e-02 
 6.24089792e+00  4.30910208e-02 
 6.25038261e+00  4.30961739e-02 
 6.25986731e+00  4.31013269e-02 
 6.26935200e+00  4.31064800e-02 
 6.27883670e+00  4.31116330e-02 
 6.28832139e+00  4.31167861e-02 
 6.29780609e+00  4.31219391e-02 
 6.30729078e+00  4.31270922e-02 
 6.31677547e+00  4.31322453e-02 
 6.32626017e+00  4.31373983e-02 
 6.33574486e+00  4.31425514e-02 
 6.34522956e+00  4.31477044e-02 
 6.35471425e+00  4.31528575e-02 
 6.36419895e+00  4.31580105e-02 
 6.37368364e+00  4.31631636e-02 
 6.38316833e+00  4.31683167e-02 
 6.39265303e+00  4.31734697e-02 
 6.40213772e+00  4.31786228e-02 
 6.41162242e+00  4.31837758e-02 
 6.42110711e+00  4.31889289e-02 
 6.43059181e+00  4.31940819e-02 
 6.44007650e+00  4.31992350e-02 
 6.44956120e+00  4.32043880e-02 
 6.45904589e+00  4.32095411e-02 
 6.46853058e+00  4.32146942e-02 
 6.47801528e+00  4.32198472e-02 
 6.48749997e+00  4.32250003e-02 
 6.49698467e+00  4.32301533e-02 
 6.50646936e+00  4.32353064e-02 
 6.51595406e+00  4.32404594e-02 
 6.52543875e+00  4.32456125e-02 
 6.53492344e+00  4.32507656e-02 
 6.54440814e+00  4.32559186e-02 
 6.55389283e+00  4.32610717e-02 
 6.56337753e+00  4.32662247e-02 
 6.57286222e+00  4.32713778e-02 
 6.58234692e+00  4.32765308e-02 
 6.59183161e+00  4.32816839e-02 
 6.60131631e+00  4.32868369e-02 
 6.61080100e+00  4.32919900e-02 
 6.62028569e+00  4.32971431e-02 
 6.62977039e+00  4.33022961e-02 
 6.63925508e+00  4.33074492e-02 
 6.64873978e+00  4.33126022e-02 
 6.65822447e+00  4.33177553e-02 
 6.66770917e+00  4.33229083e-02 
 6.67719386e+00  4.33280614e-02 
 6.68667855e+00  4.33332145e-02 
 6.69616325e+00  4.33383675e-02 
 6.70564794e+00  4.33435206e-02 
 6.71513264e+00  4.33486736e-02 
 6.72461733e+00  4.33538267e-02 
 6.73410203e+00  4.33589797e-02 
 6.74358672e+00  4.33641328e-02 
 6.75307142e+00  4.33692858e-02 
 6.76255611e+00  4.33744389e-02 
 6.77204080e+00  4.33795920e-02 
 6.78152550e+00  4.33847450e-02 
 6.79101019e+00  4.33898981e-02 
 6.80049489e+00  4.33950511e-02 
 6.80997958e+00  4.34002042e-02 
 6.81946428e+00  4.34053572e-02 
 6.82894897e+00  4.34105103e-02 
 6.83843366e+00  4.34156634e-02 
 6.84791836e+00  4.34208164e-02 
 6.85740305e+00  4.34259695e-02 
 6.86688775e+00  4.34311225e-02 
 6.87637244e+00  4.34362756e-02 
 6.88585714e+00  4.34414286e-02 
 6.89534183e+00  4.34465817e-02 
 6.90482653e+00  4.34517347e-02 
 6.91431122e+00  4.34568878e-02 
 6.92379591e+00  4.34620409e-02 
 6.93328061e+00  4.34671939e-02 
 6.94276530e+00  4.34723470e-02 
 6.95225000e+00  4.34775000e-02 
 6.96173469e+00  4.34826531e-02 
 6.97121939e+00  4.34878061e-02 
 6.98070408e+00  4.34929592e-02 
 6.99018877e+00  4.34981123e-02 
 6.99967347e+00  4.35032653e-02 
 7.00915816e+00  4.35084184e-02 
 7.01864286e+00  4.35135714e-02 
 7.02812755e+00  4.35187245e-02 
 7.03761225e+00  4.35238775e-02 
 7.04709694e+00  4.35290306e-02 
 7.05658164e+00  4.35341836e-02 
 7.06606633e+00  4.35393367e-02 
 7.07555102e+00  4.35444898e-02 
 7.08503572e+00  4.35496428e-02 
 7.09452041e+00  4.35547959e-02 
 7.10400511e+00  4.35599489e-02 
 7.11348980e+00  4.35651020e-02 
 7.12297450e+00  4.35702550e-02 
 7.13245919e+00  4.35754081e-02 
 7.14194388e+00  4.35805612e-02 
 7.15142858e+00  4.35857142e-02 
 7.16091327e+00  4.35908673e-02 
 7.17039797e+00  4.35960203e-02 
 7.17988266e+00  4.36011734e-02 
 7.18936736e+00  4.36063264e-02 
 7.19885205e+00  4.36114795e-02 
 7.20833675e+00  4.36166325e-02 
 7.21782144e+00  4.36217856e-02 
 7.22730613e+00  4.36269387e-02 
 7.23679083e+00  4.36320917e-02 
 7.24627552e+00  4.36372448e-02 
 7.25576022e+00  4.36423978e-02 
 7.26524491e+00  4.36475509e-02 
 7.27472961e+00  4.36527039e-02 
 7.28421430e+00  4.36578570e-02 
 7.29369899e+00  4.36630101e-02 
 7.30318369e+00  4.36681631e-02 
 7.31266838e+00  4.36733162e-02 
 7.32215308e+00  4.36784692e-02 
 7.33163777e+00  4.36836223e-02 
 7.34112247e+00  4.36887753e-02 
 7.35060716e+00  4.36939284e-02 
 7.36009186e+00  4.36990814e-02 
 7.36957655e+00  4.37042345e-02 
 7.37906124e+00  4.37093876e-02 
 7.38854594e+00  4.37145406e-02 
 7.39803063e+00  4.37196937e-02 
 7.40751533e+00  4.37248467e-02 
 7.41700002e+00  4.37299998e-02 
 7.42648472e+00  4.37351528e-02 
 7.43596941e+00  4.37403059e-02 
 7.44545410e+00  4.37454590e-02 
 7.45493880e+00  4.37506120e-02 
 7.46442349e+00  4.37557651e-02 
 7.47390819e+00  4.37609181e-02 
 7.48339288e+00  4.37660712e-02 
 7.49287758e+00  4.37712242e-02 
 7.50236227e+00  4.37763773e-02 
 7.51184697e+00  4.37815303e-02 
 7.52133166e+00  4.37866834e-02 
 7.53081635e+00  4.37918365e-02 
 7.54030105e+00  4.37969895e-02 
 7.54978574e+00  4.38021426e-02 
 7.55927044e+00  4.38072956e-02 
 7.56875513e+00  4.38124487e-02 
 7.57823983e+00  4.38176017e-02 
 7.58772452e+00  4.38227548e-02 
 7.59720921e+00  4.38279079e-02 
 7.60669391e+00  4.38330609e-02 
 7.61617860e+00  4.38382140e-02 
 7.62566330e+00  4.38433670e-02 
 7.63514799e+00  4.38485201e-02 
 7.64463269e+00  4.38536731e-02 
 7.65411738e+00  4.38588262e-02 
 7.66360208e+00  4.38639792e-02 
 7.67308677e+00  4.38691323e-02 
 7.68257146e+00  4.38742854e-02 
 7.69205616e+00  4.38794384e-02 
 7.70154085e+00  4.38845915e-02 
 7.71102555e+00  4.38897445e-02 
 7.72051024e+00  4.38948976e-02 
 7.72999494e+00  4.39000506e-02 
 7.73947963e+00  4.39052037e-02 
 7.74896432e+00  4.39103568e-02 
 7.75844902e+00  4.39155098e-02 
 7.76793371e+00  4.39206629e-02 
 7.77741841e+00  4.39258159e-02 
 7.78690310e+00  4.39309690e-02 
 7.79638780e+00  4.39361220e-02 
 7.80587249e+00  4.39412751e-02 
 7.81535719e+00  4.39464281e-02 
 7.82484188e+00  4.39515812e-02 
 7.83432657e+00  4.39567343e-02 
 7.84381127e+00  4.39618873e-02 
 7.85329596e+00  4.39670404e-02 
 7.86278066e+00  4.39721934e-02 
 7.87226535e+00  4.39773465e-02 
 7.88175005e+00  4.39824995e-02 
 7.89123474e+00  4.39876526e-02 
 7.90071943e+00  4.39928057e-02 
 7.91020413e+00  4.39979587e-02 
 7.91968882e+00  4.40031118e-02 
 7.92917352e+00  4.40082648e-02 
 7.93865821e+00  4.40134179e-02 
 7.94814291e+00  4.40185709e-02 
 7.95762760e+00  4.40237240e-02 
 7.96711230e+00  4.40288770e-02 
 7.97659699e+00  4.40340301e-02 
 7.98608168e+00  4.40391832e-02 
 7.99556638e+00  4.40443362e-02 
 8.00505107e+00  4.40494893e-02 
 8.01453577e+00  4.40546423e-02 
 8.02402046e+00  4.40597954e-02 
 8.03350516e+00  4.40649484e-02 
 8.04298985e+00  4.40701015e-02 
 8.05247454e+00  4.40752546e-02 
 8.06195924e+00  4.40804076e-02 
 8.07144393e+00  4.40855607e-02 
 8.08092863e+00  4.40907137e-02 
 8.09041332e+00  4.40958668e-02 
 8.09989802e+00  4.41010198e-02 
 8.10938271e+00  4.41061729e-02 
 8.11886741e+00  4.41113259e-02 
 8.12835210e+00  4.41164790e-02 
 8.13783679e+00  4.41216321e-02 
 8.14732149e+00  4.41267851e-02 
 8.15680618e+00  4.41319382e-02 
 8.16629088e+00  4.41370912e-02 
 8.17577557e+00  4.41422443e-02 
 8.18526027e+00  4.41473973e-02 
 8.19474496e+00  4.41525504e-02 
 8.20422965e+00  4.41577035e-02 
 8.21371435e+00  4.41628565e-02 
 8.22319904e+00  4.41680096e-02 
 8.23268374e+00  4.41731626e-02 
 8.24216843e+00  4.41783157e-02 
 8.25165313e+00  4.41834687e-02 
 8.26113782e+00  4.41886218e-02 
 8.27062252e+00  4.41937748e-02 
 8.28010721e+00  4.41989279e-02 
 8.28959190e+00  4.42040810e-02 
 8.29907660e+00  4.42092340e-02 
 8.30856129e+00  4.42143871e-02 
 8.31804599e+00  4.42195401e-02 
 8.32753068e+00  4.42246932e-02 
 8.33701538e+00  4.42298462e-02 
 8.34650007e+00  4.42349993e-02 
 8.35598476e+00  4.42401524e-02 
 8.36546946e+00  4.42453054e-02 
 8.37495415e+00  4.42504585e-02 
 8.38443885e+00  4.42556115e-02 
 8.39392354e+00  4.42607646e-02 
 8.40340824e+00  4.42659176e-02 
 8.41289293e+00  4.42710707e-02 
 8.42237763e+00  4.42762237e-02 
 8.43186232e+00  4.42813768e-02 
 8.44134701e+00  4.42865299e-02 
 8.45083171e+00  4.42916829e-02 
 8.46031640e+00  4.42968360e-02 
 8.46980110e+00  4.43019890e-02 
 8.47928579e+00  4.43071421e-02 
 8.48877049e+00  4.43122951e-02 
 8.49825518e+00  4.43174482e-02 
 8.50773987e+00  4.43226013e-02 
 8.51722457e+00  4.43277543e-02 
 8.52670926e+00  4.43329074e-02 
 8.53619396e+00  4.43380604e-02 
 8.54567865e+00  4.43432135e-02 
 8.55516335e+00  4.43483665e-02 
 8.56464804e+00  4.43535196e-02 
 8.57413273e+00  4.43586727e-02 
 8.58361743e+00  4.43638257e-02 
 8.59310212e+00  4.43689788e-02 
 8.60258682e+00  4.43741318e-02 
 8.61207151e+00  4.43792849e-02 
 8.62155621e+00  4.43844379e-02 
 8.63104090e+00  4.43895910e-02 
 8.64052560e+00  4.43947440e-02 
 8.65001029e+00  4.43998971e-02 
 8.65949498e+00  4.44050502e-02 
 8.66897968e+00  4.44102032e-02 
 8.67846437e+00  4.44153563e-02 
 8.68794907e+00  4.44205093e-02 
 8.69743376e+00  4.44256624e-02 
 8.70691846e+00  4.44308154e-02 
 8.71640315e+00  4.44359685e-02 
 8.72588784e+00  4.44411216e-02 
 8.73537254e+00  4.44462746e-02 
 8.74485723e+00  4.44514277e-02 
 8.75434193e+00  4.44565807e-02 
 8.76382662e+00  4.44617338e-02 
 8.77331132e+00  4.44668868e-02 
 8.78279601e+00  4.44720399e-02 
 8.79228071e+00  4.44771929e-02 
 8.80176540e+00  4.44823460e-02 
 8.81125009e+00  4.44874991e-02 
 8.82073479e+00  4.44926521e-02 
 8.83021948e+00  4.44978052e-02 
 8.83970418e+00  4.45029582e-02 
 8.84918887e+00  4.45081113e-02 
 8.85867357e+00  4.45132643e-02 
 8.86815826e+00  4.45184174e-02 
 8.87764295e+00  4.45235705e-02 
 8.88712765e+00  4.45287235e-02 
 8.89661234e+00  4.45338766e-02 
 8.90609704e+00  4.45390296e-02 
 8.91558173e+00  4.45441827e-02 
 8.92506643e+00  4.45493357e-02 
 8.93455112e+00  4.45544888e-02 
 8.94403582e+00  4.45596418e-02 
 8.95352051e+00  4.45647949e-02 
 8.96300520e+00  4.45699480e-02 
 8.97248990e+00  4.45751010e-02 
 8.98197459e+00  4.45802541e-02 
 8.99145929e+00  4.45854071e-02 
 9.00094398e+00  4.45905602e-02 
 9.01042868e+00  4.45957132e-02 
 9.01991337e+00  4.46008663e-02 
 9.02939806e+00  4.46060194e-02 
 9.03888276e+00  4.46111724e-02 
 9.04836745e+00  4.46163255e-02 
 9.05785215e+00  4.46214785e-02 
 9.06733684e+00  4.46266316e-02 
 9.07682154e+00  4.46317846e-02 
 9.08630623e+00  4.46369377e-02 
 9.09579093e+00  4.46420907e-02 
 9.10527562e+00  4.46472438e-02 
 9.11476031e+00  4.46523969e-02 
 9.12424501e+00  4.46575499e-02 
 9.13372970e+00  4.46627030e-02 
 9.14321440e+00  4.46678560e-02 
 9.15269909e+00  4.46730091e-02 
 9.16218379e+00  4.46781621e-02 
 9.17166848e+00  4.46833152e-02 
 9.18115317e+00  4.46884683e-02 
 9.19063787e+00  4.46936213e-02 
 9.20012256e+00  4.46987744e-02 
 9.20960726e+00  4.47039274e-02 
 9.21909195e+00  4.47090805e-02 
 9.22857665e+00  4.47142335e-02 
 9.23806134e+00  4.47193866e-02 
 9.24754604e+00  4.47245396e-02 
 9.25703073e+00  4.47296927e-02 
 9.26651542e+00  4.47348458e-02 
 9.27600012e+00  4.47399988e-02 
 9.28548481e+00  4.47451519e-02 
 9.29496951e+00  4.47503049e-02 
 9.30445420e+00  4.47554580e-02 
 9.31393890e+00  4.47606110e-02 
 9.32342359e+00  4.47657641e-02 
 9.33290828e+00  4.47709172e-02 
 9.34239298e+00  4.47760702e-02 
 9.35187767e+00  4.47812233e-02 
 9.36136237e+00  4.47863763e-02 
 9.37084706e+00  4.47915294e-02 
 9.38033176e+00  4.47966824e-02 
 9.38981645e+00  4.48018355e-02 
 9.39930115e+00  4.48069885e-02 
 9.40878584e+00  4.48121416e-02 
 9.41827053e+00  4.48172947e-02 
 9.42775523e+00  4.48224477e-02 
 9.43723992e+00  4.48276008e-02 
 9.44672462e+00  4.48327538e-02 
 9.45620931e+00  4.48379069e-02 
 9.46569401e+00  4.48430599e-02 
 9.47517870e+00  4.48482130e-02 
 9.48466339e+00  4.48533661e-02 
 9.49414809e+00  4.48585191e-02 
 9.50363278e+00  4.48636722e-02 
 9.51311748e+00  4.48688252e-02 
 9.52260217e+00  4.48739783e-02 
 9.53208687e+00  4.48791313e-02 
 9.54157156e+00  4.48842844e-02 
 9.55105626e+00  4.48894374e-02 
 9.56054095e+00  4.48945905e-02 
 9.57002564e+00  4.48997436e-02 
 9.57951034e+00  4.49048966e-02 
 9.58899503e+00  4.49100497e-02 
 9.59847973e+00  4.49152027e-02 
 9.60796442e+00  4.49203558e-02 
 9.61744912e+00  4.49255088e-02 
 9.62693381e+00  4.49306619e-02 
 9.63641850e+00  4.49358150e-02 
 9.64590320e+00  4.49409680e-02 
 9.65538789e+00  4.49461211e-02 
 9.66487259e+00  4.49512741e-02 
 9.67435728e+00  4.49564272e-02 
 9.68384198e+00  4.49615802e-02 
 9.69332667e+00  4.49667333e-02 
 9.70281136e+00  4.49718864e-02 
 9.71229606e+00  4.49770394e-02 
 9.72178075e+00  4.49821925e-02 
 9.73126545e+00  4.49873455e-02 
 9.74075014e+00  4.49924986e-02 
 9.75023484e+00  4.49976516e-02 
 9.75971953e+00  4.50028047e-02 
 9.76920423e+00  4.50079577e-02 
 9.77868892e+00  4.50131108e-02 
 9.78817361e+00  4.50182639e-02 
 9.79765831e+00  4.50234169e-02 
 9.80714300e+00  4.50285700e-02 
 9.81662770e+00  4.50337230e-02 
 9.82611239e+00  4.50388761e-02 
 9.83559709e+00  4.50440291e-02 
 9.84508178e+00  4.50491822e-02 
 9.85456647e+00  4.50543353e-02 
 9.86405117e+00  4.50594883e-02 
 9.87353586e+00  4.50646414e-02 
 9.88302056e+00  4.50697944e-02 
 9.89250525e+00  4.50749475e-02 
 9.90198995e+00  4.50801005e-02 
 9.91147464e+00  4.50852536e-02 
 9.92095934e+00  4.50904066e-02 
 9.93044403e+00  4.50955597e-02 
 9.93992872e+00  4.51007128e-02 
 9.94941342e+00  4.51058658e-02 
 9.95889811e+00  4.51110189e-02 
 9.96838281e+00  4.51161719e-02 
 9.97786750e+00  4.51213250e-02 
 9.98735220e+00  4.51264780e-02 
 9.99683689e+00  4.51316311e-02 
 1.00063216e+01  4.51367842e-02 
 1.00158063e+01  4.51419372e-02 
 1.00252910e+01  4.51470903e-02 
 1.00347757e+01  4.51522433e-02 
 1.00442604e+01  4.51573964e-02 
 1.00537451e+01  4.51625494e-02 
 1.00632298e+01  4.51677025e-02 
 1.00727144e+01  4.51728555e-02 
 1.00821991e+01  4.51780086e-02 
 1.00916838e+01  4.51831617e-02 
 1.01011685e+01  4.51883147e-02 
 1.01106532e+01  4.51934678e-02 
 1.01201379e+01  4.51986208e-02 
 1.01296226e+01  4.52037739e-02 
 1.01391073e+01  4.52089269e-02 
 1.01485920e+01  4.52140800e-02 
 1.01580767e+01  4.52192331e-02 
 1.01675614e+01  4.52243861e-02 
 1.01770461e+01  4.52295392e-02 
 1.01865308e+01  4.52346922e-02 
 1.01960155e+01  4.52398453e-02 
 1.02055002e+01  4.52449983e-02 
 1.02149849e+01  4.52501514e-02 
 1.02244696e+01  4.52553044e-02 
 1.02339542e+01  4.52604575e-02 
 1.02434389e+01  4.52656106e-02 
 1.02529236e+01  4.52707636e-02 
 1.02624083e+01  4.52759167e-02 
 1.02718930e+01  4.52810697e-02 
 1.02813777e+01  4.52862228e-02 
 1.02908624e+01  4.52913758e-02 
 1.03003471e+01  4.52965289e-02 
 1.03098318e+01  4.53016820e-02 
 1.03193165e+01  4.53068350e-02 
 1.03288012e+01  4.53119881e-02 
 1.03382859e+01  4.53171411e-02 
 1.03477706e+01  4.53222942e-02 
 1.03572553e+01  4.53274472e-02 
 1.03667400e+01  4.53326003e-02 
 1.03762247e+01  4.53377533e-02 
 1.03857094e+01  4.53429064e-02 
 1.03951941e+01  4.53480595e-02 
 1.04046787e+01  4.53532125e-02 
 1.04141634e+01  4.53583656e-02 
 1.04236481e+01  4.53635186e-02 
 1.04331328e+01  4.53686717e-02 
 1.04426175e+01  4.53738247e-02 
 1.04521022e+01  4.53789778e-02 
 1.04615869e+01  4.53841309e-02 
