 2.78069568e-03 -2.78069568e-05 
 6.12467157e-03  3.87532843e-05 
 9.46055812e-03  1.05394419e-04 
 1.27886648e-02  1.72113352e-04 
 1.61092871e-02  2.38907129e-04 
 1.94227032e-02  3.05772968e-04 
 2.27291765e-02  3.72708235e-04 
 2.60289567e-02  4.39710433e-04 
 2.93222803e-02  5.06777197e-04 
 3.26093721e-02  5.73906279e-04 
 3.58904453e-02  6.41095547e-04 
 3.91657028e-02  7.08342972e-04 
 4.24353377e-02  7.75646623e-04 
 4.56995337e-02  8.43004663e-04 
 4.89584660e-02  9.10415340e-04 
 5.22123016e-02  9.77876984e-04 
 5.54611999e-02  1.04538800e-03 
 5.87053130e-02  1.11294687e-03 
 6.19447864e-02  1.18055214e-03 
 6.51797591e-02  1.24820241e-03 
 6.84103641e-02  1.31589636e-03 
 7.16367288e-02  1.38363271e-03 
 7.48589753e-02  1.45141025e-03 
 7.80772204e-02  1.51922780e-03 
 8.12915762e-02  1.58708424e-03 
 8.45021505e-02  1.65497849e-03 
 8.77090465e-02  1.72290953e-03 
 9.09123635e-02  1.79087637e-03 
 9.41121967e-02  1.85887803e-03 
 9.73086381e-02  1.92691362e-03 
 1.00501776e-01  1.99498224e-03 
 1.03691694e-01  2.06308306e-03 
 1.06878476e-01  2.13121524e-03 
 1.10062200e-01  2.19937800e-03 
 1.13242941e-01  2.26757059e-03 
 1.16420773e-01  2.33579227e-03 
 1.19595766e-01  2.40404234e-03 
 1.22767989e-01  2.47232011e-03 
 1.25937507e-01  2.54062493e-03 
 1.29104385e-01  2.60895615e-03 
 1.32268682e-01  2.67731318e-03 
 1.35430459e-01  2.74569541e-03 
 1.38589773e-01  2.81410227e-03 
 1.41746680e-01  2.88253320e-03 
 1.44901233e-01  2.95098767e-03 
 1.48053483e-01  3.01946517e-03 
 1.51203483e-01  3.08796517e-03 
 1.54351279e-01  3.15648721e-03 
 1.57496920e-01  3.22503080e-03 
 1.60640451e-01  3.29359549e-03 
 1.63781916e-01  3.36218084e-03 
 1.66921359e-01  3.43078641e-03 
 1.70058821e-01  3.49941179e-03 
 1.73194343e-01  3.56805657e-03 
 1.76327965e-01  3.63672035e-03 
 1.79459723e-01  3.70540277e-03 
 1.82589656e-01  3.77410344e-03 
 1.85717799e-01  3.84282201e-03 
 1.88844188e-01  3.91155812e-03 
 1.91968856e-01  3.98031144e-03 
 1.95091837e-01  4.04908163e-03 
 1.98213162e-01  4.11786838e-03 
 2.01332864e-01  4.18667136e-03 
 2.04450972e-01  4.25549028e-03 
 2.07567516e-01  4.32432484e-03 
 2.10682525e-01  4.39317475e-03 
 2.13796027e-01  4.46203973e-03 
 2.16908050e-01  4.53091950e-03 
 2.20018620e-01  4.59981380e-03 
 2.23127763e-01  4.66872237e-03 
 2.26235504e-01  4.73764496e-03 
 2.29341869e-01  4.80658131e-03 
 2.32446881e-01  4.87553119e-03 
 2.35550563e-01  4.94449437e-03 
 2.38652940e-01  5.01347060e-03 
 2.41754032e-01  5.08245968e-03 
 2.44853862e-01  5.15146138e-03 
 2.47952451e-01  5.22047549e-03 
 2.51049820e-01  5.28950180e-03 
 2.54145989e-01  5.35854011e-03 
 2.57240978e-01  5.42759022e-03 
 2.60334806e-01  5.49665194e-03 
 2.63427493e-01  5.56572507e-03 
 2.66519056e-01  5.63480944e-03 
 2.69609514e-01  5.70390486e-03 
 2.72698884e-01  5.77301116e-03 
 2.75787184e-01  5.84212816e-03 
 2.78874431e-01  5.91125569e-03 
 2.81960641e-01  5.98039359e-03 
 2.85045830e-01  6.04954170e-03 
 2.88130014e-01  6.11869986e-03 
 2.91213208e-01  6.18786792e-03 
 2.94295428e-01  6.25704572e-03 
 2.97376689e-01  6.32623311e-03 
 3.00457004e-01  6.39542996e-03 
 3.03536389e-01  6.46463611e-03 
 3.06614856e-01  6.53385144e-03 
 3.09692421e-01  6.60307579e-03 
 3.12769095e-01  6.67230905e-03 
 3.15844892e-01  6.74155108e-03 
 3.18919825e-01  6.81080175e-03 
 3.21993907e-01  6.88006093e-03 
 3.25067149e-01  6.94932851e-03 
 3.28139565e-01  7.01860435e-03 
 3.31211164e-01  7.08788836e-03 
 3.34281960e-01  7.15718040e-03 
 3.37351964e-01  7.22648036e-03 
 3.40421186e-01  7.29578814e-03 
 3.43489638e-01  7.36510362e-03 
 3.46557331e-01  7.43442669e-03 
 3.49624274e-01  7.50375726e-03 
 3.52690479e-01  7.57309521e-03 
 3.55755955e-01  7.64244045e-03 
 3.58820712e-01  7.71179288e-03 
 3.61884761e-01  7.78115239e-03 
 3.64948110e-01  7.85051890e-03 
 3.68010770e-01  7.91989230e-03 
 3.71072749e-01  7.98927251e-03 
 3.74134057e-01  8.05865943e-03 
 3.77194702e-01  8.12805298e-03 
 3.80254693e-01  8.19745307e-03 
 3.83314040e-01  8.26685960e-03 
 3.86372749e-01  8.33627251e-03 
 3.89430831e-01  8.40569169e-03 
 3.92488292e-01  8.47511708e-03 
 3.95545141e-01  8.54454859e-03 
 3.98601386e-01  8.61398614e-03 
 4.01657035e-01  8.68342965e-03 
 4.04712095e-01  8.75287905e-03 
 4.07766573e-01  8.82233427e-03 
 4.10820478e-01  8.89179522e-03 
 4.13873816e-01  8.96126184e-03 
 4.16926595e-01  9.03073405e-03 
 4.19978822e-01  9.10021178e-03 
 4.23030503e-01  9.16969497e-03 
 4.26081645e-01  9.23918355e-03 
 4.29132256e-01  9.30867744e-03 
 4.32182341e-01  9.37817659e-03 
 4.35231908e-01  9.44768092e-03 
 4.38280962e-01  9.51719038e-03 
 4.41329510e-01  9.58670490e-03 
 4.44377558e-01  9.65622442e-03 
 4.47425113e-01  9.72574887e-03 
 4.50472179e-01  9.79527821e-03 
 4.53518764e-01  9.86481236e-03 
 4.56564873e-01  9.93435127e-03 
 4.59610512e-01  1.00038949e-02 
 4.62655686e-01  1.00734431e-02 
 4.65700401e-01  1.01429960e-02 
 4.68744663e-01  1.02125534e-02 
 4.71788477e-01  1.02821152e-02 
 4.74831848e-01  1.03516815e-02 
 4.77874781e-01  1.04212522e-02 
 4.80917282e-01  1.04908272e-02 
 4.83959357e-01  1.05604064e-02 
 4.87001009e-01  1.06299899e-02 
 4.90042244e-01  1.06995776e-02 
 4.93083067e-01  1.07691693e-02 
 4.96123482e-01  1.08387652e-02 
 4.99163495e-01  1.09083651e-02 
 5.02203110e-01  1.09779689e-02 
 5.05242332e-01  1.10475767e-02 
 5.08281165e-01  1.11171884e-02 
 5.11319614e-01  1.11868039e-02 
 5.14357683e-01  1.12564232e-02 
 5.17395377e-01  1.13260462e-02 
 5.20432700e-01  1.13956730e-02 
 5.23469657e-01  1.14653034e-02 
 5.26506251e-01  1.15349375e-02 
 5.29542486e-01  1.16045751e-02 
 5.32578368e-01  1.16742163e-02 
 5.35613900e-01  1.17438610e-02 
 5.38649085e-01  1.18135091e-02 
 5.41683929e-01  1.18831607e-02 
 5.44718434e-01  1.19528157e-02 
 5.47752606e-01  1.20224739e-02 
 5.50786446e-01  1.20921355e-02 
 5.53819960e-01  1.21618004e-02 
 5.56853151e-01  1.22314685e-02 
 5.59886023e-01  1.23011398e-02 
 5.62918579e-01  1.23708142e-02 
 5.65950824e-01  1.24404918e-02 
 5.68982759e-01  1.25101724e-02 
 5.72014390e-01  1.25798561e-02 
 5.75045719e-01  1.26495428e-02 
 5.78076750e-01  1.27192325e-02 
 5.81107487e-01  1.27889251e-02 
 5.84137932e-01  1.28586207e-02 
 5.87168089e-01  1.29283191e-02 
 5.90197962e-01  1.29980204e-02 
 5.93227553e-01  1.30677245e-02 
 5.96256866e-01  1.31374313e-02 
 5.99285903e-01  1.32071410e-02 
 6.02314669e-01  1.32768533e-02 
 6.05343165e-01  1.33465683e-02 
 6.08371396e-01  1.34162860e-02 
 6.11399364e-01  1.34860064e-02 
 6.14427072e-01  1.35557293e-02 
 6.17454524e-01  1.36254548e-02 
 6.20481721e-01  1.36951828e-02 
 6.23508668e-01  1.37649133e-02 
 6.26535366e-01  1.38346463e-02 
 6.29561819e-01  1.39043818e-02 
 6.32588030e-01  1.39741197e-02 
 6.35614001e-01  1.40438600e-02 
 6.38639735e-01  1.41136027e-02 
 6.41665235e-01  1.41833477e-02 
 6.44690503e-01  1.42530950e-02 
 6.47715542e-01  1.43228446e-02 
 6.50740356e-01  1.43925964e-02 
 6.53764945e-01  1.44623505e-02 
 6.56789314e-01  1.45321069e-02 
 6.59813465e-01  1.46018654e-02 
 6.62837399e-01  1.46716260e-02 
 6.65861120e-01  1.47413888e-02 
 6.68884631e-01  1.48111537e-02 
 6.71907933e-01  1.48809207e-02 
 6.74931029e-01  1.49506897e-02 
 6.77953922e-01  1.50204608e-02 
 6.80976614e-01  1.50902339e-02 
 6.83999107e-01  1.51600089e-02 
 6.87021404e-01  1.52297860e-02 
 6.90043506e-01  1.52995649e-02 
 6.93065418e-01  1.53693458e-02 
 6.96087140e-01  1.54391286e-02 
 6.99108674e-01  1.55089133e-02 
 7.02130025e-01  1.55786998e-02 
 7.05151192e-01  1.56484881e-02 
 7.08172179e-01  1.57182782e-02 
 7.11192988e-01  1.57880701e-02 
 7.14213622e-01  1.58578638e-02 
 7.17234081e-01  1.59276592e-02 
 7.20254369e-01  1.59974563e-02 
 7.23274487e-01  1.60672551e-02 
 7.26294438e-01  1.61370556e-02 
 7.29314224e-01  1.62068578e-02 
 7.32333847e-01  1.62766615e-02 
 7.35353308e-01  1.63464669e-02 
 7.38372611e-01  1.64162739e-02 
 7.41391756e-01  1.64860824e-02 
 7.44410747e-01  1.65558925e-02 
 7.47429584e-01  1.66257042e-02 
 7.50448271e-01  1.66955173e-02 
 7.53466808e-01  1.67653319e-02 
 7.56485199e-01  1.68351480e-02 
 7.59503444e-01  1.69049656e-02 
 7.62521546e-01  1.69747845e-02 
 7.65539507e-01  1.70446049e-02 
 7.68557329e-01  1.71144267e-02 
 7.71575013e-01  1.71842499e-02 
 7.74592561e-01  1.72540744e-02 
 7.77609976e-01  1.73239002e-02 
 7.80627259e-01  1.73937274e-02 
 7.83644411e-01  1.74635559e-02 
 7.86661436e-01  1.75333856e-02 
 7.89678334e-01  1.76032167e-02 
 7.92695108e-01  1.76730489e-02 
 7.95711759e-01  1.77428824e-02 
 7.98728288e-01  1.78127171e-02 
 8.01744699e-01  1.78825530e-02 
 8.04760992e-01  1.79523901e-02 
 8.07777169e-01  1.80222283e-02 
 8.10793233e-01  1.80920677e-02 
 8.13809184e-01  1.81619082e-02 
 8.16825024e-01  1.82317498e-02 
 8.19840756e-01  1.83015924e-02 
 8.22856381e-01  1.83714362e-02 
 8.25871900e-01  1.84412810e-02 
 8.28887315e-01  1.85111268e-02 
 8.31902629e-01  1.85809737e-02 
 8.34917842e-01  1.86508216e-02 
 8.37932956e-01  1.87206704e-02 
 8.40947973e-01  1.87905203e-02 
 8.43962894e-01  1.88603711e-02 
 8.46977722e-01  1.89302228e-02 
 8.49992457e-01  1.90000754e-02 
 8.53007102e-01  1.90699290e-02 
 8.56021657e-01  1.91397834e-02 
 8.59036126e-01  1.92096387e-02 
 8.62050508e-01  1.92794949e-02 
 8.65064806e-01  1.93493519e-02 
 8.68079021e-01  1.94192098e-02 
 8.71093156e-01  1.94890684e-02 
 8.74107210e-01  1.95589279e-02 
 8.77121187e-01  1.96287881e-02 
 8.80135087e-01  1.96986491e-02 
 8.83148912e-01  1.97685109e-02 
 8.86162664e-01  1.98383734e-02 
 8.89176344e-01  1.99082366e-02 
 8.92189954e-01  1.99781005e-02 
 8.95203495e-01  2.00479651e-02 
 8.98216968e-01  2.01178303e-02 
 9.01230376e-01  2.01876962e-02 
 9.04243719e-01  2.02575628e-02 
 9.07257000e-01  2.03274300e-02 
 9.10270219e-01  2.03972978e-02 
 9.13283378e-01  2.04671662e-02 
 9.16296479e-01  2.05370352e-02 
 9.19309523e-01  2.06069048e-02 
 9.22322512e-01  2.06767749e-02 
 9.25335447e-01  2.07466455e-02 
 9.28348329e-01  2.08165167e-02 
 9.31361160e-01  2.08863884e-02 
 9.34373941e-01  2.09562606e-02 
 9.37386675e-01  2.10261333e-02 
 9.40399361e-01  2.10960064e-02 
 9.43412003e-01  2.11658800e-02 
 9.46424601e-01  2.12357540e-02 
 9.49437156e-01  2.13056284e-02 
 9.52449670e-01  2.13755033e-02 
 9.55462145e-01  2.14453786e-02 
 9.58474581e-01  2.15152542e-02 
 9.61486981e-01  2.15851302e-02 
 9.64499346e-01  2.16550065e-02 
 9.67511677e-01  2.17248832e-02 
 9.70523975e-01  2.17947602e-02 
 9.73536243e-01  2.18646376e-02 
 9.76548480e-01  2.19345152e-02 
 9.79560690e-01  2.20043931e-02 
 9.82572873e-01  2.20742713e-02 
 9.85585030e-01  2.21441497e-02 
 9.88597163e-01  2.22140284e-02 
 9.91609274e-01  2.22839073e-02 
 9.94621364e-01  2.23537864e-02 
 9.97633433e-01  2.24236657e-02 
 1.00064548e+00  2.24935452e-02 
 1.00365752e+00  2.25634248e-02 
 1.00666954e+00  2.26333046e-02 
 1.00968154e+00  2.27031846e-02 
 1.01269353e+00  2.27730647e-02 
 1.01570551e+00  2.28429449e-02 
 1.01871748e+00  2.29128252e-02 
 1.02172944e+00  2.29827056e-02 
 1.02474140e+00  2.30525860e-02 
 1.02775335e+00  2.31224665e-02 
 1.03076529e+00  2.31923471e-02 
 1.03377723e+00  2.32622277e-02 
 1.03678917e+00  2.33321083e-02 
 1.03980111e+00  2.34019889e-02 
 1.04281305e+00  2.34718695e-02 
 1.04582499e+00  2.35417501e-02 
 1.04883693e+00  2.36116307e-02 
 1.05184888e+00  2.36815112e-02 
 1.05486084e+00  2.37513916e-02 
 1.05787281e+00  2.38212719e-02 
 1.06088478e+00  2.38911522e-02 
 1.06389677e+00  2.39610323e-02 
 1.06690876e+00  2.40309124e-02 
 1.06992077e+00  2.41007923e-02 
 1.07293280e+00  2.41706720e-02 
 1.07594484e+00  2.42405516e-02 
 1.07895690e+00  2.43104310e-02 
 1.08196898e+00  2.43803102e-02 
 1.08498108e+00  2.44501892e-02 
 1.08799320e+00  2.45200680e-02 
 1.09100534e+00  2.45899466e-02 
 1.09401751e+00  2.46598249e-02 
 1.09702971e+00  2.47297029e-02 
 1.10004193e+00  2.47995807e-02 
 1.10305418e+00  2.48694582e-02 
 1.10606646e+00  2.49393354e-02 
 1.10907878e+00  2.50092122e-02 
 1.11209113e+00  2.50790887e-02 
 1.11510351e+00  2.51489649e-02 
 1.11811592e+00  2.52188408e-02 
 1.12112838e+00  2.52887162e-02 
 1.12414087e+00  2.53585913e-02 
 1.12715341e+00  2.54284659e-02 
 1.13016598e+00  2.54983402e-02 
 1.13317860e+00  2.55682140e-02 
 1.13619127e+00  2.56380873e-02 
 1.13920398e+00  2.57079602e-02 
 1.14221674e+00  2.57778326e-02 
 1.14522954e+00  2.58477046e-02 
 1.14824240e+00  2.59175760e-02 
 1.15125531e+00  2.59874469e-02 
 1.15426827e+00  2.60573173e-02 
 1.15728129e+00  2.61271871e-02 
 1.16029437e+00  2.61970563e-02 
 1.16330750e+00  2.62669250e-02 
 1.16632069e+00  2.63367931e-02 
 1.16933394e+00  2.64066606e-02 
 1.17234726e+00  2.64765274e-02 
 1.17536064e+00  2.65463936e-02 
 1.17837408e+00  2.66162592e-02 
 1.18138759e+00  2.66861241e-02 
 1.18440117e+00  2.67559883e-02 
 1.18741482e+00  2.68258518e-02 
 1.19042854e+00  2.68957146e-02 
 1.19344234e+00  2.69655766e-02 
 1.19645621e+00  2.70354379e-02 
 1.19947015e+00  2.71052985e-02 
 1.20248417e+00  2.71751583e-02 
 1.20549828e+00  2.72450172e-02 
 1.20851246e+00  2.73148754e-02 
 1.21152673e+00  2.73847327e-02 
 1.21454108e+00  2.74545892e-02 
 1.21755551e+00  2.75244449e-02 
 1.22057004e+00  2.75942996e-02 
 1.22358465e+00  2.76641535e-02 
 1.22659935e+00  2.77340065e-02 
 1.22961415e+00  2.78038585e-02 
 1.23262903e+00  2.78737097e-02 
 1.23564402e+00  2.79435598e-02 
 1.23865910e+00  2.80134090e-02 
 1.24167428e+00  2.80832572e-02 
 1.24468956e+00  2.81531044e-02 
 1.24770495e+00  2.82229505e-02 
 1.25072043e+00  2.82927957e-02 
 1.25373603e+00  2.83626397e-02 
 1.25675173e+00  2.84324827e-02 
 1.25976753e+00  2.85023247e-02 
 1.26278345e+00  2.85721655e-02 
 1.26579949e+00  2.86420051e-02 
 1.26881563e+00  2.87118437e-02 
 1.27183190e+00  2.87816810e-02 
 1.27484828e+00  2.88515172e-02 
 1.27786478e+00  2.89213522e-02 
 1.28088140e+00  2.89911860e-02 
 1.28389815e+00  2.90610185e-02 
 1.28691502e+00  2.91308498e-02 
 1.28993201e+00  2.92006799e-02 
 1.29294914e+00  2.92705086e-02 
 1.29596640e+00  2.93403360e-02 
 1.29898379e+00  2.94101621e-02 
 1.30200131e+00  2.94799869e-02 
 1.30501897e+00  2.95498103e-02 
 1.30803677e+00  2.96196323e-02 
 1.31105471e+00  2.96894529e-02 
 1.31407279e+00  2.97592721e-02 
 1.31709101e+00  2.98290899e-02 
 1.32010938e+00  2.98989062e-02 
 1.32312790e+00  2.99687210e-02 
 1.32614657e+00  3.00385343e-02 
 1.32916539e+00  3.01083461e-02 
 1.33218437e+00  3.01781563e-02 
 1.33520350e+00  3.02479650e-02 
 1.33822279e+00  3.03177721e-02 
 1.34124224e+00  3.03875776e-02 
 1.34426185e+00  3.04573815e-02 
 1.34728163e+00  3.05271837e-02 
 1.35030157e+00  3.05969843e-02 
 1.35332168e+00  3.06667832e-02 
 1.35634196e+00  3.07365804e-02 
 1.35936242e+00  3.08063758e-02 
 1.36238305e+00  3.08761695e-02 
 1.36540386e+00  3.09459614e-02 
 1.36842485e+00  3.10157515e-02 
 1.37144602e+00  3.10855398e-02 
 1.37446737e+00  3.11553263e-02 
 1.37748892e+00  3.12251108e-02 
 1.38051065e+00  3.12948935e-02 
 1.38353257e+00  3.13646743e-02 
 1.38655468e+00  3.14344532e-02 
 1.38957699e+00  3.15042301e-02 
 1.39259950e+00  3.15740050e-02 
 1.39562221e+00  3.16437779e-02 
 1.39864513e+00  3.17135487e-02 
 1.40166824e+00  3.17833176e-02 
 1.40469157e+00  3.18530843e-02 
 1.40771511e+00  3.19228489e-02 
 1.41073886e+00  3.19926114e-02 
 1.41376283e+00  3.20623717e-02 
 1.41678701e+00  3.21321299e-02 
 1.41981142e+00  3.22018858e-02 
 1.42283605e+00  3.22716395e-02 
 1.42586091e+00  3.23413909e-02 
 1.42888599e+00  3.24111401e-02 
 1.43191131e+00  3.24808869e-02 
 1.43493686e+00  3.25506314e-02 
 1.43796265e+00  3.26203735e-02 
 1.44098868e+00  3.26901132e-02 
 1.44401495e+00  3.27598505e-02 
 1.44704146e+00  3.28295854e-02 
 1.45006823e+00  3.28993177e-02 
 1.45309525e+00  3.29690475e-02 
 1.45612252e+00  3.30387748e-02 
 1.45915005e+00  3.31084995e-02 
 1.46217784e+00  3.31782216e-02 
 1.46520589e+00  3.32479411e-02 
 1.46823421e+00  3.33176579e-02 
 1.47126280e+00  3.33873720e-02 
 1.47429166e+00  3.34570834e-02 
 1.47732079e+00  3.35267921e-02 
 1.48035021e+00  3.35964979e-02 
 1.48337991e+00  3.36662009e-02 
 1.48640989e+00  3.37359011e-02 
 1.48944017e+00  3.38055983e-02 
 1.49247073e+00  3.38752927e-02 
 1.49550160e+00  3.39449840e-02 
 1.49853276e+00  3.40146724e-02 
 1.50156422e+00  3.40843578e-02 
 1.50459599e+00  3.41540401e-02 
 1.50762807e+00  3.42237193e-02 
 1.51066046e+00  3.42933954e-02 
 1.51369317e+00  3.43630683e-02 
 1.51672621e+00  3.44327379e-02 
 1.51975956e+00  3.45024044e-02 
 1.52279324e+00  3.45720676e-02 
 1.52582726e+00  3.46417274e-02 
 1.52886161e+00  3.47113839e-02 
 1.53189630e+00  3.47810370e-02 
 1.53493134e+00  3.48506866e-02 
 1.53796672e+00  3.49203328e-02 
 1.54100246e+00  3.49899754e-02 
 1.54403855e+00  3.50596145e-02 
 1.54707500e+00  3.51292500e-02 
 1.55011181e+00  3.51988819e-02 
 1.55314900e+00  3.52685100e-02 
 1.55618656e+00  3.53381344e-02 
 1.55922449e+00  3.54077551e-02 
 1.56226281e+00  3.54773719e-02 
 1.56530151e+00  3.55469849e-02 
 1.56834061e+00  3.56165939e-02 
 1.57138010e+00  3.56861990e-02 
 1.57441999e+00  3.57558001e-02 
 1.57746028e+00  3.58253972e-02 
 1.58050099e+00  3.58949901e-02 
 1.58354211e+00  3.59645789e-02 
 1.58658365e+00  3.60341635e-02 
 1.58962561e+00  3.61037439e-02 
 1.59266801e+00  3.61733199e-02 
 1.59571084e+00  3.62428916e-02 
 1.59875411e+00  3.63124589e-02 
 1.60179783e+00  3.63820217e-02 
 1.60484200e+00  3.64515800e-02 
 1.60788662e+00  3.65211338e-02 
 1.61093171e+00  3.65906829e-02 
 1.61397726e+00  3.66602274e-02 
 1.61702329e+00  3.67297671e-02 
 1.62006980e+00  3.67993020e-02 
 1.62311679e+00  3.68688321e-02 
 1.62616427e+00  3.69383573e-02 
 1.62921225e+00  3.70078775e-02 
 1.63226074e+00  3.70773926e-02 
 1.63530973e+00  3.71469027e-02 
 1.63835924e+00  3.72164076e-02 
 1.64140928e+00  3.72859072e-02 
 1.64445984e+00  3.73554016e-02 
 1.64751094e+00  3.74248906e-02 
 1.65056258e+00  3.74943742e-02 
 1.65361477e+00  3.75638523e-02 
 1.65666752e+00  3.76333248e-02 
 1.65972083e+00  3.77027917e-02 
 1.66277471e+00  3.77722529e-02 
 1.66582917e+00  3.78417083e-02 
 1.66888421e+00  3.79111579e-02 
 1.67193985e+00  3.79806015e-02 
 1.67499609e+00  3.80500391e-02 
 1.67805294e+00  3.81194706e-02 
 1.68111040e+00  3.81888960e-02 
 1.68416849e+00  3.82583151e-02 
 1.68722721e+00  3.83277279e-02 
 1.69028658e+00  3.83971342e-02 
 1.69334659e+00  3.84665341e-02 
 1.69640726e+00  3.85359274e-02 
 1.69946860e+00  3.86053140e-02 
 1.70253062e+00  3.86746938e-02 
 1.70559332e+00  3.87440668e-02 
 1.70865671e+00  3.88134329e-02 
 1.71172081e+00  3.88827919e-02 
 1.71478563e+00  3.89521437e-02 
 1.71785117e+00  3.90214883e-02 
 1.72091744e+00  3.90908256e-02 
 1.72398446e+00  3.91601554e-02 
 1.72705223e+00  3.92294777e-02 
 1.73012076e+00  3.92987924e-02 
 1.73319007e+00  3.93680993e-02 
 1.73626017e+00  3.94373983e-02 
 1.73933106e+00  3.95066894e-02 
 1.74240277e+00  3.95759723e-02 
 1.74547529e+00  3.96452471e-02 
 1.74854865e+00  3.97145135e-02 
 1.75162285e+00  3.97837715e-02 
 1.75469791e+00  3.98530209e-02 
 1.75777384e+00  3.99222616e-02 
 1.76085065e+00  3.99914935e-02 
 1.76392836e+00  4.00607164e-02 
 1.76700697e+00  4.01299303e-02 
 1.77008651e+00  4.01991349e-02 
 1.77316698e+00  4.02683302e-02 
 1.77624841e+00  4.03375159e-02 
 1.77933080e+00  4.04066920e-02 
 1.78241416e+00  4.04758584e-02 
 1.78549853e+00  4.05450147e-02 
 1.78858390e+00  4.06141610e-02 
 1.79167030e+00  4.06832970e-02 
 1.79475774e+00  4.07524226e-02 
 1.79784623e+00  4.08215377e-02 
 1.80093581e+00  4.08906419e-02 
 1.80402647e+00  4.09597353e-02 
 1.80711825e+00  4.10288175e-02 
 1.81021115e+00  4.10978885e-02 
 1.81330520e+00  4.11669480e-02 
 1.81640041e+00  4.12359959e-02 
 1.81949681e+00  4.13050319e-02 
 1.82259441e+00  4.13740559e-02 
 1.82569323e+00  4.14430677e-02 
 1.82879330e+00  4.15120670e-02 
 1.83189463e+00  4.15810537e-02 
 1.83499725e+00  4.16500275e-02 
 1.83810118e+00  4.17189882e-02 
 1.84120644e+00  4.17879356e-02 
 1.84431305e+00  4.18568695e-02 
 1.84742104e+00  4.19257896e-02 
 1.85053044e+00  4.19946956e-02 
 1.85364126e+00  4.20635874e-02 
 1.85675354e+00  4.21324646e-02 
 1.85986729e+00  4.22013271e-02 
 1.86298255e+00  4.22701745e-02 
 1.86609934e+00  4.23390066e-02 
 1.86921770e+00  4.24078230e-02 
 1.87233764e+00  4.24766236e-02 
 1.87545921e+00  4.25454079e-02 
 1.87858243e+00  4.26141757e-02 
 1.88170733e+00  4.26829267e-02 
 1.88483395e+00  4.27516605e-02 
 1.88796231e+00  4.28203769e-02 
 1.89109246e+00  4.28890754e-02 
 1.89422442e+00  4.29577558e-02 
 1.89735824e+00  4.30264176e-02 
 1.90049395e+00  4.30950605e-02 
 1.90363159e+00  4.31636841e-02 
 1.90677120e+00  4.32322880e-02 
 1.90991281e+00  4.33008719e-02 
 1.91305648e+00  4.33694352e-02 
 1.91620223e+00  4.34379777e-02 
 1.91935013e+00  4.35064987e-02 
 1.92250021e+00  4.35749979e-02 
 1.92565252e+00  4.36434748e-02 
 1.92880710e+00  4.37119290e-02 
 1.93196402e+00  4.37803598e-02 
 1.93512331e+00  4.38487669e-02 
 1.93828504e+00  4.39171496e-02 
 1.94144926e+00  4.39855074e-02 
 1.94461602e+00  4.40538398e-02 
 1.94778538e+00  4.41221462e-02 
 1.95095741e+00  4.41904259e-02 
 1.95413216e+00  4.42586784e-02 
 1.95730971e+00  4.43269029e-02 
 1.96049011e+00  4.43950989e-02 
 1.96367344e+00  4.44632656e-02 
 1.96685977e+00  4.45314023e-02 
 1.97004918e+00  4.45995082e-02 
 1.97324173e+00  4.46675827e-02 
 1.97643752e+00  4.47356248e-02 
 1.97963662e+00  4.48036338e-02 
 1.98283912e+00  4.48716088e-02 
 1.98604511e+00  4.49395489e-02 
 1.98925468e+00  4.50074532e-02 
 1.99246793e+00  4.50753207e-02 
 1.99568495e+00  4.51431505e-02 
 1.99890586e+00  4.52109414e-02 
 2.00213076e+00  4.52786924e-02 
 2.00535976e+00  4.53464024e-02 
 2.00859298e+00  4.54140702e-02 
 2.01183055e+00  4.54816945e-02 
 2.01507259e+00  4.55492741e-02 
 2.01831922e+00  4.56168078e-02 
 2.02157060e+00  4.56842940e-02 
 2.02482687e+00  4.57517313e-02 
 2.02808818e+00  4.58191182e-02 
 2.03135468e+00  4.58864532e-02 
 2.03462654e+00  4.59537346e-02 
 2.03790394e+00  4.60209606e-02 
 2.04118706e+00  4.60881294e-02 
 2.04447608e+00  4.61552392e-02 
 2.04777121e+00  4.62222879e-02 
 2.05107265e+00  4.62892735e-02 
 2.05438063e+00  4.63561937e-02 
 2.05769538e+00  4.64230462e-02 
 2.06101714e+00  4.64898286e-02 
 2.06434616e+00  4.65565384e-02 
 2.06768272e+00  4.66231728e-02 
 2.07102710e+00  4.66897290e-02 
 2.07437961e+00  4.67562039e-02 
 2.07774055e+00  4.68225945e-02 
 2.08111026e+00  4.68888974e-02 
 2.08448910e+00  4.69551090e-02 
 2.08787745e+00  4.70212255e-02 
 2.09127569e+00  4.70872431e-02 
 2.09468427e+00  4.71531573e-02 
 2.09810362e+00  4.72189638e-02 
 2.10153422e+00  4.72846578e-02 
 2.10497658e+00  4.73502342e-02 
 2.10843124e+00  4.74156876e-02 
 2.11189879e+00  4.74810121e-02 
 2.11537984e+00  4.75462016e-02 
 2.11887506e+00  4.76112494e-02 
 2.12238515e+00  4.76761485e-02 
 2.12591088e+00  4.77408912e-02 
 2.12945306e+00  4.78054694e-02 
 2.13301257e+00  4.78698743e-02 
 2.13659036e+00  4.79340964e-02 
 2.14018746e+00  4.79981254e-02 
 2.14380497e+00  4.80619503e-02 
 2.14744409e+00  4.81255591e-02 
 2.15110612e+00  4.81889388e-02 
 2.15479247e+00  4.82520753e-02 
 2.15850467e+00  4.83149533e-02 
 2.16224441e+00  4.83775559e-02 
 2.16601350e+00  4.84398650e-02 
 2.16981395e+00  4.85018605e-02 
 2.17364797e+00  4.85635203e-02 
 2.17751795e+00  4.86248205e-02 
 2.18142656e+00  4.86857344e-02 
 2.18537673e+00  4.87462327e-02 
 2.18937169e+00  4.88062831e-02 
 2.19341503e+00  4.88658497e-02 
 2.19751074e+00  4.89248926e-02 
 2.20166323e+00  4.89833677e-02 
 2.20587743e+00  4.90412257e-02 
 2.21015883e+00  4.90984117e-02 
 2.21451356e+00  4.91548644e-02 
 2.21894845e+00  4.92105155e-02 
 2.22347115e+00  4.92652885e-02 
 2.22809018e+00  4.93190982e-02 
 2.23281503e+00  4.93718497e-02 
 2.23765626e+00  4.94234374e-02 
 2.24262553e+00  4.94737447e-02 
 2.24773564e+00  4.95226436e-02 
 2.25300049e+00  4.95699951e-02 
 2.25843500e+00  4.96156500e-02 
 2.26405481e+00  4.96594519e-02 
 2.26987595e+00  4.97012405e-02 
 2.27591416e+00  4.97408584e-02 
 2.28218413e+00  4.97781587e-02 
 2.28869840e+00  4.98130160e-02 
 2.29546628e+00  4.98453372e-02 
 2.30249265e+00  4.98750735e-02 
 2.30977711e+00  4.99022289e-02 
 2.31731349e+00  4.99268651e-02 
 2.32509003e+00  4.99490997e-02 
 2.33309015e+00  4.99690985e-02 
 2.34129375e+00  4.99870625e-02 
 2.34967868e+00  5.00032132e-02 
 2.35822226e+00  5.00177774e-02 
 2.36690250e+00  5.00309750e-02 
 2.37569899e+00  5.00430101e-02 
 2.38459342e+00  5.00540658e-02 
 2.39356976e+00  5.00643024e-02 
 2.40261427e+00  5.00738573e-02 
 2.41171536e+00  5.00828464e-02 
 2.42086329e+00  5.00913671e-02 
 2.43004999e+00  5.00995001e-02 
 2.43926877e+00  5.01073123e-02 
 2.44851412e+00  5.01148588e-02 
 2.45778148e+00  5.01221852e-02 
 2.46706711e+00  5.01293289e-02 
 2.47636790e+00  5.01363210e-02 
 2.48568130e+00  5.01431870e-02 
 2.49500518e+00  5.01499482e-02 
 2.50433781e+00  5.01566219e-02 
 2.51367771e+00  5.01632229e-02 
 2.52302370e+00  5.01697630e-02 
 2.53237475e+00  5.01762525e-02 
 2.54173005e+00  5.01826995e-02 
 2.55108889e+00  5.01891111e-02 
 2.56045069e+00  5.01954931e-02 
 2.56981498e+00  5.02018502e-02 
 2.57918133e+00  5.02081867e-02 
 2.58854943e+00  5.02145057e-02 
 2.59791897e+00  5.02208103e-02 
 2.60728974e+00  5.02271026e-02 
 2.61666153e+00  5.02333847e-02 
 2.62603417e+00  5.02396583e-02 
 2.63540752e+00  5.02459248e-02 
 2.64478148e+00  5.02521852e-02 
 2.65415594e+00  5.02584406e-02 
 2.66353082e+00  5.02646918e-02 
 2.67290605e+00  5.02709395e-02 
 2.68228158e+00  5.02771842e-02 
 2.69165736e+00  5.02834264e-02 
 2.70103335e+00  5.02896665e-02 
 2.71040951e+00  5.02959049e-02 
 2.71978581e+00  5.03021419e-02 
 2.72916224e+00  5.03083776e-02 
 2.73853877e+00  5.03146123e-02 
 2.74791539e+00  5.03208461e-02 
 2.75729208e+00  5.03270792e-02 
 2.76666884e+00  5.03333116e-02 
 2.77604564e+00  5.03395436e-02 
 2.78542248e+00  5.03457752e-02 
 2.79479936e+00  5.03520064e-02 
 2.80417627e+00  5.03582373e-02 
 2.81355321e+00  5.03644679e-02 
 2.82293016e+00  5.03706984e-02 
 2.83230714e+00  5.03769286e-02 
 2.84168413e+00  5.03831587e-02 
 2.85106113e+00  5.03893887e-02 
 2.86043814e+00  5.03956186e-02 
 2.86981516e+00  5.04018484e-02 
 2.87919219e+00  5.04080781e-02 
 2.88856922e+00  5.04143078e-02 
 2.89794626e+00  5.04205374e-02 
 2.90732330e+00  5.04267670e-02 
 2.91670035e+00  5.04329965e-02 
 2.92607740e+00  5.04392260e-02 
 2.93545445e+00  5.04454555e-02 
 2.94483150e+00  5.04516850e-02 
 2.95420856e+00  5.04579144e-02 
 2.96358562e+00  5.04641438e-02 
 2.97296268e+00  5.04703732e-02 
 2.98233974e+00  5.04766026e-02 
 2.99171680e+00  5.04828320e-02 
 3.00109386e+00  5.04890614e-02 
 3.01047092e+00  5.04952908e-02 
 3.01984799e+00  5.05015201e-02 
 3.02922505e+00  5.05077495e-02 
 3.03860211e+00  5.05139789e-02 
 3.04797918e+00  5.05202082e-02 
 3.05735624e+00  5.05264376e-02 
 3.06673331e+00  5.05326669e-02 
 3.07611037e+00  5.05388963e-02 
 3.08548743e+00  5.05451257e-02 
 3.09486450e+00  5.05513550e-02 
 3.10424156e+00  5.05575844e-02 
 3.11361863e+00  5.05638137e-02 
 3.12299569e+00  5.05700431e-02 
 3.13237276e+00  5.05762724e-02 
 3.14174982e+00  5.05825018e-02 
 3.15112689e+00  5.05887311e-02 
 3.16050395e+00  5.05949605e-02 
 3.16988102e+00  5.06011898e-02 
 3.17925809e+00  5.06074191e-02 
 3.18863515e+00  5.06136485e-02 
 3.19801222e+00  5.06198778e-02 
 3.20738928e+00  5.06261072e-02 
 3.21676635e+00  5.06323365e-02 
 3.22614341e+00  5.06385659e-02 
 3.23552048e+00  5.06447952e-02 
 3.24489754e+00  5.06510246e-02 
 3.25427461e+00  5.06572539e-02 
 3.26365167e+00  5.06634833e-02 
 3.27302874e+00  5.06697126e-02 
 3.28240580e+00  5.06759420e-02 
 3.29178287e+00  5.06821713e-02 
 3.30115993e+00  5.06884007e-02 
 3.31053700e+00  5.06946300e-02 
 3.31991407e+00  5.07008593e-02 
 3.32929113e+00  5.07070887e-02 
 3.33866820e+00  5.07133180e-02 
 3.34804526e+00  5.07195474e-02 
 3.35742233e+00  5.07257767e-02 
 3.36679939e+00  5.07320061e-02 
 3.37617646e+00  5.07382354e-02 
 3.38555352e+00  5.07444648e-02 
 3.39493059e+00  5.07506941e-02 
 3.40430765e+00  5.07569235e-02 
 3.41368472e+00  5.07631528e-02 
 3.42306178e+00  5.07693822e-02 
 3.43243885e+00  5.07756115e-02 
 3.44181592e+00  5.07818408e-02 
 3.45119298e+00  5.07880702e-02 
 3.46057005e+00  5.07942995e-02 
 3.46994711e+00  5.08005289e-02 
 3.47932418e+00  5.08067582e-02 
 3.48870124e+00  5.08129876e-02 
 3.49807831e+00  5.08192169e-02 
 3.50745537e+00  5.08254463e-02 
 3.51683244e+00  5.08316756e-02 
 3.52620950e+00  5.08379050e-02 
 3.53558657e+00  5.08441343e-02 
 3.54496364e+00  5.08503636e-02 
 3.55434070e+00  5.08565930e-02 
 3.56371777e+00  5.08628223e-02 
 3.57309483e+00  5.08690517e-02 
 3.58247190e+00  5.08752810e-02 
 3.59184896e+00  5.08815104e-02 
 3.60122603e+00  5.08877397e-02 
 3.61060309e+00  5.08939691e-02 
 3.61998016e+00  5.09001984e-02 
 3.62935722e+00  5.09064278e-02 
 3.63873429e+00  5.09126571e-02 
 3.64811136e+00  5.09188864e-02 
 3.65748842e+00  5.09251158e-02 
 3.66686549e+00  5.09313451e-02 
 3.67624255e+00  5.09375745e-02 
 3.68561962e+00  5.09438038e-02 
 3.69499668e+00  5.09500332e-02 
 3.70437375e+00  5.09562625e-02 
 3.71375081e+00  5.09624919e-02 
 3.72312788e+00  5.09687212e-02 
 3.73250494e+00  5.09749506e-02 
 3.74188201e+00  5.09811799e-02 
 3.75125907e+00  5.09874093e-02 
 3.76063614e+00  5.09936386e-02 
 3.77001321e+00  5.09998679e-02 
 3.77939027e+00  5.10060973e-02 
 3.78876734e+00  5.10123266e-02 
 3.79814440e+00  5.10185560e-02 
 3.80752147e+00  5.10247853e-02 
 3.81689853e+00  5.10310147e-02 
 3.82627560e+00  5.10372440e-02 
 3.83565266e+00  5.10434734e-02 
 3.84502973e+00  5.10497027e-02 
 3.85440679e+00  5.10559321e-02 
 3.86378386e+00  5.10621614e-02 
 3.87316093e+00  5.10683907e-02 
 3.88253799e+00  5.10746201e-02 
 3.89191506e+00  5.10808494e-02 
 3.90129212e+00  5.10870788e-02 
 3.91066919e+00  5.10933081e-02 
 3.92004625e+00  5.10995375e-02 
 3.92942332e+00  5.11057668e-02 
 3.93880038e+00  5.11119962e-02 
 3.94817745e+00  5.11182255e-02 
 3.95755451e+00  5.11244549e-02 
 3.96693158e+00  5.11306842e-02 
 3.97630864e+00  5.11369136e-02 
 3.98568571e+00  5.11431429e-02 
 3.99506278e+00  5.11493722e-02 
 4.00443984e+00  5.11556016e-02 
 4.01381691e+00  5.11618309e-02 
 4.02319397e+00  5.11680603e-02 
 4.03257104e+00  5.11742896e-02 
 4.04194810e+00  5.11805190e-02 
 4.05132517e+00  5.11867483e-02 
 4.06070223e+00  5.11929777e-02 
 4.07007930e+00  5.11992070e-02 
 4.07945636e+00  5.12054364e-02 
 4.08883343e+00  5.12116657e-02 
 4.09821050e+00  5.12178950e-02 
 4.10758756e+00  5.12241244e-02 
 4.11696463e+00  5.12303537e-02 
 4.12634169e+00  5.12365831e-02 
 4.13571876e+00  5.12428124e-02 
 4.14509582e+00  5.12490418e-02 
 4.15447289e+00  5.12552711e-02 
 4.16384995e+00  5.12615005e-02 
 4.17322702e+00  5.12677298e-02 
 4.18260408e+00  5.12739592e-02 
 4.19198115e+00  5.12801885e-02 
 4.20135822e+00  5.12864178e-02 
 4.21073528e+00  5.12926472e-02 
 4.22011235e+00  5.12988765e-02 
 4.22948941e+00  5.13051059e-02 
 4.23886648e+00  5.13113352e-02 
 4.24824354e+00  5.13175646e-02 
 4.25762061e+00  5.13237939e-02 
 4.26699767e+00  5.13300233e-02 
 4.27637474e+00  5.13362526e-02 
 4.28575180e+00  5.13424820e-02 
 4.29512887e+00  5.13487113e-02 
 4.30450593e+00  5.13549407e-02 
 4.31388300e+00  5.13611700e-02 
 4.32326007e+00  5.13673993e-02 
 4.33263713e+00  5.13736287e-02 
 4.34201420e+00  5.13798580e-02 
 4.35139126e+00  5.13860874e-02 
 4.36076833e+00  5.13923167e-02 
 4.37014539e+00  5.13985461e-02 
 4.37952246e+00  5.14047754e-02 
 4.38889952e+00  5.14110048e-02 
 4.39827659e+00  5.14172341e-02 
 4.40765365e+00  5.14234635e-02 
 4.41703072e+00  5.14296928e-02 
 4.42640779e+00  5.14359221e-02 
 4.43578485e+00  5.14421515e-02 
 4.44516192e+00  5.14483808e-02 
 4.45453898e+00  5.14546102e-02 
 4.46391605e+00  5.14608395e-02 
 4.47329311e+00  5.14670689e-02 
 4.48267018e+00  5.14732982e-02 
 4.49204724e+00  5.14795276e-02 
 4.50142431e+00  5.14857569e-02 
 4.51080137e+00  5.14919863e-02 
 4.52017844e+00  5.14982156e-02 
 4.52955551e+00  5.15044449e-02 
 4.53893257e+00  5.15106743e-02 
 4.54830964e+00  5.15169036e-02 
 4.55768670e+00  5.15231330e-02 
 4.56706377e+00  5.15293623e-02 
 4.57644083e+00  5.15355917e-02 
 4.58581790e+00  5.15418210e-02 
 4.59519496e+00  5.15480504e-02 
 4.60457203e+00  5.15542797e-02 
 4.61394909e+00  5.15605091e-02 
 4.62332616e+00  5.15667384e-02 
 4.63270322e+00  5.15729678e-02 
 4.64208029e+00  5.15791971e-02 
 4.65145736e+00  5.15854264e-02 
 4.66083442e+00  5.15916558e-02 
 4.67021149e+00  5.15978851e-02 
 4.67958855e+00  5.16041145e-02 
 4.68896562e+00  5.16103438e-02 
 4.69834268e+00  5.16165732e-02 
 4.70771975e+00  5.16228025e-02 
 4.71709681e+00  5.16290319e-02 
 4.72647388e+00  5.16352612e-02 
 4.73585094e+00  5.16414906e-02 
 4.74522801e+00  5.16477199e-02 
 4.75460508e+00  5.16539492e-02 
 4.76398214e+00  5.16601786e-02 
 4.77335921e+00  5.16664079e-02 
 4.78273627e+00  5.16726373e-02 
 4.79211334e+00  5.16788666e-02 
 4.80149040e+00  5.16850960e-02 
 4.81086747e+00  5.16913253e-02 
 4.82024453e+00  5.16975547e-02 
 4.82962160e+00  5.17037840e-02 
 4.83899866e+00  5.17100134e-02 
 4.84837573e+00  5.17162427e-02 
 4.85775280e+00  5.17224720e-02 
 4.86712986e+00  5.17287014e-02 
 4.87650693e+00  5.17349307e-02 
 4.88588399e+00  5.17411601e-02 
 4.89526106e+00  5.17473894e-02 
 4.90463812e+00  5.17536188e-02 
 4.91401519e+00  5.17598481e-02 
 4.92339225e+00  5.17660775e-02 
 4.93276932e+00  5.17723068e-02 
 4.94214638e+00  5.17785362e-02 
 4.95152345e+00  5.17847655e-02 
 4.96090051e+00  5.17909949e-02 
 4.97027758e+00  5.17972242e-02 
 4.97965465e+00  5.18034535e-02 
 4.98903171e+00  5.18096829e-02 
 4.99840878e+00  5.18159122e-02 
 5.00778584e+00  5.18221416e-02 
 5.01716291e+00  5.18283709e-02 
 5.02653997e+00  5.18346003e-02 
 5.03591704e+00  5.18408296e-02 
 5.04529410e+00  5.18470590e-02 
 5.05467117e+00  5.18532883e-02 
 5.06404823e+00  5.18595177e-02 
 5.07342530e+00  5.18657470e-02 
 5.08280237e+00  5.18719763e-02 
 5.09217943e+00  5.18782057e-02 
 5.10155650e+00  5.18844350e-02 
 5.11093356e+00  5.18906644e-02 
 5.12031063e+00  5.18968937e-02 
 5.12968769e+00  5.19031231e-02 
 5.13906476e+00  5.19093524e-02 
 5.14844182e+00  5.19155818e-02 
 5.15781889e+00  5.19218111e-02 
 5.16719595e+00  5.19280405e-02 
 5.17657302e+00  5.19342698e-02 
 5.18595008e+00  5.19404992e-02 
 5.19532715e+00  5.19467285e-02 
 5.20470422e+00  5.19529578e-02 
 5.21408128e+00  5.19591872e-02 
 5.22345835e+00  5.19654165e-02 
 5.23283541e+00  5.19716459e-02 
 5.24221248e+00  5.19778752e-02 
 5.25158954e+00  5.19841046e-02 
 5.26096661e+00  5.19903339e-02 
 5.27034367e+00  5.19965633e-02 
 5.27972074e+00  5.20027926e-02 
 5.28909780e+00  5.20090220e-02 
 5.29847487e+00  5.20152513e-02 
 5.30785194e+00  5.20214806e-02 
 5.31722900e+00  5.20277100e-02 
 5.32660607e+00  5.20339393e-02 
 5.33598313e+00  5.20401687e-02 
 5.34536020e+00  5.20463980e-02 
 5.35473726e+00  5.20526274e-02 
 5.36411433e+00  5.20588567e-02 
 5.37349139e+00  5.20650861e-02 
 5.38286846e+00  5.20713154e-02 
 5.39224552e+00  5.20775448e-02 
 5.40162259e+00  5.20837741e-02 
 5.41099966e+00  5.20900034e-02 
 5.42037672e+00  5.20962328e-02 
 5.42975379e+00  5.21024621e-02 
 5.43913085e+00  5.21086915e-02 
 5.44850792e+00  5.21149208e-02 
 5.45788498e+00  5.21211502e-02 
 5.46726205e+00  5.21273795e-02 
 5.47663911e+00  5.21336089e-02 
 5.48601618e+00  5.21398382e-02 
 5.49539324e+00  5.21460676e-02 
 5.50477031e+00  5.21522969e-02 
 5.51414737e+00  5.21585263e-02 
 5.52352444e+00  5.21647556e-02 
 5.53290151e+00  5.21709849e-02 
 5.54227857e+00  5.21772143e-02 
 5.55165564e+00  5.21834436e-02 
 5.56103270e+00  5.21896730e-02 
 5.57040977e+00  5.21959023e-02 
 5.57978683e+00  5.22021317e-02 
 5.58916390e+00  5.22083610e-02 
 5.59854096e+00  5.22145904e-02 
 5.60791803e+00  5.22208197e-02 
 5.61729509e+00  5.22270491e-02 
 5.62667216e+00  5.22332784e-02 
 5.63604923e+00  5.22395077e-02 
 5.64542629e+00  5.22457371e-02 
 5.65480336e+00  5.22519664e-02 
 5.66418042e+00  5.22581958e-02 
 5.67355749e+00  5.22644251e-02 
 5.68293455e+00  5.22706545e-02 
 5.69231162e+00  5.22768838e-02 
 5.70168868e+00  5.22831132e-02 
 5.71106575e+00  5.22893425e-02 
 5.72044281e+00  5.22955719e-02 
 5.72981988e+00  5.23018012e-02 
 5.73919695e+00  5.23080305e-02 
 5.74857401e+00  5.23142599e-02 
 5.75795108e+00  5.23204892e-02 
 5.76732814e+00  5.23267186e-02 
 5.77670521e+00  5.23329479e-02 
 5.78608227e+00  5.23391773e-02 
 5.79545934e+00  5.23454066e-02 
 5.80483640e+00  5.23516360e-02 
 5.81421347e+00  5.23578653e-02 
 5.82359053e+00  5.23640947e-02 
 5.83296760e+00  5.23703240e-02 
 5.84234466e+00  5.23765534e-02 
 5.85172173e+00  5.23827827e-02 
 5.86109880e+00  5.23890120e-02 
 5.87047586e+00  5.23952414e-02 
 5.87985293e+00  5.24014707e-02 
 5.88922999e+00  5.24077001e-02 
 5.89860706e+00  5.24139294e-02 
 5.90798412e+00  5.24201588e-02 
 5.91736119e+00  5.24263881e-02 
 5.92673825e+00  5.24326175e-02 
 5.93611532e+00  5.24388468e-02 
 5.94549238e+00  5.24450762e-02 
 5.95486945e+00  5.24513055e-02 
 5.96424652e+00  5.24575348e-02 
 5.97362358e+00  5.24637642e-02 
 5.98300065e+00  5.24699935e-02 
 5.99237771e+00  5.24762229e-02 
 6.00175478e+00  5.24824522e-02 
 6.01113184e+00  5.24886816e-02 
 6.02050891e+00  5.24949109e-02 
 6.02988597e+00  5.25011403e-02 
 6.03926304e+00  5.25073696e-02 
 6.04864010e+00  5.25135990e-02 
 6.05801717e+00  5.25198283e-02 
 6.06739423e+00  5.25260577e-02 
 6.07677130e+00  5.25322870e-02 
 6.08614837e+00  5.25385163e-02 
 6.09552543e+00  5.25447457e-02 
 6.10490250e+00  5.25509750e-02 
 6.11427956e+00  5.25572044e-02 
 6.12365663e+00  5.25634337e-02 
 6.13303369e+00  5.25696631e-02 
 6.14241076e+00  5.25758924e-02 
 6.15178782e+00  5.25821218e-02 
 6.16116489e+00  5.25883511e-02 
 6.17054195e+00  5.25945805e-02 
 6.17991902e+00  5.26008098e-02 
 6.18929609e+00  5.26070391e-02 
 6.19867315e+00  5.26132685e-02 
 6.20805022e+00  5.26194978e-02 
 6.21742728e+00  5.26257272e-02 
 6.22680435e+00  5.26319565e-02 
 6.23618141e+00  5.26381859e-02 
 6.24555848e+00  5.26444152e-02 
 6.25493554e+00  5.26506446e-02 
 6.26431261e+00  5.26568739e-02 
 6.27368967e+00  5.26631033e-02 
 6.28306674e+00  5.26693326e-02 
 6.29244381e+00  5.26755619e-02 
 6.30182087e+00  5.26817913e-02 
 6.31119794e+00  5.26880206e-02 
 6.32057500e+00  5.26942500e-02 
 6.32995207e+00  5.27004793e-02 
 6.33932913e+00  5.27067087e-02 
 6.34870620e+00  5.27129380e-02 
 6.35808326e+00  5.27191674e-02 
 6.36746033e+00  5.27253967e-02 
 6.37683739e+00  5.27316261e-02 
 6.38621446e+00  5.27378554e-02 
 6.39559152e+00  5.27440848e-02 
 6.40496859e+00  5.27503141e-02 
 6.41434566e+00  5.27565434e-02 
 6.42372272e+00  5.27627728e-02 
 6.43309979e+00  5.27690021e-02 
 6.44247685e+00  5.27752315e-02 
 6.45185392e+00  5.27814608e-02 
 6.46123098e+00  5.27876902e-02 
 6.47060805e+00  5.27939195e-02 
 6.47998511e+00  5.28001489e-02 
 6.48936218e+00  5.28063782e-02 
 6.49873924e+00  5.28126076e-02 
 6.50811631e+00  5.28188369e-02 
 6.51749338e+00  5.28250662e-02 
 6.52687044e+00  5.28312956e-02 
 6.53624751e+00  5.28375249e-02 
 6.54562457e+00  5.28437543e-02 
 6.55500164e+00  5.28499836e-02 
 6.56437870e+00  5.28562130e-02 
 6.57375577e+00  5.28624423e-02 
 6.58313283e+00  5.28686717e-02 
 6.59250990e+00  5.28749010e-02 
 6.60188696e+00  5.28811304e-02 
 6.61126403e+00  5.28873597e-02 
 6.62064109e+00  5.28935891e-02 
 6.63001816e+00  5.28998184e-02 
 6.63939523e+00  5.29060477e-02 
 6.64877229e+00  5.29122771e-02 
 6.65814936e+00  5.29185064e-02 
 6.66752642e+00  5.29247358e-02 
 6.67690349e+00  5.29309651e-02 
 6.68628055e+00  5.29371945e-02 
 6.69565762e+00  5.29434238e-02 
 6.70503468e+00  5.29496532e-02 
 6.71441175e+00  5.29558825e-02 
 6.72378881e+00  5.29621119e-02 
 6.73316588e+00  5.29683412e-02 
 6.74254295e+00  5.29745705e-02 
 6.75192001e+00  5.29807999e-02 
 6.76129708e+00  5.29870292e-02 
 6.77067414e+00  5.29932586e-02 
 6.78005121e+00  5.29994879e-02 
 6.78942827e+00  5.30057173e-02 
 6.79880534e+00  5.30119466e-02 
 6.80818240e+00  5.30181760e-02 
 6.81755947e+00  5.30244053e-02 
 6.82693653e+00  5.30306347e-02 
 6.83631360e+00  5.30368640e-02 
 6.84569067e+00  5.30430933e-02 
 6.85506773e+00  5.30493227e-02 
 6.86444480e+00  5.30555520e-02 
 6.87382186e+00  5.30617814e-02 
 6.88319893e+00  5.30680107e-02 
 6.89257599e+00  5.30742401e-02 
 6.90195306e+00  5.30804694e-02 
 6.91133012e+00  5.30866988e-02 
 6.92070719e+00  5.30929281e-02 
 6.93008425e+00  5.30991575e-02 
 6.93946132e+00  5.31053868e-02 
 6.94883838e+00  5.31116162e-02 
 6.95821545e+00  5.31178455e-02 
 6.96759252e+00  5.31240748e-02 
 6.97696958e+00  5.31303042e-02 
 6.98634665e+00  5.31365335e-02 
 6.99572371e+00  5.31427629e-02 
 7.00510078e+00  5.31489922e-02 
 7.01447784e+00  5.31552216e-02 
 7.02385491e+00  5.31614509e-02 
 7.03323197e+00  5.31676803e-02 
 7.04260904e+00  5.31739096e-02 
 7.05198610e+00  5.31801390e-02 
 7.06136317e+00  5.31863683e-02 
 7.07074024e+00  5.31925976e-02 
 7.08011730e+00  5.31988270e-02 
 7.08949437e+00  5.32050563e-02 
 7.09887143e+00  5.32112857e-02 
 7.10824850e+00  5.32175150e-02 
 7.11762556e+00  5.32237444e-02 
 7.12700263e+00  5.32299737e-02 
 7.13637969e+00  5.32362031e-02 
 7.14575676e+00  5.32424324e-02 
 7.15513382e+00  5.32486618e-02 
 7.16451089e+00  5.32548911e-02 
 7.17388795e+00  5.32611205e-02 
 7.18326502e+00  5.32673498e-02 
 7.19264209e+00  5.32735791e-02 
 7.20201915e+00  5.32798085e-02 
 7.21139622e+00  5.32860378e-02 
 7.22077328e+00  5.32922672e-02 
 7.23015035e+00  5.32984965e-02 
 7.23952741e+00  5.33047259e-02 
 7.24890448e+00  5.33109552e-02 
 7.25828154e+00  5.33171846e-02 
 7.26765861e+00  5.33234139e-02 
 7.27703567e+00  5.33296433e-02 
 7.28641274e+00  5.33358726e-02 
 7.29578981e+00  5.33421019e-02 
 7.30516687e+00  5.33483313e-02 
 7.31454394e+00  5.33545606e-02 
 7.32392100e+00  5.33607900e-02 
 7.33329807e+00  5.33670193e-02 
 7.34267513e+00  5.33732487e-02 
 7.35205220e+00  5.33794780e-02 
 7.36142926e+00  5.33857074e-02 
 7.37080633e+00  5.33919367e-02 
 7.38018339e+00  5.33981661e-02 
 7.38956046e+00  5.34043954e-02 
 7.39893753e+00  5.34106247e-02 
 7.40831459e+00  5.34168541e-02 
 7.41769166e+00  5.34230834e-02 
 7.42706872e+00  5.34293128e-02 
 7.43644579e+00  5.34355421e-02 
 7.44582285e+00  5.34417715e-02 
 7.45519992e+00  5.34480008e-02 
 7.46457698e+00  5.34542302e-02 
 7.47395405e+00  5.34604595e-02 
 7.48333111e+00  5.34666889e-02 
 7.49270818e+00  5.34729182e-02 
 7.50208524e+00  5.34791476e-02 
 7.51146231e+00  5.34853769e-02 
 7.52083938e+00  5.34916062e-02 
 7.53021644e+00  5.34978356e-02 
 7.53959351e+00  5.35040649e-02 
 7.54897057e+00  5.35102943e-02 
 7.55834764e+00  5.35165236e-02 
 7.56772470e+00  5.35227530e-02 
 7.57710177e+00  5.35289823e-02 
 7.58647883e+00  5.35352117e-02 
 7.59585590e+00  5.35414410e-02 
 7.60523296e+00  5.35476704e-02 
 7.61461003e+00  5.35538997e-02 
 7.62398710e+00  5.35601290e-02 
 7.63336416e+00  5.35663584e-02 
 7.64274123e+00  5.35725877e-02 
 7.65211829e+00  5.35788171e-02 
 7.66149536e+00  5.35850464e-02 
 7.67087242e+00  5.35912758e-02 
 7.68024949e+00  5.35975051e-02 
 7.68962655e+00  5.36037345e-02 
 7.69900362e+00  5.36099638e-02 
 7.70838068e+00  5.36161932e-02 
 7.71775775e+00  5.36224225e-02 
 7.72713481e+00  5.36286519e-02 
 7.73651188e+00  5.36348812e-02 
 7.74588895e+00  5.36411105e-02 
 7.75526601e+00  5.36473399e-02 
 7.76464308e+00  5.36535692e-02 
 7.77402014e+00  5.36597986e-02 
 7.78339721e+00  5.36660279e-02 
 7.79277427e+00  5.36722573e-02 
 7.80215134e+00  5.36784866e-02 
 7.81152840e+00  5.36847160e-02 
 7.82090547e+00  5.36909453e-02 
 7.83028253e+00  5.36971747e-02 
 7.83965960e+00  5.37034040e-02 
 7.84903667e+00  5.37096333e-02 
 7.85841373e+00  5.37158627e-02 
 7.86779080e+00  5.37220920e-02 
 7.87716786e+00  5.37283214e-02 
 7.88654493e+00  5.37345507e-02 
 7.89592199e+00  5.37407801e-02 
 7.90529906e+00  5.37470094e-02 
 7.91467612e+00  5.37532388e-02 
 7.92405319e+00  5.37594681e-02 
 7.93343025e+00  5.37656975e-02 
 7.94280732e+00  5.37719268e-02 
 7.95218438e+00  5.37781562e-02 
 7.96156145e+00  5.37843855e-02 
 7.97093852e+00  5.37906148e-02 
 7.98031558e+00  5.37968442e-02 
 7.98969265e+00  5.38030735e-02 
 7.99906971e+00  5.38093029e-02 
 8.00844678e+00  5.38155322e-02 
 8.01782384e+00  5.38217616e-02 
 8.02720091e+00  5.38279909e-02 
 8.03657797e+00  5.38342203e-02 
 8.04595504e+00  5.38404496e-02 
 8.05533210e+00  5.38466790e-02 
 8.06470917e+00  5.38529083e-02 
 8.07408624e+00  5.38591376e-02 
 8.08346330e+00  5.38653670e-02 
 8.09284037e+00  5.38715963e-02 
 8.10221743e+00  5.38778257e-02 
 8.11159450e+00  5.38840550e-02 
 8.12097156e+00  5.38902844e-02 
 8.13034863e+00  5.38965137e-02 
 8.13972569e+00  5.39027431e-02 
 8.14910276e+00  5.39089724e-02 
 8.15847982e+00  5.39152018e-02 
 8.16785689e+00  5.39214311e-02 
 8.17723395e+00  5.39276605e-02 
 8.18661102e+00  5.39338898e-02 
 8.19598809e+00  5.39401191e-02 
 8.20536515e+00  5.39463485e-02 
 8.21474222e+00  5.39525778e-02 
 8.22411928e+00  5.39588072e-02 
 8.23349635e+00  5.39650365e-02 
 8.24287341e+00  5.39712659e-02 
 8.25225048e+00  5.39774952e-02 
 8.26162754e+00  5.39837246e-02 
 8.27100461e+00  5.39899539e-02 
 8.28038167e+00  5.39961833e-02 
 8.28975874e+00  5.40024126e-02 
 8.29913581e+00  5.40086419e-02 
 8.30851287e+00  5.40148713e-02 
 8.31788994e+00  5.40211006e-02 
 8.32726700e+00  5.40273300e-02 
 8.33664407e+00  5.40335593e-02 
 8.34602113e+00  5.40397887e-02 
 8.35539820e+00  5.40460180e-02 
 8.36477526e+00  5.40522474e-02 
 8.37415233e+00  5.40584767e-02 
 8.38352939e+00  5.40647061e-02 
 8.39290646e+00  5.40709354e-02 
 8.40228353e+00  5.40771647e-02 
 8.41166059e+00  5.40833941e-02 
 8.42103766e+00  5.40896234e-02 
 8.43041472e+00  5.40958528e-02 
 8.43979179e+00  5.41020821e-02 
 8.44916885e+00  5.41083115e-02 
 8.45854592e+00  5.41145408e-02 
 8.46792298e+00  5.41207702e-02 
 8.47730005e+00  5.41269995e-02 
 8.48667711e+00  5.41332289e-02 
 8.49605418e+00  5.41394582e-02 
 8.50543124e+00  5.41456876e-02 
 8.51480831e+00  5.41519169e-02 
 8.52418538e+00  5.41581462e-02 
 8.53356244e+00  5.41643756e-02 
 8.54293951e+00  5.41706049e-02 
 8.55231657e+00  5.41768343e-02 
 8.56169364e+00  5.41830636e-02 
 8.57107070e+00  5.41892930e-02 
 8.58044777e+00  5.41955223e-02 
 8.58982483e+00  5.42017517e-02 
 8.59920190e+00  5.42079810e-02 
 8.60857896e+00  5.42142104e-02 
 8.61795603e+00  5.42204397e-02 
 8.62733310e+00  5.42266690e-02 
 8.63671016e+00  5.42328984e-02 
 8.64608723e+00  5.42391277e-02 
 8.65546429e+00  5.42453571e-02 
 8.66484136e+00  5.42515864e-02 
 8.67421842e+00  5.42578158e-02 
 8.68359549e+00  5.42640451e-02 
 8.69297255e+00  5.42702745e-02 
 8.70234962e+00  5.42765038e-02 
 8.71172668e+00  5.42827332e-02 
 8.72110375e+00  5.42889625e-02 
 8.73048081e+00  5.42951919e-02 
 8.73985788e+00  5.43014212e-02 
 8.74923495e+00  5.43076505e-02 
 8.75861201e+00  5.43138799e-02 
 8.76798908e+00  5.43201092e-02 
 8.77736614e+00  5.43263386e-02 
 8.78674321e+00  5.43325679e-02 
 8.79612027e+00  5.43387973e-02 
 8.80549734e+00  5.43450266e-02 
 8.81487440e+00  5.43512560e-02 
 8.82425147e+00  5.43574853e-02 
 8.83362853e+00  5.43637147e-02 
 8.84300560e+00  5.43699440e-02 
 8.85238267e+00  5.43761733e-02 
 8.86175973e+00  5.43824027e-02 
 8.87113680e+00  5.43886320e-02 
 8.88051386e+00  5.43948614e-02 
 8.88989093e+00  5.44010907e-02 
 8.89926799e+00  5.44073201e-02 
 8.90864506e+00  5.44135494e-02 
 8.91802212e+00  5.44197788e-02 
 8.92739919e+00  5.44260081e-02 
 8.93677625e+00  5.44322375e-02 
 8.94615332e+00  5.44384668e-02 
 8.95553038e+00  5.44446962e-02 
 8.96490745e+00  5.44509255e-02 
 8.97428452e+00  5.44571548e-02 
 8.98366158e+00  5.44633842e-02 
 8.99303865e+00  5.44696135e-02 
 9.00241571e+00  5.44758429e-02 
 9.01179278e+00  5.44820722e-02 
 9.02116984e+00  5.44883016e-02 
 9.03054691e+00  5.44945309e-02 
 9.03992397e+00  5.45007603e-02 
 9.04930104e+00  5.45069896e-02 
 9.05867810e+00  5.45132190e-02 
 9.06805517e+00  5.45194483e-02 
 9.07743224e+00  5.45256776e-02 
 9.08680930e+00  5.45319070e-02 
 9.09618637e+00  5.45381363e-02 
 9.10556343e+00  5.45443657e-02 
 9.11494050e+00  5.45505950e-02 
 9.12431756e+00  5.45568244e-02 
 9.13369463e+00  5.45630537e-02 
 9.14307169e+00  5.45692831e-02 
 9.15244876e+00  5.45755124e-02 
 9.16182582e+00  5.45817418e-02 
 9.17120289e+00  5.45879711e-02 
 9.18057995e+00  5.45942005e-02 
 9.18995702e+00  5.46004298e-02 
 9.19933409e+00  5.46066591e-02 
 9.20871115e+00  5.46128885e-02 
 9.21808822e+00  5.46191178e-02 
 9.22746528e+00  5.46253472e-02 
 9.23684235e+00  5.46315765e-02 
 9.24621941e+00  5.46378059e-02 
 9.25559648e+00  5.46440352e-02 
 9.26497354e+00  5.46502646e-02 
 9.27435061e+00  5.46564939e-02 
 9.28372767e+00  5.46627233e-02 
 9.29310474e+00  5.46689526e-02 
 9.30248181e+00  5.46751819e-02 
 9.31185887e+00  5.46814113e-02 
 9.32123594e+00  5.46876406e-02 
 9.33061300e+00  5.46938700e-02 
 9.33999007e+00  5.47000993e-02 
 9.34936713e+00  5.47063287e-02 
 9.35874420e+00  5.47125580e-02 
 9.36812126e+00  5.47187874e-02 
 9.37749833e+00  5.47250167e-02 
 9.38687539e+00  5.47312461e-02 
 9.39625246e+00  5.47374754e-02 
 9.40562952e+00  5.47437048e-02 
 9.41500659e+00  5.47499341e-02 
 9.42438366e+00  5.47561634e-02 
 9.43376072e+00  5.47623928e-02 
 9.44313779e+00  5.47686221e-02 
 9.45251485e+00  5.47748515e-02 
 9.46189192e+00  5.47810808e-02 
 9.47126898e+00  5.47873102e-02 
 9.48064605e+00  5.47935395e-02 
 9.49002311e+00  5.47997689e-02 
 9.49940018e+00  5.48059982e-02 
 9.50877724e+00  5.48122276e-02 
 9.51815431e+00  5.48184569e-02 
