 2.96775799e-03 -2.96775799e-05 
 6.24297185e-03  3.75702815e-05 
 9.50670039e-03  1.04932996e-04 
 1.27678332e-02  1.72321668e-04 
 1.60236526e-02  2.39763474e-04 
 1.92743235e-02  3.07256765e-04 
 2.25200078e-02  3.74799922e-04 
 2.57608592e-02  4.42391408e-04 
 2.89970247e-02  5.10029753e-04 
 3.22286449e-02  5.77713551e-04 
 3.54558543e-02  6.45441457e-04 
 3.86787814e-02  7.13212186e-04 
 4.18975497e-02  7.81024503e-04 
 4.51122771e-02  8.48877229e-04 
 4.83230770e-02  9.16769230e-04 
 5.15300580e-02  9.84699420e-04 
 5.47333244e-02  1.05266676e-03 
 5.79329765e-02  1.12067023e-03 
 6.11291105e-02  1.18870890e-03 
 6.43218189e-02  1.25678181e-03 
 6.75111909e-02  1.32488809e-03 
 7.06973120e-02  1.39302688e-03 
 7.38802648e-02  1.46119735e-03 
 7.70601287e-02  1.52939871e-03 
 8.02369802e-02  1.59763020e-03 
 8.34108933e-02  1.66589107e-03 
 8.65819391e-02  1.73418061e-03 
 8.97501863e-02  1.80249814e-03 
 9.29157013e-02  1.87084299e-03 
 9.60785479e-02  1.93921452e-03 
 9.92387883e-02  2.00761212e-03 
 1.02396482e-01  2.07603518e-03 
 1.05551687e-01  2.14448313e-03 
 1.08704459e-01  2.21295541e-03 
 1.11854852e-01  2.28145148e-03 
 1.15002919e-01  2.34997081e-03 
 1.18148710e-01  2.41851290e-03 
 1.21292274e-01  2.48707726e-03 
 1.24433659e-01  2.55566341e-03 
 1.27572911e-01  2.62427089e-03 
 1.30710074e-01  2.69289926e-03 
 1.33845192e-01  2.76154808e-03 
 1.36978308e-01  2.83021692e-03 
 1.40109460e-01  2.89890540e-03 
 1.43238690e-01  2.96761310e-03 
 1.46366036e-01  3.03633964e-03 
 1.49491534e-01  3.10508466e-03 
 1.52615222e-01  3.17384778e-03 
 1.55737134e-01  3.24262866e-03 
 1.58857304e-01  3.31142696e-03 
 1.61975767e-01  3.38024233e-03 
 1.65092553e-01  3.44907447e-03 
 1.68207696e-01  3.51792304e-03 
 1.71321224e-01  3.58678776e-03 
 1.74433169e-01  3.65566831e-03 
 1.77543559e-01  3.72456441e-03 
 1.80652422e-01  3.79347578e-03 
 1.83759785e-01  3.86240215e-03 
 1.86865677e-01  3.93134323e-03 
 1.89970122e-01  4.00029878e-03 
 1.93073146e-01  4.06926854e-03 
 1.96174774e-01  4.13825226e-03 
 1.99275031e-01  4.20724969e-03 
 2.02373939e-01  4.27626061e-03 
 2.05471521e-01  4.34528479e-03 
 2.08567801e-01  4.41432199e-03 
 2.11662799e-01  4.48337201e-03 
 2.14756538e-01  4.55243462e-03 
 2.17849038e-01  4.62150962e-03 
 2.20940320e-01  4.69059680e-03 
 2.24030403e-01  4.75969597e-03 
 2.27119307e-01  4.82880693e-03 
 2.30207050e-01  4.89792950e-03 
 2.33293652e-01  4.96706348e-03 
 2.36379130e-01  5.03620870e-03 
 2.39463502e-01  5.10536498e-03 
 2.42546785e-01  5.17453215e-03 
 2.45628997e-01  5.24371003e-03 
 2.48710154e-01  5.31289846e-03 
 2.51790271e-01  5.38209729e-03 
 2.54869365e-01  5.45130635e-03 
 2.57947452e-01  5.52052548e-03 
 2.61024546e-01  5.58975454e-03 
 2.64100662e-01  5.65899338e-03 
 2.67175815e-01  5.72824185e-03 
 2.70250019e-01  5.79749981e-03 
 2.73323288e-01  5.86676712e-03 
 2.76395636e-01  5.93604364e-03 
 2.79467075e-01  6.00532925e-03 
 2.82537619e-01  6.07462381e-03 
 2.85607281e-01  6.14392719e-03 
 2.88676073e-01  6.21323927e-03 
 2.91744007e-01  6.28255993e-03 
 2.94811097e-01  6.35188903e-03 
 2.97877352e-01  6.42122648e-03 
 3.00942786e-01  6.49057214e-03 
 3.04007409e-01  6.55992591e-03 
 3.07071232e-01  6.62928768e-03 
 3.10134267e-01  6.69865733e-03 
 3.13196524e-01  6.76803476e-03 
 3.16258013e-01  6.83741987e-03 
 3.19318746e-01  6.90681254e-03 
 3.22378731e-01  6.97621269e-03 
 3.25437980e-01  7.04562020e-03 
 3.28496501e-01  7.11503499e-03 
 3.31554304e-01  7.18445696e-03 
 3.34611400e-01  7.25388600e-03 
 3.37667796e-01  7.32332204e-03 
 3.40723502e-01  7.39276498e-03 
 3.43778526e-01  7.46221474e-03 
 3.46832879e-01  7.53167121e-03 
 3.49886567e-01  7.60113433e-03 
 3.52939601e-01  7.67060399e-03 
 3.55991987e-01  7.74008013e-03 
 3.59043734e-01  7.80956266e-03 
 3.62094850e-01  7.87905150e-03 
 3.65145343e-01  7.94854657e-03 
 3.68195220e-01  8.01804780e-03 
 3.71244490e-01  8.08755510e-03 
 3.74293159e-01  8.15706841e-03 
 3.77341236e-01  8.22658764e-03 
 3.80388726e-01  8.29611274e-03 
 3.83435638e-01  8.36564362e-03 
 3.86481979e-01  8.43518021e-03 
 3.89527754e-01  8.50472246e-03 
 3.92572971e-01  8.57427029e-03 
 3.95617637e-01  8.64382363e-03 
 3.98661758e-01  8.71338242e-03 
 4.01705341e-01  8.78294659e-03 
 4.04748392e-01  8.85251608e-03 
 4.07790916e-01  8.92209084e-03 
 4.10832921e-01  8.99167079e-03 
 4.13874413e-01  9.06125587e-03 
 4.16915396e-01  9.13084604e-03 
 4.19955878e-01  9.20044122e-03 
 4.22995864e-01  9.27004136e-03 
 4.26035359e-01  9.33964641e-03 
 4.29074369e-01  9.40925631e-03 
 4.32112900e-01  9.47887100e-03 
 4.35150957e-01  9.54849043e-03 
 4.38188546e-01  9.61811454e-03 
 4.41225671e-01  9.68774329e-03 
 4.44262339e-01  9.75737661e-03 
 4.47298553e-01  9.82701447e-03 
 4.50334319e-01  9.89665681e-03 
 4.53369642e-01  9.96630358e-03 
 4.56404528e-01  1.00359547e-02 
 4.59438979e-01  1.01056102e-02 
 4.62473003e-01  1.01752700e-02 
 4.65506602e-01  1.02449340e-02 
 4.68539783e-01  1.03146022e-02 
 4.71572548e-01  1.03842745e-02 
 4.74604904e-01  1.04539510e-02 
 4.77636854e-01  1.05236315e-02 
 4.80668402e-01  1.05933160e-02 
 4.83699554e-01  1.06630045e-02 
 4.86730312e-01  1.07326969e-02 
 4.89760682e-01  1.08023932e-02 
 4.92790668e-01  1.08720933e-02 
 4.95820273e-01  1.09417973e-02 
 4.98849501e-01  1.10115050e-02 
 5.01878358e-01  1.10812164e-02 
 5.04906846e-01  1.11509315e-02 
 5.07934969e-01  1.12206503e-02 
 5.10962731e-01  1.12903727e-02 
 5.13990136e-01  1.13600986e-02 
 5.17017188e-01  1.14298281e-02 
 5.20043891e-01  1.14995611e-02 
 5.23070247e-01  1.15692975e-02 
 5.26096261e-01  1.16390374e-02 
 5.29121936e-01  1.17087806e-02 
 5.32147276e-01  1.17785272e-02 
 5.35172283e-01  1.18482772e-02 
 5.38196962e-01  1.19180304e-02 
 5.41221316e-01  1.19877868e-02 
 5.44245348e-01  1.20575465e-02 
 5.47269061e-01  1.21273094e-02 
 5.50292459e-01  1.21970754e-02 
 5.53315545e-01  1.22668445e-02 
 5.56338322e-01  1.23366168e-02 
 5.59360793e-01  1.24063921e-02 
 5.62382961e-01  1.24761704e-02 
 5.65404829e-01  1.25459517e-02 
 5.68426400e-01  1.26157360e-02 
 5.71447678e-01  1.26855232e-02 
 5.74468665e-01  1.27553134e-02 
 5.77489363e-01  1.28251064e-02 
 5.80509777e-01  1.28949022e-02 
 5.83529909e-01  1.29647009e-02 
 5.86549761e-01  1.30345024e-02 
 5.89569336e-01  1.31043066e-02 
 5.92588638e-01  1.31741136e-02 
 5.95607668e-01  1.32439233e-02 
 5.98626430e-01  1.33137357e-02 
 6.01644926e-01  1.33835507e-02 
 6.04663159e-01  1.34533684e-02 
 6.07681131e-01  1.35231887e-02 
 6.10698845e-01  1.35930115e-02 
 6.13716304e-01  1.36628370e-02 
 6.16733509e-01  1.37326649e-02 
 6.19750464e-01  1.38024954e-02 
 6.22767171e-01  1.38723283e-02 
 6.25783633e-01  1.39421637e-02 
 6.28799851e-01  1.40120015e-02 
 6.31815828e-01  1.40818417e-02 
 6.34831567e-01  1.41516843e-02 
 6.37847069e-01  1.42215293e-02 
 6.40862338e-01  1.42913766e-02 
 6.43877375e-01  1.43612262e-02 
 6.46892183e-01  1.44310782e-02 
 6.49906764e-01  1.45009324e-02 
 6.52921119e-01  1.45707888e-02 
 6.55935253e-01  1.46406475e-02 
 6.58949165e-01  1.47105083e-02 
 6.61962859e-01  1.47803714e-02 
 6.64976337e-01  1.48502366e-02 
 6.67989601e-01  1.49201040e-02 
 6.71002653e-01  1.49899735e-02 
 6.74015495e-01  1.50598450e-02 
 6.77028129e-01  1.51297187e-02 
 6.80040557e-01  1.51995944e-02 
 6.83052781e-01  1.52694722e-02 
 6.86064803e-01  1.53393520e-02 
 6.89076625e-01  1.54092337e-02 
 6.92088249e-01  1.54791175e-02 
 6.95099677e-01  1.55490032e-02 
 6.98110911e-01  1.56188909e-02 
 7.01121953e-01  1.56887805e-02 
 7.04132804e-01  1.57586720e-02 
 7.07143467e-01  1.58285653e-02 
 7.10153943e-01  1.58984606e-02 
 7.13164234e-01  1.59683577e-02 
 7.16174342e-01  1.60382566e-02 
 7.19184269e-01  1.61081573e-02 
 7.22194016e-01  1.61780598e-02 
 7.25203586e-01  1.62479641e-02 
 7.28212979e-01  1.63178702e-02 
 7.31222199e-01  1.63877780e-02 
 7.34231245e-01  1.64576875e-02 
 7.37240121e-01  1.65275988e-02 
 7.40248828e-01  1.65975117e-02 
 7.43257368e-01  1.66674263e-02 
 7.46265741e-01  1.67373426e-02 
 7.49273951e-01  1.68072605e-02 
 7.52281998e-01  1.68771800e-02 
 7.55289883e-01  1.69471012e-02 
 7.58297610e-01  1.70170239e-02 
 7.61305179e-01  1.70869482e-02 
 7.64312592e-01  1.71568741e-02 
 7.67319850e-01  1.72268015e-02 
 7.70326955e-01  1.72967304e-02 
 7.73333909e-01  1.73666609e-02 
 7.76340712e-01  1.74365929e-02 
 7.79347368e-01  1.75065263e-02 
 7.82353876e-01  1.75764612e-02 
 7.85360239e-01  1.76463976e-02 
 7.88366458e-01  1.77163354e-02 
 7.91372534e-01  1.77862747e-02 
 7.94378470e-01  1.78562153e-02 
 7.97384266e-01  1.79261573e-02 
 8.00389923e-01  1.79961008e-02 
 8.03395444e-01  1.80660456e-02 
 8.06400830e-01  1.81359917e-02 
 8.09406081e-01  1.82059392e-02 
 8.12411201e-01  1.82758880e-02 
 8.15416189e-01  1.83458381e-02 
 8.18421047e-01  1.84157895e-02 
 8.21425777e-01  1.84857422e-02 
 8.24430380e-01  1.85556962e-02 
 8.27434857e-01  1.86256514e-02 
 8.30439210e-01  1.86956079e-02 
 8.33443440e-01  1.87655656e-02 
 8.36447548e-01  1.88355245e-02 
 8.39451536e-01  1.89054846e-02 
 8.42455405e-01  1.89754460e-02 
 8.45459156e-01  1.90454084e-02 
 8.48462790e-01  1.91153721e-02 
 8.51466309e-01  1.91853369e-02 
 8.54469715e-01  1.92553029e-02 
 8.57473007e-01  1.93252699e-02 
 8.60476188e-01  1.93952381e-02 
 8.63479259e-01  1.94652074e-02 
 8.66482221e-01  1.95351778e-02 
 8.69485075e-01  1.96051493e-02 
 8.72487822e-01  1.96751218e-02 
 8.75490465e-01  1.97450954e-02 
 8.78493003e-01  1.98150700e-02 
 8.81495438e-01  1.98850456e-02 
 8.84497771e-01  1.99550223e-02 
 8.87500004e-01  2.00250000e-02 
 8.90502138e-01  2.00949786e-02 
 8.93504173e-01  2.01649583e-02 
 8.96506111e-01  2.02349389e-02 
 8.99507954e-01  2.03049205e-02 
 9.02509701e-01  2.03749030e-02 
 9.05511355e-01  2.04448864e-02 
 9.08512917e-01  2.05148708e-02 
 9.11514387e-01  2.05848561e-02 
 9.14515767e-01  2.06548423e-02 
 9.17517058e-01  2.07248294e-02 
 9.20518261e-01  2.07948174e-02 
 9.23519377e-01  2.08648062e-02 
 9.26520407e-01  2.09347959e-02 
 9.29521353e-01  2.10047865e-02 
 9.32522215e-01  2.10747778e-02 
 9.35522995e-01  2.11447701e-02 
 9.38523693e-01  2.12147631e-02 
 9.41524311e-01  2.12847569e-02 
 9.44524849e-01  2.13547515e-02 
 9.47525309e-01  2.14247469e-02 
 9.50525693e-01  2.14947431e-02 
 9.53526000e-01  2.15647400e-02 
 9.56526232e-01  2.16347377e-02 
 9.59526389e-01  2.17047361e-02 
 9.62526474e-01  2.17747353e-02 
 9.65526487e-01  2.18447351e-02 
 9.68526429e-01  2.19147357e-02 
 9.71526302e-01  2.19847370e-02 
 9.74526105e-01  2.20547390e-02 
 9.77525840e-01  2.21247416e-02 
 9.80525509e-01  2.21947449e-02 
 9.83525112e-01  2.22647489e-02 
 9.86524649e-01  2.23347535e-02 
 9.89524123e-01  2.24047588e-02 
 9.92523535e-01  2.24747647e-02 
 9.95522884e-01  2.25447712e-02 
 9.98522172e-01  2.26147783e-02 
 1.00152140e+00  2.26847860e-02 
 1.00452057e+00  2.27547943e-02 
 1.00751968e+00  2.28248032e-02 
 1.01051874e+00  2.28948126e-02 
 1.01351774e+00  2.29648226e-02 
 1.01651668e+00  2.30348332e-02 
 1.01951557e+00  2.31048443e-02 
 1.02251441e+00  2.31748559e-02 
 1.02551319e+00  2.32448681e-02 
 1.02851192e+00  2.33148808e-02 
 1.03151061e+00  2.33848939e-02 
 1.03450924e+00  2.34549076e-02 
 1.03750783e+00  2.35249217e-02 
 1.04050636e+00  2.35949364e-02 
 1.04350485e+00  2.36649515e-02 
 1.04650330e+00  2.37349670e-02 
 1.04950170e+00  2.38049830e-02 
 1.05250006e+00  2.38749994e-02 
 1.05549837e+00  2.39450163e-02 
 1.05849665e+00  2.40150335e-02 
 1.06149488e+00  2.40850512e-02 
 1.06449307e+00  2.41550693e-02 
 1.06749122e+00  2.42250878e-02 
 1.07048934e+00  2.42951066e-02 
 1.07348742e+00  2.43651258e-02 
 1.07648546e+00  2.44351454e-02 
 1.07948346e+00  2.45051654e-02 
 1.08248144e+00  2.45751856e-02 
 1.08547937e+00  2.46452063e-02 
 1.08847728e+00  2.47152272e-02 
 1.09147515e+00  2.47852485e-02 
 1.09447299e+00  2.48552701e-02 
 1.09747081e+00  2.49252919e-02 
 1.10046859e+00  2.49953141e-02 
 1.10346634e+00  2.50653366e-02 
 1.10646407e+00  2.51353593e-02 
 1.10946177e+00  2.52053823e-02 
 1.11245945e+00  2.52754055e-02 
 1.11545710e+00  2.53454290e-02 
 1.11845473e+00  2.54154527e-02 
 1.12145233e+00  2.54854767e-02 
 1.12444991e+00  2.55555009e-02 
 1.12744747e+00  2.56255253e-02 
 1.13044502e+00  2.56955498e-02 
 1.13344254e+00  2.57655746e-02 
 1.13644004e+00  2.58355996e-02 
 1.13943753e+00  2.59056247e-02 
 1.14243499e+00  2.59756501e-02 
 1.14543245e+00  2.60456755e-02 
 1.14842988e+00  2.61157012e-02 
 1.15142731e+00  2.61857269e-02 
 1.15442472e+00  2.62557528e-02 
 1.15742212e+00  2.63257788e-02 
 1.16041950e+00  2.63958050e-02 
 1.16341688e+00  2.64658312e-02 
 1.16641425e+00  2.65358575e-02 
 1.16941160e+00  2.66058840e-02 
 1.17240895e+00  2.66759105e-02 
 1.17540630e+00  2.67459370e-02 
 1.17840363e+00  2.68159637e-02 
 1.18140096e+00  2.68859904e-02 
 1.18439829e+00  2.69560171e-02 
 1.18739561e+00  2.70260439e-02 
 1.19039293e+00  2.70960707e-02 
 1.19339025e+00  2.71660975e-02 
 1.19638757e+00  2.72361243e-02 
 1.19938488e+00  2.73061512e-02 
 1.20238220e+00  2.73761780e-02 
 1.20537952e+00  2.74462048e-02 
 1.20837684e+00  2.75162316e-02 
 1.21137417e+00  2.75862583e-02 
 1.21437150e+00  2.76562850e-02 
 1.21736883e+00  2.77263117e-02 
 1.22036617e+00  2.77963383e-02 
 1.22336352e+00  2.78663648e-02 
 1.22636087e+00  2.79363913e-02 
 1.22935824e+00  2.80064176e-02 
 1.23235561e+00  2.80764439e-02 
 1.23535299e+00  2.81464701e-02 
 1.23835039e+00  2.82164961e-02 
 1.24134779e+00  2.82865221e-02 
 1.24434521e+00  2.83565479e-02 
 1.24734264e+00  2.84265736e-02 
 1.25034009e+00  2.84965991e-02 
 1.25333755e+00  2.85666245e-02 
 1.25633503e+00  2.86366497e-02 
 1.25933253e+00  2.87066747e-02 
 1.26233005e+00  2.87766995e-02 
 1.26532758e+00  2.88467242e-02 
 1.26832514e+00  2.89167486e-02 
 1.27132271e+00  2.89867729e-02 
 1.27432031e+00  2.90567969e-02 
 1.27731793e+00  2.91268207e-02 
 1.28031557e+00  2.91968443e-02 
 1.28331324e+00  2.92668676e-02 
 1.28631093e+00  2.93368907e-02 
 1.28930865e+00  2.94069135e-02 
 1.29230640e+00  2.94769360e-02 
 1.29530418e+00  2.95469582e-02 
 1.29830198e+00  2.96169802e-02 
 1.30129981e+00  2.96870019e-02 
 1.30429768e+00  2.97570232e-02 
 1.30729557e+00  2.98270443e-02 
 1.31029350e+00  2.98970650e-02 
 1.31329146e+00  2.99670854e-02 
 1.31628946e+00  3.00371054e-02 
 1.31928749e+00  3.01071251e-02 
 1.32228556e+00  3.01771444e-02 
 1.32528367e+00  3.02471633e-02 
 1.32828181e+00  3.03171819e-02 
 1.33127999e+00  3.03872001e-02 
 1.33427822e+00  3.04572178e-02 
 1.33727648e+00  3.05272352e-02 
 1.34027478e+00  3.05972522e-02 
 1.34327313e+00  3.06672687e-02 
 1.34627153e+00  3.07372847e-02 
 1.34926996e+00  3.08073004e-02 
 1.35226844e+00  3.08773156e-02 
 1.35526697e+00  3.09473303e-02 
 1.35826555e+00  3.10173445e-02 
 1.36126417e+00  3.10873583e-02 
 1.36426285e+00  3.11573715e-02 
 1.36726157e+00  3.12273843e-02 
 1.37026035e+00  3.12973965e-02 
 1.37325918e+00  3.13674082e-02 
 1.37625806e+00  3.14374194e-02 
 1.37925700e+00  3.15074300e-02 
 1.38225599e+00  3.15774401e-02 
 1.38525503e+00  3.16474497e-02 
 1.38825414e+00  3.17174586e-02 
 1.39125330e+00  3.17874670e-02 
 1.39425252e+00  3.18574748e-02 
 1.39725181e+00  3.19274819e-02 
 1.40025115e+00  3.19974885e-02 
 1.40325056e+00  3.20674944e-02 
 1.40625002e+00  3.21374998e-02 
 1.40924956e+00  3.22075044e-02 
 1.41224916e+00  3.22775084e-02 
 1.41524882e+00  3.23475118e-02 
 1.41824855e+00  3.24175145e-02 
 1.42124836e+00  3.24875164e-02 
 1.42424823e+00  3.25575177e-02 
 1.42724817e+00  3.26275183e-02 
 1.43024818e+00  3.26975182e-02 
 1.43324826e+00  3.27675174e-02 
 1.43624842e+00  3.28375158e-02 
 1.43924865e+00  3.29075135e-02 
 1.44224896e+00  3.29775104e-02 
 1.44524935e+00  3.30475065e-02 
 1.44824981e+00  3.31175019e-02 
 1.45125035e+00  3.31874965e-02 
 1.45425098e+00  3.32574902e-02 
 1.45725168e+00  3.33274832e-02 
 1.46025247e+00  3.33974753e-02 
 1.46325334e+00  3.34674666e-02 
 1.46625429e+00  3.35374571e-02 
 1.46925533e+00  3.36074467e-02 
 1.47225646e+00  3.36774354e-02 
 1.47525767e+00  3.37474233e-02 
 1.47825897e+00  3.38174103e-02 
 1.48126037e+00  3.38873963e-02 
 1.48426185e+00  3.39573815e-02 
 1.48726343e+00  3.40273657e-02 
 1.49026510e+00  3.40973490e-02 
 1.49326687e+00  3.41673313e-02 
 1.49626873e+00  3.42373127e-02 
 1.49927069e+00  3.43072931e-02 
 1.50227274e+00  3.43772726e-02 
 1.50527490e+00  3.44472510e-02 
 1.50827716e+00  3.45172284e-02 
 1.51127952e+00  3.45872048e-02 
 1.51428198e+00  3.46571802e-02 
 1.51728454e+00  3.47271546e-02 
 1.52028722e+00  3.47971278e-02 
 1.52329000e+00  3.48671000e-02 
 1.52629288e+00  3.49370712e-02 
 1.52929588e+00  3.50070412e-02 
 1.53229899e+00  3.50770101e-02 
 1.53530221e+00  3.51469779e-02 
 1.53830554e+00  3.52169446e-02 
 1.54130899e+00  3.52869101e-02 
 1.54431255e+00  3.53568745e-02 
 1.54731623e+00  3.54268377e-02 
 1.55032003e+00  3.54967997e-02 
 1.55332395e+00  3.55667605e-02 
 1.55632799e+00  3.56367201e-02 
 1.55933215e+00  3.57066785e-02 
 1.56233644e+00  3.57766356e-02 
 1.56534085e+00  3.58465915e-02 
 1.56834538e+00  3.59165462e-02 
 1.57135005e+00  3.59864995e-02 
 1.57435484e+00  3.60564516e-02 
 1.57735977e+00  3.61264023e-02 
 1.58036483e+00  3.61963517e-02 
 1.58337002e+00  3.62662998e-02 
 1.58637535e+00  3.63362465e-02 
 1.58938081e+00  3.64061919e-02 
 1.59238641e+00  3.64761359e-02 
 1.59539215e+00  3.65460785e-02 
 1.59839803e+00  3.66160197e-02 
 1.60140405e+00  3.66859595e-02 
 1.60441022e+00  3.67558978e-02 
 1.60741653e+00  3.68258347e-02 
 1.61042299e+00  3.68957701e-02 
 1.61342960e+00  3.69657040e-02 
 1.61643636e+00  3.70356364e-02 
 1.61944327e+00  3.71055673e-02 
 1.62245033e+00  3.71754967e-02 
 1.62545755e+00  3.72454245e-02 
 1.62846492e+00  3.73153508e-02 
 1.63147245e+00  3.73852755e-02 
 1.63448014e+00  3.74551986e-02 
 1.63748799e+00  3.75251201e-02 
 1.64049601e+00  3.75950399e-02 
 1.64350419e+00  3.76649581e-02 
 1.64651253e+00  3.77348747e-02 
 1.64952105e+00  3.78047895e-02 
 1.65252973e+00  3.78747027e-02 
 1.65553858e+00  3.79446142e-02 
 1.65854761e+00  3.80145239e-02 
 1.66155681e+00  3.80844319e-02 
 1.66456619e+00  3.81543381e-02 
 1.66757575e+00  3.82242425e-02 
 1.67058549e+00  3.82941451e-02 
 1.67359541e+00  3.83640459e-02 
 1.67660551e+00  3.84339449e-02 
 1.67961580e+00  3.85038420e-02 
 1.68262628e+00  3.85737372e-02 
 1.68563694e+00  3.86436306e-02 
 1.68864780e+00  3.87135220e-02 
 1.69165885e+00  3.87834115e-02 
 1.69467010e+00  3.88532990e-02 
 1.69768154e+00  3.89231846e-02 
 1.70069318e+00  3.89930682e-02 
 1.70370503e+00  3.90629497e-02 
 1.70671707e+00  3.91328293e-02 
 1.70972933e+00  3.92027067e-02 
 1.71274179e+00  3.92725821e-02 
 1.71575445e+00  3.93424555e-02 
 1.71876733e+00  3.94123267e-02 
 1.72178043e+00  3.94821957e-02 
 1.72479374e+00  3.95520626e-02 
 1.72780727e+00  3.96219273e-02 
 1.73082101e+00  3.96917899e-02 
 1.73383498e+00  3.97616502e-02 
 1.73684918e+00  3.98315082e-02 
 1.73986360e+00  3.99013640e-02 
 1.74287825e+00  3.99712175e-02 
 1.74589313e+00  4.00410687e-02 
 1.74890824e+00  4.01109176e-02 
 1.75192359e+00  4.01807641e-02 
 1.75493918e+00  4.02506082e-02 
 1.75795501e+00  4.03204499e-02 
 1.76097109e+00  4.03902891e-02 
 1.76398740e+00  4.04601260e-02 
 1.76700397e+00  4.05299603e-02 
 1.77002079e+00  4.05997921e-02 
 1.77303786e+00  4.06696214e-02 
 1.77605518e+00  4.07394482e-02 
 1.77907276e+00  4.08092724e-02 
 1.78209061e+00  4.08790939e-02 
 1.78510872e+00  4.09489128e-02 
 1.78812709e+00  4.10187291e-02 
 1.79114573e+00  4.10885427e-02 
 1.79416465e+00  4.11583535e-02 
 1.79718383e+00  4.12281617e-02 
 1.80020330e+00  4.12979670e-02 
 1.80322304e+00  4.13677696e-02 
 1.80624307e+00  4.14375693e-02 
 1.80926338e+00  4.15073662e-02 
 1.81228399e+00  4.15771601e-02 
 1.81530488e+00  4.16469512e-02 
 1.81832607e+00  4.17167393e-02 
 1.82134755e+00  4.17865245e-02 
 1.82436933e+00  4.18563067e-02 
 1.82739142e+00  4.19260858e-02 
 1.83041382e+00  4.19958618e-02 
 1.83343652e+00  4.20656348e-02 
 1.83645954e+00  4.21354046e-02 
 1.83948288e+00  4.22051712e-02 
 1.84250653e+00  4.22749347e-02 
 1.84553051e+00  4.23446949e-02 
 1.84855481e+00  4.24144519e-02 
 1.85157944e+00  4.24842056e-02 
 1.85460441e+00  4.25539559e-02 
 1.85762971e+00  4.26237029e-02 
 1.86065535e+00  4.26934465e-02 
 1.86368134e+00  4.27631866e-02 
 1.86670767e+00  4.28329233e-02 
 1.86973435e+00  4.29026565e-02 
 1.87276139e+00  4.29723861e-02 
 1.87578879e+00  4.30421121e-02 
 1.87881655e+00  4.31118345e-02 
 1.88184467e+00  4.31815533e-02 
 1.88487317e+00  4.32512683e-02 
 1.88790204e+00  4.33209796e-02 
 1.89093128e+00  4.33906872e-02 
 1.89396091e+00  4.34603909e-02 
 1.89699093e+00  4.35300907e-02 
 1.90002133e+00  4.35997867e-02 
 1.90305213e+00  4.36694787e-02 
 1.90608333e+00  4.37391667e-02 
 1.90911494e+00  4.38088506e-02 
 1.91214695e+00  4.38785305e-02 
 1.91517937e+00  4.39482063e-02 
 1.91821221e+00  4.40178779e-02 
 1.92124547e+00  4.40875453e-02 
 1.92427915e+00  4.41572085e-02 
 1.92731327e+00  4.42268673e-02 
 1.93034782e+00  4.42965218e-02 
 1.93338282e+00  4.43661718e-02 
 1.93641826e+00  4.44358174e-02 
 1.93945414e+00  4.45054586e-02 
 1.94249049e+00  4.45750951e-02 
 1.94552729e+00  4.46447271e-02 
 1.94856456e+00  4.47143544e-02 
 1.95160230e+00  4.47839770e-02 
 1.95464052e+00  4.48535948e-02 
 1.95767922e+00  4.49232078e-02 
 1.96071841e+00  4.49928159e-02 
 1.96375809e+00  4.50624191e-02 
 1.96679827e+00  4.51320173e-02 
 1.96983895e+00  4.52016105e-02 
 1.97288015e+00  4.52711985e-02 
 1.97592186e+00  4.53407814e-02 
 1.97896409e+00  4.54103591e-02 
 1.98200685e+00  4.54799315e-02 
 1.98505015e+00  4.55494985e-02 
 1.98809399e+00  4.56190601e-02 
 1.99113838e+00  4.56886162e-02 
 1.99418332e+00  4.57581668e-02 
 1.99722882e+00  4.58277118e-02 
 2.00027489e+00  4.58972511e-02 
 2.00332154e+00  4.59667846e-02 
 2.00636877e+00  4.60363123e-02 
 2.00941658e+00  4.61058342e-02 
 2.01246500e+00  4.61753500e-02 
 2.01551401e+00  4.62448599e-02 
 2.01856364e+00  4.63143636e-02 
 2.02161389e+00  4.63838611e-02 
 2.02466476e+00  4.64533524e-02 
 2.02771627e+00  4.65228373e-02 
 2.03076842e+00  4.65923158e-02 
 2.03382122e+00  4.66617878e-02 
 2.03687468e+00  4.67312532e-02 
 2.03992881e+00  4.68007119e-02 
 2.04298361e+00  4.68701639e-02 
 2.04603910e+00  4.69396090e-02 
 2.04909529e+00  4.70090471e-02 
 2.05215217e+00  4.70784783e-02 
 2.05520977e+00  4.71479023e-02 
 2.05826809e+00  4.72173191e-02 
 2.06132714e+00  4.72867286e-02 
 2.06438693e+00  4.73561307e-02 
 2.06744747e+00  4.74255253e-02 
 2.07050877e+00  4.74949123e-02 
 2.07357084e+00  4.75642916e-02 
 2.07663370e+00  4.76336630e-02 
 2.07969734e+00  4.77030266e-02 
 2.08276179e+00  4.77723821e-02 
 2.08582706e+00  4.78417294e-02 
 2.08889315e+00  4.79110685e-02 
 2.09196007e+00  4.79803993e-02 
 2.09502785e+00  4.80497215e-02 
 2.09809649e+00  4.81190351e-02 
 2.10116600e+00  4.81883400e-02 
 2.10423639e+00  4.82576361e-02 
 2.10730769e+00  4.83269231e-02 
 2.11037989e+00  4.83962011e-02 
 2.11345302e+00  4.84654698e-02 
 2.11652709e+00  4.85347291e-02 
 2.11960211e+00  4.86039789e-02 
 2.12267810e+00  4.86732190e-02 
 2.12575506e+00  4.87424494e-02 
 2.12883302e+00  4.88116698e-02 
 2.13191200e+00  4.88808800e-02 
 2.13499199e+00  4.89500801e-02 
 2.13807303e+00  4.90192697e-02 
 2.14115513e+00  4.90884487e-02 
 2.14423830e+00  4.91576170e-02 
 2.14732256e+00  4.92267744e-02 
 2.15040793e+00  4.92959207e-02 
 2.15349442e+00  4.93650558e-02 
 2.15658206e+00  4.94341794e-02 
 2.15967086e+00  4.95032914e-02 
 2.16276083e+00  4.95723917e-02 
 2.16585201e+00  4.96414799e-02 
 2.16894440e+00  4.97105560e-02 
 2.17203804e+00  4.97796196e-02 
 2.17513293e+00  4.98486707e-02 
 2.17822910e+00  4.99177090e-02 
 2.18132658e+00  4.99867342e-02 
 2.18442537e+00  5.00557463e-02 
 2.18752552e+00  5.01247448e-02 
 2.19062703e+00  5.01937297e-02 
 2.19372994e+00  5.02627006e-02 
 2.19683426e+00  5.03316574e-02 
 2.19994003e+00  5.04005997e-02 
 2.20304726e+00  5.04695274e-02 
 2.20615599e+00  5.05384401e-02 
 2.20926624e+00  5.06073376e-02 
 2.21237804e+00  5.06762196e-02 
 2.21549141e+00  5.07450859e-02 
 2.21860639e+00  5.08139361e-02 
 2.22172301e+00  5.08827699e-02 
 2.22484129e+00  5.09515871e-02 
 2.22796127e+00  5.10203873e-02 
 2.23108298e+00  5.10891702e-02 
 2.23420645e+00  5.11579355e-02 
 2.23733172e+00  5.12266828e-02 
 2.24045883e+00  5.12954117e-02 
 2.24358780e+00  5.13641220e-02 
 2.24671867e+00  5.14328133e-02 
 2.24985149e+00  5.15014851e-02 
 2.25298630e+00  5.15701370e-02 
 2.25612313e+00  5.16387687e-02 
 2.25926202e+00  5.17073798e-02 
 2.26240302e+00  5.17759698e-02 
 2.26554617e+00  5.18445383e-02 
 2.26869153e+00  5.19130847e-02 
 2.27183912e+00  5.19816088e-02 
 2.27498901e+00  5.20501099e-02 
 2.27814125e+00  5.21185875e-02 
 2.28129588e+00  5.21870412e-02 
 2.28445296e+00  5.22554704e-02 
 2.28761254e+00  5.23238746e-02 
 2.29077468e+00  5.23922532e-02 
 2.29393945e+00  5.24606055e-02 
 2.29710689e+00  5.25289311e-02 
 2.30027707e+00  5.25972293e-02 
 2.30345006e+00  5.26654994e-02 
 2.30662593e+00  5.27337407e-02 
 2.30980474e+00  5.28019526e-02 
 2.31298657e+00  5.28701343e-02 
 2.31617149e+00  5.29382851e-02 
 2.31935958e+00  5.30064042e-02 
 2.32255091e+00  5.30744909e-02 
 2.32574558e+00  5.31425442e-02 
 2.32894366e+00  5.32105634e-02 
 2.33214525e+00  5.32785475e-02 
 2.33535044e+00  5.33464956e-02 
 2.33855933e+00  5.34144067e-02 
 2.34177201e+00  5.34822799e-02 
 2.34498860e+00  5.35501140e-02 
 2.34820920e+00  5.36179080e-02 
 2.35143392e+00  5.36856608e-02 
 2.35466288e+00  5.37533712e-02 
 2.35789620e+00  5.38210380e-02 
 2.36113402e+00  5.38886598e-02 
 2.36437646e+00  5.39562354e-02 
 2.36762366e+00  5.40237634e-02 
 2.37087578e+00  5.40912422e-02 
 2.37413295e+00  5.41586705e-02 
 2.37739535e+00  5.42260465e-02 
 2.38066314e+00  5.42933686e-02 
 2.38393648e+00  5.43606352e-02 
 2.38721557e+00  5.44278443e-02 
 2.39050059e+00  5.44949941e-02 
 2.39379175e+00  5.45620825e-02 
 2.39708925e+00  5.46291075e-02 
 2.40039332e+00  5.46960668e-02 
 2.40370419e+00  5.47629581e-02 
 2.40702211e+00  5.48297789e-02 
 2.41034732e+00  5.48965268e-02 
 2.41368010e+00  5.49631990e-02 
 2.41702075e+00  5.50297925e-02 
 2.42036955e+00  5.50963045e-02 
 2.42372683e+00  5.51627317e-02 
 2.42709293e+00  5.52290707e-02 
 2.43046820e+00  5.52953180e-02 
 2.43385303e+00  5.53614697e-02 
 2.43724780e+00  5.54275220e-02 
 2.44065296e+00  5.54934704e-02 
 2.44406894e+00  5.55593106e-02 
 2.44749624e+00  5.56250376e-02 
 2.45093536e+00  5.56906464e-02 
 2.45438685e+00  5.57561315e-02 
 2.45785130e+00  5.58214870e-02 
 2.46132933e+00  5.58867067e-02 
 2.46482160e+00  5.59517840e-02 
 2.46832883e+00  5.60167117e-02 
 2.47185179e+00  5.60814821e-02 
 2.47539130e+00  5.61460870e-02 
 2.47894826e+00  5.62105174e-02 
 2.48252361e+00  5.62747639e-02 
 2.48611839e+00  5.63388161e-02 
 2.48973372e+00  5.64026628e-02 
 2.49337081e+00  5.64662919e-02 
 2.49703096e+00  5.65296904e-02 
 2.50071560e+00  5.65928440e-02 
 2.50442629e+00  5.66557371e-02 
 2.50816472e+00  5.67183528e-02 
 2.51193273e+00  5.67806727e-02 
 2.51573235e+00  5.68426765e-02 
 2.51956580e+00  5.69043420e-02 
 2.52343551e+00  5.69656449e-02 
 2.52734419e+00  5.70265581e-02 
 2.53129478e+00  5.70870522e-02 
 2.53529056e+00  5.71470944e-02 
 2.53933517e+00  5.72066483e-02 
 2.54343263e+00  5.72656737e-02 
 2.54758742e+00  5.73241258e-02 
 2.55180452e+00  5.73819548e-02 
 2.55608948e+00  5.74391052e-02 
 2.56044850e+00  5.74955150e-02 
 2.56488850e+00  5.75511150e-02 
 2.56941719e+00  5.76058281e-02 
 2.57404318e+00  5.76595682e-02 
 2.57877604e+00  5.77122396e-02 
 2.58362641e+00  5.77637359e-02 
 2.58860599e+00  5.78139401e-02 
 2.59372761e+00  5.78627239e-02 
 2.59900516e+00  5.79099484e-02 
 2.60445346e+00  5.79554654e-02 
 2.61008797e+00  5.79991203e-02 
 2.61592437e+00  5.80407563e-02 
 2.62197791e+00  5.80802209e-02 
 2.62826256e+00  5.81173744e-02 
 2.63478995e+00  5.81521005e-02 
 2.64156825e+00  5.81843175e-02 
 2.64860106e+00  5.82139894e-02 
 2.65588666e+00  5.82411334e-02 
 2.66341767e+00  5.82658233e-02 
 2.67118133e+00  5.82881867e-02 
 2.67916041e+00  5.83083959e-02 
 2.68733453e+00  5.83266547e-02 
 2.69568167e+00  5.83431833e-02 
 2.70417955e+00  5.83582045e-02 
 2.71280685e+00  5.83719315e-02 
 2.72154391e+00  5.83845609e-02 
 2.73037322e+00  5.83962678e-02 
 2.73927957e+00  5.84072043e-02 
 2.74824994e+00  5.84175006e-02 
 2.75727339e+00  5.84272661e-02 
 2.76634077e+00  5.84365923e-02 
 2.77544450e+00  5.84455550e-02 
 2.78457832e+00  5.84542168e-02 
 2.79373706e+00  5.84626294e-02 
 2.80291646e+00  5.84708354e-02 
 2.81211302e+00  5.84788698e-02 
 2.82132384e+00  5.84867616e-02 
 2.83054654e+00  5.84945346e-02 
 2.83977912e+00  5.85022088e-02 
 2.84901995e+00  5.85098005e-02 
 2.85826768e+00  5.85173232e-02 
 2.86752116e+00  5.85247884e-02 
 2.87677946e+00  5.85322054e-02 
 2.88604180e+00  5.85395820e-02 
 2.89530751e+00  5.85469249e-02 
 2.90457605e+00  5.85542395e-02 
 2.91384696e+00  5.85615304e-02 
 2.92311987e+00  5.85688013e-02 
 2.93239444e+00  5.85760556e-02 
 2.94167042e+00  5.85832958e-02 
 2.95094757e+00  5.85905243e-02 
 2.96022571e+00  5.85977429e-02 
 2.96950468e+00  5.86049532e-02 
 2.97878435e+00  5.86121565e-02 
 2.98806460e+00  5.86193540e-02 
 2.99734535e+00  5.86265465e-02 
 3.00662651e+00  5.86337349e-02 
 3.01590801e+00  5.86409199e-02 
 3.02518981e+00  5.86481019e-02 
 3.03447185e+00  5.86552815e-02 
 3.04375410e+00  5.86624590e-02 
 3.05303652e+00  5.86696348e-02 
 3.06231909e+00  5.86768091e-02 
 3.07160178e+00  5.86839822e-02 
 3.08088457e+00  5.86911543e-02 
 3.09016745e+00  5.86983255e-02 
 3.09945040e+00  5.87054960e-02 
 3.10873341e+00  5.87126659e-02 
 3.11801647e+00  5.87198353e-02 
 3.12729958e+00  5.87270042e-02 
 3.13658272e+00  5.87341728e-02 
 3.14586589e+00  5.87413411e-02 
 3.15514909e+00  5.87485091e-02 
 3.16443231e+00  5.87556769e-02 
 3.17371555e+00  5.87628445e-02 
 3.18299881e+00  5.87700119e-02 
 3.19228207e+00  5.87771793e-02 
 3.20156535e+00  5.87843465e-02 
 3.21084863e+00  5.87915137e-02 
 3.22013193e+00  5.87986807e-02 
 3.22941523e+00  5.88058477e-02 
 3.23869853e+00  5.88130147e-02 
 3.24798184e+00  5.88201816e-02 
 3.25726516e+00  5.88273484e-02 
 3.26654847e+00  5.88345153e-02 
 3.27583179e+00  5.88416821e-02 
 3.28511512e+00  5.88488488e-02 
 3.29439844e+00  5.88560156e-02 
 3.30368176e+00  5.88631824e-02 
 3.31296509e+00  5.88703491e-02 
 3.32224842e+00  5.88775158e-02 
 3.33153175e+00  5.88846825e-02 
 3.34081508e+00  5.88918492e-02 
 3.35009841e+00  5.88990159e-02 
 3.35938174e+00  5.89061826e-02 
 3.36866507e+00  5.89133493e-02 
 3.37794840e+00  5.89205160e-02 
 3.38723173e+00  5.89276827e-02 
 3.39651507e+00  5.89348493e-02 
 3.40579840e+00  5.89420160e-02 
 3.41508173e+00  5.89491827e-02 
 3.42436506e+00  5.89563494e-02 
 3.43364840e+00  5.89635160e-02 
 3.44293173e+00  5.89706827e-02 
 3.45221506e+00  5.89778494e-02 
 3.46149840e+00  5.89850160e-02 
 3.47078173e+00  5.89921827e-02 
 3.48006506e+00  5.89993494e-02 
 3.48934840e+00  5.90065160e-02 
 3.49863173e+00  5.90136827e-02 
 3.50791506e+00  5.90208494e-02 
 3.51719840e+00  5.90280160e-02 
 3.52648173e+00  5.90351827e-02 
 3.53576506e+00  5.90423494e-02 
 3.54504840e+00  5.90495160e-02 
 3.55433173e+00  5.90566827e-02 
 3.56361507e+00  5.90638493e-02 
 3.57289840e+00  5.90710160e-02 
 3.58218173e+00  5.90781827e-02 
 3.59146507e+00  5.90853493e-02 
 3.60074840e+00  5.90925160e-02 
 3.61003173e+00  5.90996827e-02 
 3.61931507e+00  5.91068493e-02 
 3.62859840e+00  5.91140160e-02 
 3.63788173e+00  5.91211827e-02 
 3.64716507e+00  5.91283493e-02 
 3.65644840e+00  5.91355160e-02 
 3.66573174e+00  5.91426826e-02 
 3.67501507e+00  5.91498493e-02 
 3.68429840e+00  5.91570160e-02 
 3.69358174e+00  5.91641826e-02 
 3.70286507e+00  5.91713493e-02 
 3.71214840e+00  5.91785160e-02 
 3.72143174e+00  5.91856826e-02 
 3.73071507e+00  5.91928493e-02 
 3.73999840e+00  5.92000160e-02 
 3.74928174e+00  5.92071826e-02 
 3.75856507e+00  5.92143493e-02 
 3.76784841e+00  5.92215159e-02 
 3.77713174e+00  5.92286826e-02 
 3.78641507e+00  5.92358493e-02 
 3.79569841e+00  5.92430159e-02 
 3.80498174e+00  5.92501826e-02 
 3.81426507e+00  5.92573493e-02 
 3.82354841e+00  5.92645159e-02 
 3.83283174e+00  5.92716826e-02 
 3.84211508e+00  5.92788492e-02 
 3.85139841e+00  5.92860159e-02 
 3.86068174e+00  5.92931826e-02 
 3.86996508e+00  5.93003492e-02 
 3.87924841e+00  5.93075159e-02 
 3.88853174e+00  5.93146826e-02 
 3.89781508e+00  5.93218492e-02 
 3.90709841e+00  5.93290159e-02 
 3.91638174e+00  5.93361826e-02 
 3.92566508e+00  5.93433492e-02 
 3.93494841e+00  5.93505159e-02 
 3.94423175e+00  5.93576825e-02 
 3.95351508e+00  5.93648492e-02 
 3.96279841e+00  5.93720159e-02 
 3.97208175e+00  5.93791825e-02 
 3.98136508e+00  5.93863492e-02 
 3.99064841e+00  5.93935159e-02 
 3.99993175e+00  5.94006825e-02 
 4.00921508e+00  5.94078492e-02 
 4.01849842e+00  5.94150158e-02 
 4.02778175e+00  5.94221825e-02 
 4.03706508e+00  5.94293492e-02 
 4.04634842e+00  5.94365158e-02 
 4.05563175e+00  5.94436825e-02 
 4.06491508e+00  5.94508492e-02 
 4.07419842e+00  5.94580158e-02 
 4.08348175e+00  5.94651825e-02 
 4.09276509e+00  5.94723491e-02 
 4.10204842e+00  5.94795158e-02 
 4.11133175e+00  5.94866825e-02 
 4.12061509e+00  5.94938491e-02 
 4.12989842e+00  5.95010158e-02 
 4.13918175e+00  5.95081825e-02 
 4.14846509e+00  5.95153491e-02 
 4.15774842e+00  5.95225158e-02 
 4.16703175e+00  5.95296825e-02 
 4.17631509e+00  5.95368491e-02 
 4.18559842e+00  5.95440158e-02 
 4.19488176e+00  5.95511824e-02 
 4.20416509e+00  5.95583491e-02 
 4.21344842e+00  5.95655158e-02 
 4.22273176e+00  5.95726824e-02 
 4.23201509e+00  5.95798491e-02 
 4.24129842e+00  5.95870158e-02 
 4.25058176e+00  5.95941824e-02 
 4.25986509e+00  5.96013491e-02 
 4.26914843e+00  5.96085157e-02 
 4.27843176e+00  5.96156824e-02 
 4.28771509e+00  5.96228491e-02 
 4.29699843e+00  5.96300157e-02 
 4.30628176e+00  5.96371824e-02 
 4.31556509e+00  5.96443491e-02 
 4.32484843e+00  5.96515157e-02 
 4.33413176e+00  5.96586824e-02 
 4.34341510e+00  5.96658490e-02 
 4.35269843e+00  5.96730157e-02 
 4.36198176e+00  5.96801824e-02 
 4.37126510e+00  5.96873490e-02 
 4.38054843e+00  5.96945157e-02 
 4.38983176e+00  5.97016824e-02 
 4.39911510e+00  5.97088490e-02 
 4.40839843e+00  5.97160157e-02 
 4.41768176e+00  5.97231824e-02 
 4.42696510e+00  5.97303490e-02 
 4.43624843e+00  5.97375157e-02 
 4.44553177e+00  5.97446823e-02 
 4.45481510e+00  5.97518490e-02 
 4.46409843e+00  5.97590157e-02 
 4.47338177e+00  5.97661823e-02 
 4.48266510e+00  5.97733490e-02 
 4.49194843e+00  5.97805157e-02 
 4.50123177e+00  5.97876823e-02 
 4.51051510e+00  5.97948490e-02 
 4.51979844e+00  5.98020156e-02 
 4.52908177e+00  5.98091823e-02 
 4.53836510e+00  5.98163490e-02 
 4.54764844e+00  5.98235156e-02 
 4.55693177e+00  5.98306823e-02 
 4.56621510e+00  5.98378490e-02 
 4.57549844e+00  5.98450156e-02 
 4.58478177e+00  5.98521823e-02 
 4.59406510e+00  5.98593490e-02 
 4.60334844e+00  5.98665156e-02 
 4.61263177e+00  5.98736823e-02 
 4.62191511e+00  5.98808489e-02 
 4.63119844e+00  5.98880156e-02 
 4.64048177e+00  5.98951823e-02 
 4.64976511e+00  5.99023489e-02 
 4.65904844e+00  5.99095156e-02 
 4.66833177e+00  5.99166823e-02 
 4.67761511e+00  5.99238489e-02 
 4.68689844e+00  5.99310156e-02 
 4.69618178e+00  5.99381822e-02 
 4.70546511e+00  5.99453489e-02 
 4.71474844e+00  5.99525156e-02 
 4.72403178e+00  5.99596822e-02 
 4.73331511e+00  5.99668489e-02 
 4.74259844e+00  5.99740156e-02 
 4.75188178e+00  5.99811822e-02 
 4.76116511e+00  5.99883489e-02 
 4.77044845e+00  5.99955155e-02 
 4.77973178e+00  6.00026822e-02 
 4.78901511e+00  6.00098489e-02 
 4.79829845e+00  6.00170155e-02 
 4.80758178e+00  6.00241822e-02 
 4.81686511e+00  6.00313489e-02 
 4.82614845e+00  6.00385155e-02 
 4.83543178e+00  6.00456822e-02 
 4.84471511e+00  6.00528489e-02 
 4.85399845e+00  6.00600155e-02 
 4.86328178e+00  6.00671822e-02 
 4.87256512e+00  6.00743488e-02 
 4.88184845e+00  6.00815155e-02 
 4.89113178e+00  6.00886822e-02 
 4.90041512e+00  6.00958488e-02 
 4.90969845e+00  6.01030155e-02 
 4.91898178e+00  6.01101822e-02 
 4.92826512e+00  6.01173488e-02 
 4.93754845e+00  6.01245155e-02 
 4.94683179e+00  6.01316821e-02 
 4.95611512e+00  6.01388488e-02 
 4.96539845e+00  6.01460155e-02 
 4.97468179e+00  6.01531821e-02 
 4.98396512e+00  6.01603488e-02 
 4.99324845e+00  6.01675155e-02 
 5.00253179e+00  6.01746821e-02 
 5.01181512e+00  6.01818488e-02 
 5.02109846e+00  6.01890154e-02 
 5.03038179e+00  6.01961821e-02 
 5.03966512e+00  6.02033488e-02 
 5.04894846e+00  6.02105154e-02 
 5.05823179e+00  6.02176821e-02 
 5.06751512e+00  6.02248488e-02 
 5.07679846e+00  6.02320154e-02 
 5.08608179e+00  6.02391821e-02 
 5.09536512e+00  6.02463488e-02 
 5.10464846e+00  6.02535154e-02 
 5.11393179e+00  6.02606821e-02 
 5.12321513e+00  6.02678487e-02 
 5.13249846e+00  6.02750154e-02 
 5.14178179e+00  6.02821821e-02 
 5.15106513e+00  6.02893487e-02 
 5.16034846e+00  6.02965154e-02 
 5.16963179e+00  6.03036821e-02 
 5.17891513e+00  6.03108487e-02 
 5.18819846e+00  6.03180154e-02 
 5.19748180e+00  6.03251820e-02 
 5.20676513e+00  6.03323487e-02 
 5.21604846e+00  6.03395154e-02 
 5.22533180e+00  6.03466820e-02 
 5.23461513e+00  6.03538487e-02 
 5.24389846e+00  6.03610154e-02 
 5.25318180e+00  6.03681820e-02 
 5.26246513e+00  6.03753487e-02 
 5.27174847e+00  6.03825153e-02 
 5.28103180e+00  6.03896820e-02 
 5.29031513e+00  6.03968487e-02 
 5.29959847e+00  6.04040153e-02 
 5.30888180e+00  6.04111820e-02 
 5.31816513e+00  6.04183487e-02 
 5.32744847e+00  6.04255153e-02 
 5.33673180e+00  6.04326820e-02 
 5.34601513e+00  6.04398487e-02 
 5.35529847e+00  6.04470153e-02 
 5.36458180e+00  6.04541820e-02 
 5.37386514e+00  6.04613486e-02 
 5.38314847e+00  6.04685153e-02 
 5.39243180e+00  6.04756820e-02 
 5.40171514e+00  6.04828486e-02 
 5.41099847e+00  6.04900153e-02 
 5.42028180e+00  6.04971820e-02 
 5.42956514e+00  6.05043486e-02 
 5.43884847e+00  6.05115153e-02 
 5.44813181e+00  6.05186819e-02 
 5.45741514e+00  6.05258486e-02 
 5.46669847e+00  6.05330153e-02 
 5.47598181e+00  6.05401819e-02 
 5.48526514e+00  6.05473486e-02 
 5.49454847e+00  6.05545153e-02 
 5.50383181e+00  6.05616819e-02 
 5.51311514e+00  6.05688486e-02 
 5.52239847e+00  6.05760153e-02 
 5.53168181e+00  6.05831819e-02 
 5.54096514e+00  6.05903486e-02 
 5.55024848e+00  6.05975152e-02 
 5.55953181e+00  6.06046819e-02 
 5.56881514e+00  6.06118486e-02 
 5.57809848e+00  6.06190152e-02 
 5.58738181e+00  6.06261819e-02 
 5.59666514e+00  6.06333486e-02 
 5.60594848e+00  6.06405152e-02 
 5.61523181e+00  6.06476819e-02 
 5.62451515e+00  6.06548485e-02 
 5.63379848e+00  6.06620152e-02 
 5.64308181e+00  6.06691819e-02 
 5.65236515e+00  6.06763485e-02 
 5.66164848e+00  6.06835152e-02 
 5.67093181e+00  6.06906819e-02 
 5.68021515e+00  6.06978485e-02 
 5.68949848e+00  6.07050152e-02 
 5.69878182e+00  6.07121818e-02 
 5.70806515e+00  6.07193485e-02 
 5.71734848e+00  6.07265152e-02 
 5.72663182e+00  6.07336818e-02 
 5.73591515e+00  6.07408485e-02 
 5.74519848e+00  6.07480152e-02 
 5.75448182e+00  6.07551818e-02 
 5.76376515e+00  6.07623485e-02 
 5.77304848e+00  6.07695152e-02 
 5.78233182e+00  6.07766818e-02 
 5.79161515e+00  6.07838485e-02 
 5.80089849e+00  6.07910151e-02 
 5.81018182e+00  6.07981818e-02 
 5.81946515e+00  6.08053485e-02 
 5.82874849e+00  6.08125151e-02 
 5.83803182e+00  6.08196818e-02 
 5.84731515e+00  6.08268485e-02 
 5.85659849e+00  6.08340151e-02 
 5.86588182e+00  6.08411818e-02 
 5.87516516e+00  6.08483484e-02 
 5.88444849e+00  6.08555151e-02 
 5.89373182e+00  6.08626818e-02 
 5.90301516e+00  6.08698484e-02 
 5.91229849e+00  6.08770151e-02 
 5.92158182e+00  6.08841818e-02 
 5.93086516e+00  6.08913484e-02 
 5.94014849e+00  6.08985151e-02 
 5.94943183e+00  6.09056817e-02 
 5.95871516e+00  6.09128484e-02 
 5.96799849e+00  6.09200151e-02 
 5.97728183e+00  6.09271817e-02 
 5.98656516e+00  6.09343484e-02 
 5.99584849e+00  6.09415151e-02 
 6.00513183e+00  6.09486817e-02 
 6.01441516e+00  6.09558484e-02 
 6.02369849e+00  6.09630151e-02 
 6.03298183e+00  6.09701817e-02 
 6.04226516e+00  6.09773484e-02 
 6.05154850e+00  6.09845150e-02 
 6.06083183e+00  6.09916817e-02 
 6.07011516e+00  6.09988484e-02 
 6.07939850e+00  6.10060150e-02 
 6.08868183e+00  6.10131817e-02 
 6.09796516e+00  6.10203484e-02 
 6.10724850e+00  6.10275150e-02 
 6.11653183e+00  6.10346817e-02 
 6.12581517e+00  6.10418483e-02 
 6.13509850e+00  6.10490150e-02 
 6.14438183e+00  6.10561817e-02 
 6.15366517e+00  6.10633483e-02 
 6.16294850e+00  6.10705150e-02 
 6.17223183e+00  6.10776817e-02 
 6.18151517e+00  6.10848483e-02 
 6.19079850e+00  6.10920150e-02 
 6.20008183e+00  6.10991817e-02 
 6.20936517e+00  6.11063483e-02 
 6.21864850e+00  6.11135150e-02 
 6.22793184e+00  6.11206816e-02 
 6.23721517e+00  6.11278483e-02 
 6.24649850e+00  6.11350150e-02 
 6.25578184e+00  6.11421816e-02 
 6.26506517e+00  6.11493483e-02 
 6.27434850e+00  6.11565150e-02 
 6.28363184e+00  6.11636816e-02 
 6.29291517e+00  6.11708483e-02 
 6.30219851e+00  6.11780149e-02 
 6.31148184e+00  6.11851816e-02 
 6.32076517e+00  6.11923483e-02 
 6.33004851e+00  6.11995149e-02 
 6.33933184e+00  6.12066816e-02 
 6.34861517e+00  6.12138483e-02 
 6.35789851e+00  6.12210149e-02 
 6.36718184e+00  6.12281816e-02 
 6.37646518e+00  6.12353482e-02 
 6.38574851e+00  6.12425149e-02 
 6.39503184e+00  6.12496816e-02 
 6.40431518e+00  6.12568482e-02 
 6.41359851e+00  6.12640149e-02 
 6.42288184e+00  6.12711816e-02 
 6.43216518e+00  6.12783482e-02 
 6.44144851e+00  6.12855149e-02 
 6.45073184e+00  6.12926816e-02 
 6.46001518e+00  6.12998482e-02 
 6.46929851e+00  6.13070149e-02 
 6.47858185e+00  6.13141815e-02 
 6.48786518e+00  6.13213482e-02 
 6.49714851e+00  6.13285149e-02 
 6.50643185e+00  6.13356815e-02 
 6.51571518e+00  6.13428482e-02 
 6.52499851e+00  6.13500149e-02 
 6.53428185e+00  6.13571815e-02 
 6.54356518e+00  6.13643482e-02 
 6.55284852e+00  6.13715148e-02 
 6.56213185e+00  6.13786815e-02 
 6.57141518e+00  6.13858482e-02 
 6.58069852e+00  6.13930148e-02 
 6.58998185e+00  6.14001815e-02 
 6.59926518e+00  6.14073482e-02 
 6.60854852e+00  6.14145148e-02 
 6.61783185e+00  6.14216815e-02 
 6.62711519e+00  6.14288481e-02 
 6.63639852e+00  6.14360148e-02 
 6.64568185e+00  6.14431815e-02 
 6.65496519e+00  6.14503481e-02 
 6.66424852e+00  6.14575148e-02 
 6.67353185e+00  6.14646815e-02 
 6.68281519e+00  6.14718481e-02 
 6.69209852e+00  6.14790148e-02 
 6.70138185e+00  6.14861815e-02 
 6.71066519e+00  6.14933481e-02 
 6.71994852e+00  6.15005148e-02 
 6.72923186e+00  6.15076814e-02 
 6.73851519e+00  6.15148481e-02 
 6.74779852e+00  6.15220148e-02 
 6.75708186e+00  6.15291814e-02 
 6.76636519e+00  6.15363481e-02 
 6.77564852e+00  6.15435148e-02 
 6.78493186e+00  6.15506814e-02 
 6.79421519e+00  6.15578481e-02 
 6.80349853e+00  6.15650147e-02 
 6.81278186e+00  6.15721814e-02 
 6.82206519e+00  6.15793481e-02 
 6.83134853e+00  6.15865147e-02 
 6.84063186e+00  6.15936814e-02 
 6.84991519e+00  6.16008481e-02 
 6.85919853e+00  6.16080147e-02 
 6.86848186e+00  6.16151814e-02 
 6.87776519e+00  6.16223481e-02 
 6.88704853e+00  6.16295147e-02 
 6.89633186e+00  6.16366814e-02 
 6.90561520e+00  6.16438480e-02 
 6.91489853e+00  6.16510147e-02 
 6.92418186e+00  6.16581814e-02 
 6.93346520e+00  6.16653480e-02 
 6.94274853e+00  6.16725147e-02 
 6.95203186e+00  6.16796814e-02 
 6.96131520e+00  6.16868480e-02 
 6.97059853e+00  6.16940147e-02 
 6.97988187e+00  6.17011813e-02 
 6.98916520e+00  6.17083480e-02 
 6.99844853e+00  6.17155147e-02 
 7.00773187e+00  6.17226813e-02 
 7.01701520e+00  6.17298480e-02 
 7.02629853e+00  6.17370147e-02 
 7.03558187e+00  6.17441813e-02 
 7.04486520e+00  6.17513480e-02 
 7.05414854e+00  6.17585146e-02 
 7.06343187e+00  6.17656813e-02 
 7.07271520e+00  6.17728480e-02 
 7.08199854e+00  6.17800146e-02 
 7.09128187e+00  6.17871813e-02 
 7.10056520e+00  6.17943480e-02 
 7.10984854e+00  6.18015146e-02 
 7.11913187e+00  6.18086813e-02 
 7.12841520e+00  6.18158480e-02 
 7.13769854e+00  6.18230146e-02 
 7.14698187e+00  6.18301813e-02 
 7.15626521e+00  6.18373479e-02 
 7.16554854e+00  6.18445146e-02 
 7.17483187e+00  6.18516813e-02 
 7.18411521e+00  6.18588479e-02 
 7.19339854e+00  6.18660146e-02 
 7.20268187e+00  6.18731813e-02 
 7.21196521e+00  6.18803479e-02 
 7.22124854e+00  6.18875146e-02 
 7.23053188e+00  6.18946812e-02 
 7.23981521e+00  6.19018479e-02 
 7.24909854e+00  6.19090146e-02 
 7.25838188e+00  6.19161812e-02 
 7.26766521e+00  6.19233479e-02 
 7.27694854e+00  6.19305146e-02 
 7.28623188e+00  6.19376812e-02 
 7.29551521e+00  6.19448479e-02 
 7.30479854e+00  6.19520146e-02 
 7.31408188e+00  6.19591812e-02 
 7.32336521e+00  6.19663479e-02 
 7.33264855e+00  6.19735145e-02 
 7.34193188e+00  6.19806812e-02 
 7.35121521e+00  6.19878479e-02 
 7.36049855e+00  6.19950145e-02 
 7.36978188e+00  6.20021812e-02 
 7.37906521e+00  6.20093479e-02 
 7.38834855e+00  6.20165145e-02 
 7.39763188e+00  6.20236812e-02 
 7.40691522e+00  6.20308478e-02 
 7.41619855e+00  6.20380145e-02 
 7.42548188e+00  6.20451812e-02 
 7.43476522e+00  6.20523478e-02 
 7.44404855e+00  6.20595145e-02 
 7.45333188e+00  6.20666812e-02 
 7.46261522e+00  6.20738478e-02 
 7.47189855e+00  6.20810145e-02 
 7.48118189e+00  6.20881811e-02 
 7.49046522e+00  6.20953478e-02 
 7.49974855e+00  6.21025145e-02 
 7.50903189e+00  6.21096811e-02 
 7.51831522e+00  6.21168478e-02 
 7.52759855e+00  6.21240145e-02 
 7.53688189e+00  6.21311811e-02 
 7.54616522e+00  6.21383478e-02 
 7.55544855e+00  6.21455145e-02 
 7.56473189e+00  6.21526811e-02 
 7.57401522e+00  6.21598478e-02 
 7.58329856e+00  6.21670144e-02 
 7.59258189e+00  6.21741811e-02 
 7.60186522e+00  6.21813478e-02 
 7.61114856e+00  6.21885144e-02 
 7.62043189e+00  6.21956811e-02 
 7.62971522e+00  6.22028478e-02 
 7.63899856e+00  6.22100144e-02 
 7.64828189e+00  6.22171811e-02 
 7.65756523e+00  6.22243477e-02 
 7.66684856e+00  6.22315144e-02 
 7.67613189e+00  6.22386811e-02 
 7.68541523e+00  6.22458477e-02 
 7.69469856e+00  6.22530144e-02 
 7.70398189e+00  6.22601811e-02 
 7.71326523e+00  6.22673477e-02 
 7.72254856e+00  6.22745144e-02 
 7.73183190e+00  6.22816810e-02 
 7.74111523e+00  6.22888477e-02 
 7.75039856e+00  6.22960144e-02 
 7.75968190e+00  6.23031810e-02 
 7.76896523e+00  6.23103477e-02 
 7.77824856e+00  6.23175144e-02 
 7.78753190e+00  6.23246810e-02 
 7.79681523e+00  6.23318477e-02 
 7.80609856e+00  6.23390144e-02 
 7.81538190e+00  6.23461810e-02 
 7.82466523e+00  6.23533477e-02 
 7.83394857e+00  6.23605143e-02 
 7.84323190e+00  6.23676810e-02 
 7.85251523e+00  6.23748477e-02 
 7.86179857e+00  6.23820143e-02 
 7.87108190e+00  6.23891810e-02 
 7.88036523e+00  6.23963477e-02 
 7.88964857e+00  6.24035143e-02 
 7.89893190e+00  6.24106810e-02 
 7.90821524e+00  6.24178476e-02 
 7.91749857e+00  6.24250143e-02 
 7.92678190e+00  6.24321810e-02 
 7.93606524e+00  6.24393476e-02 
 7.94534857e+00  6.24465143e-02 
 7.95463190e+00  6.24536810e-02 
 7.96391524e+00  6.24608476e-02 
 7.97319857e+00  6.24680143e-02 
 7.98248190e+00  6.24751810e-02 
 7.99176524e+00  6.24823476e-02 
 8.00104857e+00  6.24895143e-02 
 8.01033191e+00  6.24966809e-02 
 8.01961524e+00  6.25038476e-02 
 8.02889857e+00  6.25110143e-02 
 8.03818191e+00  6.25181809e-02 
 8.04746524e+00  6.25253476e-02 
 8.05674857e+00  6.25325143e-02 
 8.06603191e+00  6.25396809e-02 
 8.07531524e+00  6.25468476e-02 
 8.08459858e+00  6.25540142e-02 
 8.09388191e+00  6.25611809e-02 
 8.10316524e+00  6.25683476e-02 
 8.11244858e+00  6.25755142e-02 
 8.12173191e+00  6.25826809e-02 
 8.13101524e+00  6.25898476e-02 
 8.14029858e+00  6.25970142e-02 
 8.14958191e+00  6.26041809e-02 
 8.15886524e+00  6.26113476e-02 
 8.16814858e+00  6.26185142e-02 
 8.17743191e+00  6.26256809e-02 
 8.18671525e+00  6.26328475e-02 
 8.19599858e+00  6.26400142e-02 
 8.20528191e+00  6.26471809e-02 
 8.21456525e+00  6.26543475e-02 
 8.22384858e+00  6.26615142e-02 
 8.23313191e+00  6.26686809e-02 
 8.24241525e+00  6.26758475e-02 
 8.25169858e+00  6.26830142e-02 
 8.26098192e+00  6.26901808e-02 
 8.27026525e+00  6.26973475e-02 
 8.27954858e+00  6.27045142e-02 
 8.28883192e+00  6.27116808e-02 
 8.29811525e+00  6.27188475e-02 
 8.30739858e+00  6.27260142e-02 
 8.31668192e+00  6.27331808e-02 
 8.32596525e+00  6.27403475e-02 
 8.33524859e+00  6.27475141e-02 
 8.34453192e+00  6.27546808e-02 
 8.35381525e+00  6.27618475e-02 
 8.36309859e+00  6.27690141e-02 
 8.37238192e+00  6.27761808e-02 
 8.38166525e+00  6.27833475e-02 
 8.39094859e+00  6.27905141e-02 
 8.40023192e+00  6.27976808e-02 
 8.40951525e+00  6.28048475e-02 
 8.41879859e+00  6.28120141e-02 
 8.42808192e+00  6.28191808e-02 
 8.43736526e+00  6.28263474e-02 
 8.44664859e+00  6.28335141e-02 
 8.45593192e+00  6.28406808e-02 
 8.46521526e+00  6.28478474e-02 
 8.47449859e+00  6.28550141e-02 
 8.48378192e+00  6.28621808e-02 
 8.49306526e+00  6.28693474e-02 
 8.50234859e+00  6.28765141e-02 
 8.51163193e+00  6.28836807e-02 
 8.52091526e+00  6.28908474e-02 
 8.53019859e+00  6.28980141e-02 
 8.53948193e+00  6.29051807e-02 
 8.54876526e+00  6.29123474e-02 
 8.55804859e+00  6.29195141e-02 
 8.56733193e+00  6.29266807e-02 
 8.57661526e+00  6.29338474e-02 
 8.58589859e+00  6.29410141e-02 
 8.59518193e+00  6.29481807e-02 
 8.60446526e+00  6.29553474e-02 
 8.61374860e+00  6.29625140e-02 
 8.62303193e+00  6.29696807e-02 
 8.63231526e+00  6.29768474e-02 
 8.64159860e+00  6.29840140e-02 
 8.65088193e+00  6.29911807e-02 
 8.66016526e+00  6.29983474e-02 
 8.66944860e+00  6.30055140e-02 
 8.67873193e+00  6.30126807e-02 
 8.68801527e+00  6.30198473e-02 
 8.69729860e+00  6.30270140e-02 
