 3.14425898e-03 -3.14425898e-05 
 6.36969660e-03  3.63030340e-05 
 9.58652503e-03  1.04134750e-04 
 1.28013826e-02  1.71986174e-04 
 1.60122180e-02  2.39877820e-04 
 1.92191412e-02  3.07808588e-04 
 2.24222603e-02  3.75777397e-04 
 2.56216788e-02  4.43783212e-04 
 2.88174961e-02  5.11825039e-04 
 3.20098075e-02  5.79901925e-04 
 3.51987050e-02  6.48012950e-04 
 3.83842769e-02  7.16157231e-04 
 4.15666081e-02  7.84333919e-04 
 4.47457805e-02  8.52542195e-04 
 4.79218730e-02  9.20781270e-04 
 5.10949616e-02  9.89050384e-04 
 5.42651195e-02  1.05734881e-03 
 5.74324174e-02  1.12567583e-03 
 6.05969234e-02  1.19403077e-03 
 6.37587035e-02  1.26241296e-03 
 6.69178212e-02  1.33082179e-03 
 7.00743379e-02  1.39925662e-03 
 7.32283130e-02  1.46771687e-03 
 7.63798038e-02  1.53620196e-03 
 7.95288659e-02  1.60471134e-03 
 8.26755530e-02  1.67324447e-03 
 8.58199170e-02  1.74180083e-03 
 8.89620084e-02  1.81037992e-03 
 9.21018758e-02  1.87898124e-03 
 9.52395664e-02  1.94760434e-03 
 9.83751260e-02  2.01624874e-03 
 1.01508599e-01  2.08491401e-03 
 1.04640029e-01  2.15359971e-03 
 1.07769456e-01  2.22230544e-03 
 1.10896922e-01  2.29103078e-03 
 1.14022467e-01  2.35977533e-03 
 1.17146127e-01  2.42853873e-03 
 1.20267941e-01  2.49732059e-03 
 1.23387943e-01  2.56612057e-03 
 1.26506170e-01  2.63493830e-03 
 1.29622655e-01  2.70377345e-03 
 1.32737432e-01  2.77262568e-03 
 1.35850531e-01  2.84149469e-03 
 1.38961986e-01  2.91038014e-03 
 1.42071825e-01  2.97928175e-03 
 1.45180080e-01  3.04819920e-03 
 1.48286777e-01  3.11713223e-03 
 1.51391947e-01  3.18608053e-03 
 1.54495615e-01  3.25504385e-03 
 1.57597809e-01  3.32402191e-03 
 1.60698554e-01  3.39301446e-03 
 1.63797877e-01  3.46202123e-03 
 1.66895800e-01  3.53104200e-03 
 1.69992349e-01  3.60007651e-03 
 1.73087547e-01  3.66912453e-03 
 1.76181416e-01  3.73818584e-03 
 1.79273980e-01  3.80726020e-03 
 1.82365259e-01  3.87634741e-03 
 1.85455275e-01  3.94544725e-03 
 1.88544049e-01  4.01455951e-03 
 1.91631601e-01  4.08368399e-03 
 1.94717950e-01  4.15282050e-03 
 1.97803117e-01  4.22196883e-03 
 2.00887119e-01  4.29112881e-03 
 2.03969975e-01  4.36030025e-03 
 2.07051704e-01  4.42948296e-03 
 2.10132322e-01  4.49867678e-03 
 2.13211848e-01  4.56788152e-03 
 2.16290297e-01  4.63709703e-03 
 2.19367686e-01  4.70632314e-03 
 2.22444032e-01  4.77555968e-03 
 2.25519349e-01  4.84480651e-03 
 2.28593654e-01  4.91406346e-03 
 2.31666962e-01  4.98333038e-03 
 2.34739286e-01  5.05260714e-03 
 2.37810643e-01  5.12189357e-03 
 2.40881045e-01  5.19118955e-03 
 2.43950506e-01  5.26049494e-03 
 2.47019040e-01  5.32980960e-03 
 2.50086661e-01  5.39913339e-03 
 2.53153381e-01  5.46846619e-03 
 2.56219214e-01  5.53780786e-03 
 2.59284170e-01  5.60715830e-03 
 2.62348263e-01  5.67651737e-03 
 2.65411505e-01  5.74588495e-03 
 2.68473908e-01  5.81526092e-03 
 2.71535482e-01  5.88464518e-03 
 2.74596239e-01  5.95403761e-03 
 2.77656191e-01  6.02343809e-03 
 2.80715348e-01  6.09284652e-03 
 2.83773720e-01  6.16226280e-03 
 2.86831319e-01  6.23168681e-03 
 2.89888154e-01  6.30111846e-03 
 2.92944235e-01  6.37055765e-03 
 2.95999573e-01  6.44000427e-03 
 2.99054176e-01  6.50945824e-03 
 3.02108056e-01  6.57891944e-03 
 3.05161219e-01  6.64838781e-03 
 3.08213677e-01  6.71786323e-03 
 3.11265438e-01  6.78734562e-03 
 3.14316510e-01  6.85683490e-03 
 3.17366903e-01  6.92633097e-03 
 3.20416625e-01  6.99583375e-03 
 3.23465684e-01  7.06534316e-03 
 3.26514089e-01  7.13485911e-03 
 3.29561847e-01  7.20438153e-03 
 3.32608967e-01  7.27391033e-03 
 3.35655456e-01  7.34344544e-03 
 3.38701322e-01  7.41298678e-03 
 3.41746572e-01  7.48253428e-03 
 3.44791215e-01  7.55208785e-03 
 3.47835256e-01  7.62164744e-03 
 3.50878704e-01  7.69121296e-03 
 3.53921566e-01  7.76078434e-03 
 3.56963847e-01  7.83036153e-03 
 3.60005556e-01  7.89994444e-03 
 3.63046699e-01  7.96953301e-03 
 3.66087282e-01  8.03912718e-03 
 3.69127312e-01  8.10872688e-03 
 3.72166795e-01  8.17833205e-03 
 3.75205738e-01  8.24794262e-03 
 3.78244146e-01  8.31755854e-03 
 3.81282026e-01  8.38717974e-03 
 3.84319384e-01  8.45680616e-03 
 3.87356226e-01  8.52643774e-03 
 3.90392557e-01  8.59607443e-03 
 3.93428383e-01  8.66571617e-03 
 3.96463710e-01  8.73536290e-03 
 3.99498544e-01  8.80501456e-03 
 4.02532889e-01  8.87467111e-03 
 4.05566751e-01  8.94433249e-03 
 4.08600136e-01  9.01399864e-03 
 4.11633049e-01  9.08366951e-03 
 4.14665494e-01  9.15334506e-03 
 4.17697477e-01  9.22302523e-03 
 4.20729003e-01  9.29270997e-03 
 4.23760076e-01  9.36239924e-03 
 4.26790702e-01  9.43209298e-03 
 4.29820885e-01  9.50179115e-03 
 4.32850631e-01  9.57149369e-03 
 4.35879943e-01  9.64120057e-03 
 4.38908826e-01  9.71091174e-03 
 4.41937284e-01  9.78062716e-03 
 4.44965323e-01  9.85034677e-03 
 4.47992947e-01  9.92007053e-03 
 4.51020159e-01  9.98979841e-03 
 4.54046964e-01  1.00595304e-02 
 4.57073367e-01  1.01292663e-02 
 4.60099370e-01  1.01990063e-02 
 4.63124980e-01  1.02687502e-02 
 4.66150199e-01  1.03384980e-02 
 4.69175031e-01  1.04082497e-02 
 4.72199480e-01  1.04780052e-02 
 4.75223551e-01  1.05477645e-02 
 4.78247247e-01  1.06175275e-02 
 4.81270571e-01  1.06872943e-02 
 4.84293528e-01  1.07570647e-02 
 4.87316121e-01  1.08268388e-02 
 4.90338354e-01  1.08966165e-02 
 4.93360231e-01  1.09663977e-02 
 4.96381754e-01  1.10361825e-02 
 4.99402927e-01  1.11059707e-02 
 5.02423754e-01  1.11757625e-02 
 5.05444238e-01  1.12455576e-02 
 5.08464383e-01  1.13153562e-02 
 5.11484191e-01  1.13851581e-02 
 5.14503667e-01  1.14549633e-02 
 5.17522812e-01  1.15247719e-02 
 5.20541632e-01  1.15945837e-02 
 5.23560127e-01  1.16643987e-02 
 5.26578302e-01  1.17342170e-02 
 5.29596160e-01  1.18040384e-02 
 5.32613704e-01  1.18738630e-02 
 5.35630937e-01  1.19436906e-02 
 5.38647861e-01  1.20135214e-02 
 5.41664479e-01  1.20833552e-02 
 5.44680795e-01  1.21531920e-02 
 5.47696812e-01  1.22230319e-02 
 5.50712531e-01  1.22928747e-02 
 5.53727957e-01  1.23627204e-02 
 5.56743091e-01  1.24325691e-02 
 5.59757936e-01  1.25024206e-02 
 5.62772495e-01  1.25722750e-02 
 5.65786772e-01  1.26421323e-02 
 5.68800767e-01  1.27119923e-02 
 5.71814484e-01  1.27818552e-02 
 5.74827926e-01  1.28517207e-02 
 5.77841094e-01  1.29215891e-02 
 5.80853993e-01  1.29914601e-02 
 5.83866623e-01  1.30613338e-02 
 5.86878987e-01  1.31312101e-02 
 5.89891088e-01  1.32010891e-02 
 5.92902929e-01  1.32709707e-02 
 5.95914511e-01  1.33408549e-02 
 5.98925837e-01  1.34107416e-02 
 6.01936909e-01  1.34806309e-02 
 6.04947730e-01  1.35505227e-02 
 6.07958301e-01  1.36204170e-02 
 6.10968626e-01  1.36903137e-02 
 6.13978705e-01  1.37602129e-02 
 6.16988543e-01  1.38301146e-02 
 6.19998139e-01  1.39000186e-02 
 6.23007498e-01  1.39699250e-02 
 6.26016620e-01  1.40398338e-02 
 6.29025508e-01  1.41097449e-02 
 6.32034164e-01  1.41796584e-02 
 6.35042591e-01  1.42495741e-02 
 6.38050789e-01  1.43194921e-02 
 6.41058762e-01  1.43894124e-02 
 6.44066510e-01  1.44593349e-02 
 6.47074037e-01  1.45292596e-02 
 6.50081344e-01  1.45991866e-02 
 6.53088433e-01  1.46691157e-02 
 6.56095305e-01  1.47390469e-02 
 6.59101964e-01  1.48089804e-02 
 6.62108410e-01  1.48789159e-02 
 6.65114646e-01  1.49488535e-02 
 6.68120673e-01  1.50187933e-02 
 6.71126493e-01  1.50887351e-02 
 6.74132108e-01  1.51586789e-02 
 6.77137520e-01  1.52286248e-02 
 6.80142731e-01  1.52985727e-02 
 6.83147741e-01  1.53685226e-02 
 6.86152554e-01  1.54384745e-02 
 6.89157171e-01  1.55084283e-02 
 6.92161593e-01  1.55783841e-02 
 6.95165822e-01  1.56483418e-02 
 6.98169860e-01  1.57183014e-02 
 7.01173708e-01  1.57882629e-02 
 7.04177368e-01  1.58582263e-02 
 7.07180842e-01  1.59281916e-02 
 7.10184132e-01  1.59981587e-02 
 7.13187238e-01  1.60681276e-02 
 7.16190163e-01  1.61380984e-02 
 7.19192908e-01  1.62080709e-02 
 7.22195474e-01  1.62780453e-02 
 7.25197864e-01  1.63480214e-02 
 7.28200078e-01  1.64179992e-02 
 7.31202118e-01  1.64879788e-02 
 7.34203986e-01  1.65579601e-02 
 7.37205683e-01  1.66279432e-02 
 7.40207211e-01  1.66979279e-02 
 7.43208571e-01  1.67679143e-02 
 7.46209764e-01  1.68379024e-02 
 7.49210793e-01  1.69078921e-02 
 7.52211657e-01  1.69778834e-02 
 7.55212360e-01  1.70478764e-02 
 7.58212901e-01  1.71178710e-02 
 7.61213283e-01  1.71878672e-02 
 7.64213507e-01  1.72578649e-02 
 7.67213575e-01  1.73278643e-02 
 7.70213486e-01  1.73978651e-02 
 7.73213244e-01  1.74678676e-02 
 7.76212849e-01  1.75378715e-02 
 7.79212303e-01  1.76078770e-02 
 7.82211607e-01  1.76778839e-02 
 7.85210762e-01  1.77478924e-02 
 7.88209769e-01  1.78179023e-02 
 7.91208630e-01  1.78879137e-02 
 7.94207346e-01  1.79579265e-02 
 7.97205918e-01  1.80279408e-02 
 8.00204348e-01  1.80979565e-02 
 8.03202637e-01  1.81679736e-02 
 8.06200785e-01  1.82379921e-02 
 8.09198795e-01  1.83080121e-02 
 8.12196667e-01  1.83780333e-02 
 8.15194402e-01  1.84480560e-02 
 8.18192003e-01  1.85180800e-02 
 8.21189469e-01  1.85881053e-02 
 8.24186803e-01  1.86581320e-02 
 8.27184004e-01  1.87281600e-02 
 8.30181075e-01  1.87981892e-02 
 8.33178017e-01  1.88682198e-02 
 8.36174830e-01  1.89382517e-02 
 8.39171516e-01  1.90082848e-02 
 8.42168077e-01  1.90783192e-02 
 8.45164512e-01  1.91483549e-02 
 8.48160823e-01  1.92183918e-02 
 8.51157011e-01  1.92884299e-02 
 8.54153078e-01  1.93584692e-02 
 8.57149024e-01  1.94285098e-02 
 8.60144851e-01  1.94985515e-02 
 8.63140559e-01  1.95685944e-02 
 8.66136150e-01  1.96386385e-02 
 8.69131624e-01  1.97086838e-02 
 8.72126983e-01  1.97787302e-02 
 8.75122228e-01  1.98487777e-02 
 8.78117359e-01  1.99188264e-02 
 8.81112378e-01  1.99888762e-02 
 8.84107286e-01  2.00589271e-02 
 8.87102084e-01  2.01289792e-02 
 8.90096772e-01  2.01990323e-02 
 8.93091352e-01  2.02690865e-02 
 8.96085825e-01  2.03391417e-02 
 8.99080192e-01  2.04091981e-02 
 9.02074453e-01  2.04792555e-02 
 9.05068610e-01  2.05493139e-02 
 9.08062664e-01  2.06193734e-02 
 9.11056615e-01  2.06894339e-02 
 9.14050464e-01  2.07594954e-02 
 9.17044213e-01  2.08295579e-02 
 9.20037863e-01  2.08996214e-02 
 9.23031413e-01  2.09696859e-02 
 9.26024866e-01  2.10397513e-02 
 9.29018222e-01  2.11098178e-02 
 9.32011482e-01  2.11798852e-02 
 9.35004648e-01  2.12499535e-02 
 9.37997718e-01  2.13200228e-02 
 9.40990696e-01  2.13900930e-02 
 9.43983582e-01  2.14601642e-02 
 9.46976376e-01  2.15302362e-02 
 9.49969079e-01  2.16003092e-02 
 9.52961693e-01  2.16703831e-02 
 9.55954218e-01  2.17404578e-02 
 9.58946655e-01  2.18105335e-02 
 9.61939004e-01  2.18806100e-02 
 9.64931268e-01  2.19506873e-02 
 9.67923446e-01  2.20207655e-02 
 9.70915540e-01  2.20908446e-02 
 9.73907550e-01  2.21609245e-02 
 9.76899477e-01  2.22310052e-02 
 9.79891322e-01  2.23010868e-02 
 9.82883086e-01  2.23711691e-02 
 9.85874769e-01  2.24412523e-02 
 9.88866373e-01  2.25113363e-02 
 9.91857898e-01  2.25814210e-02 
 9.94849345e-01  2.26515065e-02 
 9.97840716e-01  2.27215928e-02 
 1.00083201e+00  2.27916799e-02 
 1.00382323e+00  2.28617677e-02 
 1.00681437e+00  2.29318563e-02 
 1.00980544e+00  2.30019456e-02 
 1.01279644e+00  2.30720356e-02 
 1.01578736e+00  2.31421264e-02 
 1.01877821e+00  2.32122179e-02 
 1.02176900e+00  2.32823100e-02 
 1.02475971e+00  2.33524029e-02 
 1.02775035e+00  2.34224965e-02 
 1.03074092e+00  2.34925908e-02 
 1.03373143e+00  2.35626857e-02 
 1.03672187e+00  2.36327813e-02 
 1.03971224e+00  2.37028776e-02 
 1.04270255e+00  2.37729745e-02 
 1.04569279e+00  2.38430721e-02 
 1.04868297e+00  2.39131703e-02 
 1.05167308e+00  2.39832692e-02 
 1.05466314e+00  2.40533686e-02 
 1.05765313e+00  2.41234687e-02 
 1.06064306e+00  2.41935694e-02 
 1.06363293e+00  2.42636707e-02 
 1.06662274e+00  2.43337726e-02 
 1.06961249e+00  2.44038751e-02 
 1.07260218e+00  2.44739782e-02 
 1.07559182e+00  2.45440818e-02 
 1.07858140e+00  2.46141860e-02 
 1.08157092e+00  2.46842908e-02 
 1.08456039e+00  2.47543961e-02 
 1.08754980e+00  2.48245020e-02 
 1.09053916e+00  2.48946084e-02 
 1.09352846e+00  2.49647154e-02 
 1.09651772e+00  2.50348228e-02 
 1.09950692e+00  2.51049308e-02 
 1.10249607e+00  2.51750393e-02 
 1.10548517e+00  2.52451483e-02 
 1.10847422e+00  2.53152578e-02 
 1.11146322e+00  2.53853678e-02 
 1.11445217e+00  2.54554783e-02 
 1.11744108e+00  2.55255892e-02 
 1.12042993e+00  2.55957007e-02 
 1.12341874e+00  2.56658126e-02 
 1.12640751e+00  2.57359249e-02 
 1.12939623e+00  2.58060377e-02 
 1.13238491e+00  2.58761509e-02 
 1.13537354e+00  2.59462646e-02 
 1.13836213e+00  2.60163787e-02 
 1.14135068e+00  2.60864932e-02 
 1.14433918e+00  2.61566082e-02 
 1.14732765e+00  2.62267235e-02 
 1.15031607e+00  2.62968393e-02 
 1.15330446e+00  2.63669554e-02 
 1.15629280e+00  2.64370720e-02 
 1.15928111e+00  2.65071889e-02 
 1.16226938e+00  2.65773062e-02 
 1.16525761e+00  2.66474239e-02 
 1.16824581e+00  2.67175419e-02 
 1.17123397e+00  2.67876603e-02 
 1.17422209e+00  2.68577791e-02 
 1.17721018e+00  2.69278982e-02 
 1.18019824e+00  2.69980176e-02 
 1.18318626e+00  2.70681374e-02 
 1.18617425e+00  2.71382575e-02 
 1.18916221e+00  2.72083779e-02 
 1.19215014e+00  2.72784986e-02 
 1.19513804e+00  2.73486196e-02 
 1.19812590e+00  2.74187410e-02 
 1.20111374e+00  2.74888626e-02 
 1.20410155e+00  2.75589845e-02 
 1.20708933e+00  2.76291067e-02 
 1.21007708e+00  2.76992292e-02 
 1.21306480e+00  2.77693520e-02 
 1.21605250e+00  2.78394750e-02 
 1.21904018e+00  2.79095982e-02 
 1.22202782e+00  2.79797218e-02 
 1.22501545e+00  2.80498455e-02 
 1.22800305e+00  2.81199695e-02 
 1.23099062e+00  2.81900938e-02 
 1.23397818e+00  2.82602182e-02 
 1.23696571e+00  2.83303429e-02 
 1.23995322e+00  2.84004678e-02 
 1.24294071e+00  2.84705929e-02 
 1.24592818e+00  2.85407182e-02 
 1.24891563e+00  2.86108437e-02 
 1.25190306e+00  2.86809694e-02 
 1.25489047e+00  2.87510953e-02 
 1.25787787e+00  2.88212213e-02 
 1.26086525e+00  2.88913475e-02 
 1.26385261e+00  2.89614739e-02 
 1.26683996e+00  2.90316004e-02 
 1.26982729e+00  2.91017271e-02 
 1.27281460e+00  2.91718540e-02 
 1.27580190e+00  2.92419810e-02 
 1.27878919e+00  2.93121081e-02 
 1.28177647e+00  2.93822353e-02 
 1.28476373e+00  2.94523627e-02 
 1.28775098e+00  2.95224902e-02 
 1.29073822e+00  2.95926178e-02 
 1.29372545e+00  2.96627455e-02 
 1.29671267e+00  2.97328733e-02 
 1.29969988e+00  2.98030012e-02 
 1.30268708e+00  2.98731292e-02 
 1.30567428e+00  2.99432572e-02 
 1.30866147e+00  3.00133853e-02 
 1.31164864e+00  3.00835136e-02 
 1.31463582e+00  3.01536418e-02 
 1.31762299e+00  3.02237701e-02 
 1.32061015e+00  3.02938985e-02 
 1.32359731e+00  3.03640269e-02 
 1.32658446e+00  3.04341554e-02 
 1.32957161e+00  3.05042839e-02 
 1.33255876e+00  3.05744124e-02 
 1.33554591e+00  3.06445409e-02 
 1.33853306e+00  3.07146694e-02 
 1.34152020e+00  3.07847980e-02 
 1.34450734e+00  3.08549266e-02 
 1.34749449e+00  3.09250551e-02 
 1.35048163e+00  3.09951837e-02 
 1.35346878e+00  3.10653122e-02 
 1.35645593e+00  3.11354407e-02 
 1.35944308e+00  3.12055692e-02 
 1.36243024e+00  3.12756976e-02 
 1.36541740e+00  3.13458260e-02 
 1.36840456e+00  3.14159544e-02 
 1.37139173e+00  3.14860827e-02 
 1.37437891e+00  3.15562109e-02 
 1.37736609e+00  3.16263391e-02 
 1.38035328e+00  3.16964672e-02 
 1.38334047e+00  3.17665953e-02 
 1.38632768e+00  3.18367232e-02 
 1.38931489e+00  3.19068511e-02 
 1.39230211e+00  3.19769789e-02 
 1.39528934e+00  3.20471066e-02 
 1.39827659e+00  3.21172341e-02 
 1.40126384e+00  3.21873616e-02 
 1.40425111e+00  3.22574889e-02 
 1.40723839e+00  3.23276161e-02 
 1.41022568e+00  3.23977432e-02 
 1.41321298e+00  3.24678702e-02 
 1.41620030e+00  3.25379970e-02 
 1.41918764e+00  3.26081236e-02 
 1.42217499e+00  3.26782501e-02 
 1.42516235e+00  3.27483765e-02 
 1.42814974e+00  3.28185026e-02 
 1.43113714e+00  3.28886286e-02 
 1.43412455e+00  3.29587545e-02 
 1.43711199e+00  3.30288801e-02 
 1.44009945e+00  3.30990055e-02 
 1.44308692e+00  3.31691308e-02 
 1.44607442e+00  3.32392558e-02 
 1.44906194e+00  3.33093806e-02 
 1.45204947e+00  3.33795053e-02 
 1.45503704e+00  3.34496296e-02 
 1.45802462e+00  3.35197538e-02 
 1.46101223e+00  3.35898777e-02 
 1.46399986e+00  3.36600014e-02 
 1.46698751e+00  3.37301249e-02 
 1.46997520e+00  3.38002480e-02 
 1.47296290e+00  3.38703710e-02 
 1.47595064e+00  3.39404936e-02 
 1.47893840e+00  3.40106160e-02 
 1.48192619e+00  3.40807381e-02 
 1.48491401e+00  3.41508599e-02 
 1.48790186e+00  3.42209814e-02 
 1.49088974e+00  3.42911026e-02 
 1.49387764e+00  3.43612236e-02 
 1.49686558e+00  3.44313442e-02 
 1.49985355e+00  3.45014645e-02 
 1.50284156e+00  3.45715844e-02 
 1.50582959e+00  3.46417041e-02 
 1.50881766e+00  3.47118234e-02 
 1.51180577e+00  3.47819423e-02 
 1.51479391e+00  3.48520609e-02 
 1.51778209e+00  3.49221791e-02 
 1.52077030e+00  3.49922970e-02 
 1.52375855e+00  3.50624145e-02 
 1.52674683e+00  3.51325317e-02 
 1.52973516e+00  3.52026484e-02 
 1.53272352e+00  3.52727648e-02 
 1.53571193e+00  3.53428807e-02 
 1.53870037e+00  3.54129963e-02 
 1.54168885e+00  3.54831115e-02 
 1.54467738e+00  3.55532262e-02 
 1.54766595e+00  3.56233405e-02 
 1.55065456e+00  3.56934544e-02 
 1.55364322e+00  3.57635678e-02 
 1.55663192e+00  3.58336808e-02 
 1.55962066e+00  3.59037934e-02 
 1.56260946e+00  3.59739054e-02 
 1.56559829e+00  3.60440171e-02 
 1.56858718e+00  3.61141282e-02 
 1.57157611e+00  3.61842389e-02 
 1.57456509e+00  3.62543491e-02 
 1.57755412e+00  3.63244588e-02 
 1.58054320e+00  3.63945680e-02 
 1.58353233e+00  3.64646767e-02 
 1.58652152e+00  3.65347848e-02 
 1.58951075e+00  3.66048925e-02 
 1.59250004e+00  3.66749996e-02 
 1.59548938e+00  3.67451062e-02 
 1.59847877e+00  3.68152123e-02 
 1.60146822e+00  3.68853178e-02 
 1.60445773e+00  3.69554227e-02 
 1.60744729e+00  3.70255271e-02 
 1.61043691e+00  3.70956309e-02 
 1.61342659e+00  3.71657341e-02 
 1.61641632e+00  3.72358368e-02 
 1.61940612e+00  3.73059388e-02 
 1.62239597e+00  3.73760403e-02 
 1.62538589e+00  3.74461411e-02 
 1.62837587e+00  3.75162413e-02 
 1.63136591e+00  3.75863409e-02 
 1.63435601e+00  3.76564399e-02 
 1.63734618e+00  3.77265382e-02 
 1.64033641e+00  3.77966359e-02 
 1.64332670e+00  3.78667330e-02 
 1.64631707e+00  3.79368293e-02 
 1.64930750e+00  3.80069250e-02 
 1.65229799e+00  3.80770201e-02 
 1.65528856e+00  3.81471144e-02 
 1.65827920e+00  3.82172080e-02 
 1.66126990e+00  3.82873010e-02 
 1.66426068e+00  3.83573932e-02 
 1.66725152e+00  3.84274848e-02 
 1.67024244e+00  3.84975756e-02 
 1.67323344e+00  3.85676656e-02 
 1.67622451e+00  3.86377549e-02 
 1.67921565e+00  3.87078435e-02 
 1.68220687e+00  3.87779313e-02 
 1.68519816e+00  3.88480184e-02 
 1.68818953e+00  3.89181047e-02 
 1.69118098e+00  3.89881902e-02 
 1.69417251e+00  3.90582749e-02 
 1.69716412e+00  3.91283588e-02 
 1.70015581e+00  3.91984419e-02 
 1.70314758e+00  3.92685242e-02 
 1.70613944e+00  3.93386056e-02 
 1.70913137e+00  3.94086863e-02 
 1.71212340e+00  3.94787660e-02 
 1.71511550e+00  3.95488450e-02 
 1.71810769e+00  3.96189231e-02 
 1.72109997e+00  3.96890003e-02 
 1.72409234e+00  3.97590766e-02 
 1.72708479e+00  3.98291521e-02 
 1.73007734e+00  3.98992266e-02 
 1.73306997e+00  3.99693003e-02 
 1.73606270e+00  4.00393730e-02 
 1.73905552e+00  4.01094448e-02 
 1.74204843e+00  4.01795157e-02 
 1.74504143e+00  4.02495857e-02 
 1.74803453e+00  4.03196547e-02 
 1.75102773e+00  4.03897227e-02 
 1.75402102e+00  4.04597898e-02 
 1.75701441e+00  4.05298559e-02 
 1.76000790e+00  4.05999210e-02 
 1.76300149e+00  4.06699851e-02 
 1.76599518e+00  4.07400482e-02 
 1.76898897e+00  4.08101103e-02 
 1.77198287e+00  4.08801713e-02 
 1.77497686e+00  4.09502314e-02 
 1.77797097e+00  4.10202903e-02 
 1.78096517e+00  4.10903483e-02 
 1.78395949e+00  4.11604051e-02 
 1.78695391e+00  4.12304609e-02 
 1.78994844e+00  4.13005156e-02 
 1.79294308e+00  4.13705692e-02 
 1.79593783e+00  4.14406217e-02 
 1.79893269e+00  4.15106731e-02 
 1.80192766e+00  4.15807234e-02 
 1.80492275e+00  4.16507725e-02 
 1.80791795e+00  4.17208205e-02 
 1.81091327e+00  4.17908673e-02 
 1.81390871e+00  4.18609129e-02 
 1.81690426e+00  4.19309574e-02 
 1.81989993e+00  4.20010007e-02 
 1.82289572e+00  4.20710428e-02 
 1.82589164e+00  4.21410836e-02 
 1.82888768e+00  4.22111232e-02 
 1.83188383e+00  4.22811617e-02 
 1.83488012e+00  4.23511988e-02 
 1.83787653e+00  4.24212347e-02 
 1.84087307e+00  4.24912693e-02 
 1.84386973e+00  4.25613027e-02 
 1.84686653e+00  4.26313347e-02 
 1.84986345e+00  4.27013655e-02 
 1.85286051e+00  4.27713949e-02 
 1.85585770e+00  4.28414230e-02 
 1.85885502e+00  4.29114498e-02 
 1.86185248e+00  4.29814752e-02 
 1.86485007e+00  4.30514993e-02 
 1.86784781e+00  4.31215219e-02 
 1.87084568e+00  4.31915432e-02 
 1.87384369e+00  4.32615631e-02 
 1.87684184e+00  4.33315816e-02 
 1.87984014e+00  4.34015986e-02 
 1.88283858e+00  4.34716142e-02 
 1.88583716e+00  4.35416284e-02 
 1.88883589e+00  4.36116411e-02 
 1.89183477e+00  4.36816523e-02 
 1.89483380e+00  4.37516620e-02 
 1.89783298e+00  4.38216702e-02 
 1.90083231e+00  4.38916769e-02 
 1.90383179e+00  4.39616821e-02 
 1.90683143e+00  4.40316857e-02 
 1.90983123e+00  4.41016877e-02 
 1.91283118e+00  4.41716882e-02 
 1.91583129e+00  4.42416871e-02 
 1.91883156e+00  4.43116844e-02 
 1.92183199e+00  4.43816801e-02 
 1.92483258e+00  4.44516742e-02 
 1.92783334e+00  4.45216666e-02 
 1.93083427e+00  4.45916573e-02 
 1.93383536e+00  4.46616464e-02 
 1.93683662e+00  4.47316338e-02 
 1.93983805e+00  4.48016195e-02 
 1.94283965e+00  4.48716035e-02 
 1.94584143e+00  4.49415857e-02 
 1.94884338e+00  4.50115662e-02 
 1.95184551e+00  4.50815449e-02 
 1.95484781e+00  4.51515219e-02 
 1.95785030e+00  4.52214970e-02 
 1.96085296e+00  4.52914704e-02 
 1.96385581e+00  4.53614419e-02 
 1.96685884e+00  4.54314116e-02 
 1.96986206e+00  4.55013794e-02 
 1.97286547e+00  4.55713453e-02 
 1.97586906e+00  4.56413094e-02 
 1.97887285e+00  4.57112715e-02 
 1.98187683e+00  4.57812317e-02 
 1.98488101e+00  4.58511899e-02 
 1.98788538e+00  4.59211462e-02 
 1.99088994e+00  4.59911006e-02 
 1.99389471e+00  4.60610529e-02 
 1.99689968e+00  4.61310032e-02 
 1.99990485e+00  4.62009515e-02 
 2.00291023e+00  4.62708977e-02 
 2.00591582e+00  4.63408418e-02 
 2.00892161e+00  4.64107839e-02 
 2.01192761e+00  4.64807239e-02 
 2.01493383e+00  4.65506617e-02 
 2.01794026e+00  4.66205974e-02 
 2.02094691e+00  4.66905309e-02 
 2.02395377e+00  4.67604623e-02 
 2.02696086e+00  4.68303914e-02 
 2.02996817e+00  4.69003183e-02 
 2.03297570e+00  4.69702430e-02 
 2.03598346e+00  4.70401654e-02 
 2.03899145e+00  4.71100855e-02 
 2.04199967e+00  4.71800033e-02 
 2.04500812e+00  4.72499188e-02 
 2.04801680e+00  4.73198320e-02 
 2.05102572e+00  4.73897428e-02 
 2.05403489e+00  4.74596511e-02 
 2.05704429e+00  4.75295571e-02 
 2.06005393e+00  4.75994607e-02 
 2.06306382e+00  4.76693618e-02 
 2.06607396e+00  4.77392604e-02 
 2.06908435e+00  4.78091565e-02 
 2.07209499e+00  4.78790501e-02 
 2.07510589e+00  4.79489411e-02 
 2.07811704e+00  4.80188296e-02 
 2.08112846e+00  4.80887154e-02 
 2.08414013e+00  4.81585987e-02 
 2.08715207e+00  4.82284793e-02 
 2.09016428e+00  4.82983572e-02 
 2.09317675e+00  4.83682325e-02 
 2.09618950e+00  4.84381050e-02 
 2.09920252e+00  4.85079748e-02 
 2.10221582e+00  4.85778418e-02 
 2.10522940e+00  4.86477060e-02 
 2.10824326e+00  4.87175674e-02 
 2.11125740e+00  4.87874260e-02 
 2.11427184e+00  4.88572816e-02 
 2.11728656e+00  4.89271344e-02 
 2.12030158e+00  4.89969842e-02 
 2.12331689e+00  4.90668311e-02 
 2.12633250e+00  4.91366750e-02 
 2.12934841e+00  4.92065159e-02 
 2.13236463e+00  4.92763537e-02 
 2.13538115e+00  4.93461885e-02 
 2.13839799e+00  4.94160201e-02 
 2.14141513e+00  4.94858487e-02 
 2.14443260e+00  4.95556740e-02 
 2.14745038e+00  4.96254962e-02 
 2.15046849e+00  4.96953151e-02 
 2.15348692e+00  4.97651308e-02 
 2.15650568e+00  4.98349432e-02 
 2.15952477e+00  4.99047523e-02 
 2.16254420e+00  4.99745580e-02 
 2.16556397e+00  5.00443603e-02 
 2.16858408e+00  5.01141592e-02 
 2.17160453e+00  5.01839547e-02 
 2.17462533e+00  5.02537467e-02 
 2.17764649e+00  5.03235351e-02 
 2.18066800e+00  5.03933200e-02 
 2.18368987e+00  5.04631013e-02 
 2.18671211e+00  5.05328789e-02 
 2.18973471e+00  5.06026529e-02 
 2.19275768e+00  5.06724232e-02 
 2.19578102e+00  5.07421898e-02 
 2.19880475e+00  5.08119525e-02 
 2.20182885e+00  5.08817115e-02 
 2.20485335e+00  5.09514665e-02 
 2.20787823e+00  5.10212177e-02 
 2.21090350e+00  5.10909650e-02 
 2.21392918e+00  5.11607082e-02 
 2.21695525e+00  5.12304475e-02 
 2.21998173e+00  5.13001827e-02 
 2.22300863e+00  5.13699137e-02 
 2.22603593e+00  5.14396407e-02 
 2.22906366e+00  5.15093634e-02 
 2.23209181e+00  5.15790819e-02 
 2.23512039e+00  5.16487961e-02 
 2.23814940e+00  5.17185060e-02 
 2.24117885e+00  5.17882115e-02 
 2.24420874e+00  5.18579126e-02 
 2.24723908e+00  5.19276092e-02 
 2.25026987e+00  5.19973013e-02 
 2.25330111e+00  5.20669889e-02 
 2.25633282e+00  5.21366718e-02 
 2.25936499e+00  5.22063501e-02 
 2.26239764e+00  5.22760236e-02 
 2.26543076e+00  5.23456924e-02 
 2.26846436e+00  5.24153564e-02 
 2.27149846e+00  5.24850154e-02 
 2.27453304e+00  5.25546696e-02 
 2.27756812e+00  5.26243188e-02 
 2.28060371e+00  5.26939629e-02 
 2.28363981e+00  5.27636019e-02 
 2.28667642e+00  5.28332358e-02 
 2.28971356e+00  5.29028644e-02 
 2.29275122e+00  5.29724878e-02 
 2.29578941e+00  5.30421059e-02 
 2.29882815e+00  5.31117185e-02 
 2.30186743e+00  5.31813257e-02 
 2.30490726e+00  5.32509274e-02 
 2.30794765e+00  5.33205235e-02 
 2.31098861e+00  5.33901139e-02 
 2.31403014e+00  5.34596986e-02 
 2.31707225e+00  5.35292775e-02 
 2.32011494e+00  5.35988506e-02 
 2.32315822e+00  5.36684178e-02 
 2.32620211e+00  5.37379789e-02 
 2.32924660e+00  5.38075340e-02 
 2.33229171e+00  5.38770829e-02 
 2.33533743e+00  5.39466257e-02 
 2.33838379e+00  5.40161621e-02 
 2.34143078e+00  5.40856922e-02 
 2.34447842e+00  5.41552158e-02 
 2.34752671e+00  5.42247329e-02 
 2.35057566e+00  5.42942434e-02 
 2.35362529e+00  5.43637471e-02 
 2.35667558e+00  5.44332442e-02 
 2.35972657e+00  5.45027343e-02 
 2.36277825e+00  5.45722175e-02 
 2.36583063e+00  5.46416937e-02 
 2.36888373e+00  5.47111627e-02 
 2.37193755e+00  5.47806245e-02 
 2.37499210e+00  5.48500790e-02 
 2.37804739e+00  5.49195261e-02 
 2.38110344e+00  5.49889656e-02 
 2.38416024e+00  5.50583976e-02 
 2.38721781e+00  5.51278219e-02 
 2.39027617e+00  5.51972383e-02 
 2.39333532e+00  5.52666468e-02 
 2.39639527e+00  5.53360473e-02 
 2.39945603e+00  5.54054397e-02 
 2.40251762e+00  5.54748238e-02 
 2.40558004e+00  5.55441996e-02 
 2.40864331e+00  5.56135669e-02 
 2.41170744e+00  5.56829256e-02 
 2.41477244e+00  5.57522756e-02 
 2.41783832e+00  5.58216168e-02 
 2.42090510e+00  5.58909490e-02 
 2.42397278e+00  5.59602722e-02 
 2.42704139e+00  5.60295861e-02 
 2.43011093e+00  5.60988907e-02 
 2.43318142e+00  5.61681858e-02 
 2.43625287e+00  5.62374713e-02 
 2.43932530e+00  5.63067470e-02 
 2.44239872e+00  5.63760128e-02 
 2.44547314e+00  5.64452686e-02 
 2.44854859e+00  5.65145141e-02 
 2.45162507e+00  5.65837493e-02 
 2.45470260e+00  5.66529740e-02 
 2.45778120e+00  5.67221880e-02 
 2.46086088e+00  5.67913912e-02 
 2.46394166e+00  5.68605834e-02 
 2.46702356e+00  5.69297644e-02 
 2.47010659e+00  5.69989341e-02 
 2.47319078e+00  5.70680922e-02 
 2.47627614e+00  5.71372386e-02 
 2.47936269e+00  5.72063731e-02 
 2.48245045e+00  5.72754955e-02 
 2.48553943e+00  5.73446057e-02 
 2.48862967e+00  5.74137033e-02 
 2.49172117e+00  5.74827883e-02 
 2.49481397e+00  5.75518603e-02 
 2.49790807e+00  5.76209193e-02 
 2.50100351e+00  5.76899649e-02 
 2.50410031e+00  5.77589969e-02 
 2.50719849e+00  5.78280151e-02 
 2.51029807e+00  5.78970193e-02 
 2.51339907e+00  5.79660093e-02 
 2.51650153e+00  5.80349847e-02 
 2.51960547e+00  5.81039453e-02 
 2.52271092e+00  5.81728908e-02 
 2.52581789e+00  5.82418211e-02 
 2.52892642e+00  5.83107358e-02 
 2.53203655e+00  5.83796345e-02 
 2.53514828e+00  5.84485172e-02 
 2.53826167e+00  5.85173833e-02 
 2.54137673e+00  5.85862327e-02 
 2.54449350e+00  5.86550650e-02 
 2.54761201e+00  5.87238799e-02 
 2.55073230e+00  5.87926770e-02 
 2.55385439e+00  5.88614561e-02 
 2.55697833e+00  5.89302167e-02 
 2.56010414e+00  5.89989586e-02 
 2.56323188e+00  5.90676812e-02 
 2.56636157e+00  5.91363843e-02 
 2.56949326e+00  5.92050674e-02 
 2.57262698e+00  5.92737302e-02 
 2.57576277e+00  5.93423723e-02 
 2.57890069e+00  5.94109931e-02 
 2.58204078e+00  5.94795922e-02 
 2.58518307e+00  5.95481693e-02 
 2.58832762e+00  5.96167238e-02 
 2.59147448e+00  5.96852552e-02 
 2.59462370e+00  5.97537630e-02 
 2.59777532e+00  5.98222468e-02 
 2.60092941e+00  5.98907059e-02 
 2.60408601e+00  5.99591399e-02 
 2.60724518e+00  6.00275482e-02 
 2.61040699e+00  6.00959301e-02 
 2.61357150e+00  6.01642850e-02 
 2.61673876e+00  6.02326124e-02 
 2.61990884e+00  6.03009116e-02 
 2.62308182e+00  6.03691818e-02 
 2.62625775e+00  6.04374225e-02 
 2.62943672e+00  6.05056328e-02 
 2.63261879e+00  6.05738121e-02 
 2.63580404e+00  6.06419596e-02 
 2.63899256e+00  6.07100744e-02 
 2.64218443e+00  6.07781557e-02 
 2.64537974e+00  6.08462026e-02 
 2.64857857e+00  6.09142143e-02 
 2.65178102e+00  6.09821898e-02 
 2.65498718e+00  6.10501282e-02 
 2.65819716e+00  6.11180284e-02 
 2.66141106e+00  6.11858894e-02 
 2.66462899e+00  6.12537101e-02 
 2.66785107e+00  6.13214893e-02 
 2.67107741e+00  6.13892259e-02 
 2.67430814e+00  6.14569186e-02 
 2.67754338e+00  6.15245662e-02 
 2.68078326e+00  6.15921674e-02 
 2.68402794e+00  6.16597206e-02 
 2.68727756e+00  6.17272244e-02 
 2.69053226e+00  6.17946774e-02 
 2.69379221e+00  6.18620779e-02 
 2.69705757e+00  6.19294243e-02 
 2.70032853e+00  6.19967147e-02 
 2.70360526e+00  6.20639474e-02 
 2.70688796e+00  6.21311204e-02 
 2.71017682e+00  6.21982318e-02 
 2.71347207e+00  6.22652793e-02 
 2.71677392e+00  6.23322608e-02 
 2.72008260e+00  6.23991740e-02 
 2.72339837e+00  6.24660163e-02 
 2.72672149e+00  6.25327851e-02 
 2.73005221e+00  6.25994779e-02 
 2.73339085e+00  6.26660915e-02 
 2.73673769e+00  6.27326231e-02 
 2.74009306e+00  6.27990694e-02 
 2.74345731e+00  6.28654269e-02 
 2.74683078e+00  6.29316922e-02 
 2.75021386e+00  6.29978614e-02 
 2.75360696e+00  6.30639304e-02 
 2.75701051e+00  6.31298949e-02 
 2.76042496e+00  6.31957504e-02 
 2.76385080e+00  6.32614920e-02 
 2.76728854e+00  6.33271146e-02 
 2.77073874e+00  6.33926126e-02 
 2.77420199e+00  6.34579801e-02 
 2.77767892e+00  6.35232108e-02 
 2.78117019e+00  6.35882981e-02 
 2.78467654e+00  6.36532346e-02 
 2.78819874e+00  6.37180126e-02 
 2.79173762e+00  6.37826238e-02 
 2.79529408e+00  6.38470592e-02 
 2.79886909e+00  6.39113091e-02 
 2.80246369e+00  6.39753631e-02 
 2.80607902e+00  6.40392098e-02 
 2.80971629e+00  6.41028371e-02 
 2.81337684e+00  6.41662316e-02 
 2.81706211e+00  6.42293789e-02 
 2.82077366e+00  6.42922634e-02 
 2.82451322e+00  6.43548678e-02 
 2.82828265e+00  6.44171735e-02 
 2.83208401e+00  6.44791599e-02 
 2.83591956e+00  6.45408044e-02 
 2.83979175e+00  6.46020825e-02 
 2.84370332e+00  6.46629668e-02 
 2.84765727e+00  6.47234273e-02 
 2.85165694e+00  6.47834306e-02 
 2.85570599e+00  6.48429401e-02 
 2.85980852e+00  6.49019148e-02 
 2.86396906e+00  6.49603094e-02 
 2.86819268e+00  6.50180732e-02 
 2.87248501e+00  6.50751499e-02 
 2.87685233e+00  6.51314767e-02 
 2.88130164e+00  6.51869836e-02 
 2.88584078e+00  6.52415922e-02 
 2.89047843e+00  6.52952157e-02 
 2.89522429e+00  6.53477571e-02 
 2.90008906e+00  6.53991094e-02 
 2.90508453e+00  6.54491547e-02 
 2.91022356e+00  6.54977644e-02 
 2.91552003e+00  6.55447997e-02 
 2.92098866e+00  6.55901134e-02 
 2.92664469e+00  6.56335531e-02 
 2.93250344e+00  6.56749656e-02 
 2.93857959e+00  6.57142041e-02 
 2.94488634e+00  6.57511366e-02 
 2.95143429e+00  6.57856571e-02 
 2.95823041e+00  6.58176959e-02 
 2.96527695e+00  6.58472305e-02 
 2.97257084e+00  6.58742916e-02 
 2.98010346e+00  6.58989654e-02 
 2.98786111e+00  6.59213889e-02 
 2.99582598e+00  6.59417402e-02 
 3.00397751e+00  6.59602249e-02 
 3.01229388e+00  6.59770612e-02 
 3.02075332e+00  6.59924668e-02 
 3.02933519e+00  6.60066481e-02 
 3.03802063e+00  6.60197937e-02 
 3.04679295e+00  6.60320705e-02 
 3.05563772e+00  6.60436228e-02 
 3.06454264e+00  6.60545736e-02 
 3.07349740e+00  6.60650260e-02 
 3.08249340e+00  6.60750660e-02 
 3.09152353e+00  6.60847647e-02 
 3.10058192e+00  6.60941808e-02 
 3.10966372e+00  6.61033628e-02 
 3.11876496e+00  6.61123504e-02 
 3.12788234e+00  6.61211766e-02 
 3.13701316e+00  6.61298684e-02 
 3.14615518e+00  6.61384482e-02 
 3.15530653e+00  6.61469347e-02 
 3.16446570e+00  6.61553430e-02 
 3.17363139e+00  6.61636861e-02 
 3.18280255e+00  6.61719745e-02 
 3.19197828e+00  6.61802172e-02 
 3.20115786e+00  6.61884214e-02 
 3.21034066e+00  6.61965934e-02 
 3.21952616e+00  6.62047384e-02 
 3.22871394e+00  6.62128606e-02 
 3.23790362e+00  6.62209638e-02 
 3.24709492e+00  6.62290508e-02 
 3.25628756e+00  6.62371244e-02 
 3.26548134e+00  6.62451866e-02 
 3.27467608e+00  6.62532392e-02 
 3.28387162e+00  6.62612838e-02 
 3.29306783e+00  6.62693217e-02 
 3.30226462e+00  6.62773538e-02 
 3.31146189e+00  6.62853811e-02 
 3.32065956e+00  6.62934044e-02 
 3.32985757e+00  6.63014243e-02 
 3.33905587e+00  6.63094413e-02 
 3.34825441e+00  6.63174559e-02 
 3.35745316e+00  6.63254684e-02 
 3.36665207e+00  6.63334793e-02 
 3.37585113e+00  6.63414887e-02 
 3.38505031e+00  6.63494969e-02 
 3.39424959e+00  6.63575041e-02 
 3.40344896e+00  6.63655104e-02 
 3.41264841e+00  6.63735159e-02 
 3.42184791e+00  6.63815209e-02 
 3.43104746e+00  6.63895254e-02 
 3.44024706e+00  6.63975294e-02 
 3.44944670e+00  6.64055330e-02 
 3.45864636e+00  6.64135364e-02 
 3.46784605e+00  6.64215395e-02 
 3.47704577e+00  6.64295423e-02 
 3.48624550e+00  6.64375450e-02 
 3.49544525e+00  6.64455475e-02 
 3.50464501e+00  6.64535499e-02 
 3.51384478e+00  6.64615522e-02 
 3.52304456e+00  6.64695544e-02 
 3.53224435e+00  6.64775565e-02 
 3.54144414e+00  6.64855586e-02 
 3.55064395e+00  6.64935605e-02 
 3.55984375e+00  6.65015625e-02 
 3.56904356e+00  6.65095644e-02 
 3.57824337e+00  6.65175663e-02 
 3.58744319e+00  6.65255681e-02 
 3.59664301e+00  6.65335699e-02 
 3.60584283e+00  6.65415717e-02 
 3.61504265e+00  6.65495735e-02 
 3.62424247e+00  6.65575753e-02 
 3.63344230e+00  6.65655770e-02 
 3.64264212e+00  6.65735788e-02 
 3.65184195e+00  6.65815805e-02 
 3.66104177e+00  6.65895823e-02 
 3.67024160e+00  6.65975840e-02 
 3.67944143e+00  6.66055857e-02 
 3.68864126e+00  6.66135874e-02 
 3.69784109e+00  6.66215891e-02 
 3.70704092e+00  6.66295908e-02 
 3.71624074e+00  6.66375926e-02 
 3.72544057e+00  6.66455943e-02 
 3.73464040e+00  6.66535960e-02 
 3.74384023e+00  6.66615977e-02 
 3.75304006e+00  6.66695994e-02 
 3.76223989e+00  6.66776011e-02 
 3.77143972e+00  6.66856028e-02 
 3.78063955e+00  6.66936045e-02 
 3.78983938e+00  6.67016062e-02 
 3.79903922e+00  6.67096078e-02 
 3.80823905e+00  6.67176095e-02 
 3.81743888e+00  6.67256112e-02 
 3.82663871e+00  6.67336129e-02 
 3.83583854e+00  6.67416146e-02 
 3.84503837e+00  6.67496163e-02 
 3.85423820e+00  6.67576180e-02 
 3.86343803e+00  6.67656197e-02 
 3.87263786e+00  6.67736214e-02 
 3.88183769e+00  6.67816231e-02 
 3.89103752e+00  6.67896248e-02 
 3.90023735e+00  6.67976265e-02 
 3.90943718e+00  6.68056282e-02 
 3.91863701e+00  6.68136299e-02 
 3.92783684e+00  6.68216316e-02 
 3.93703667e+00  6.68296333e-02 
 3.94623650e+00  6.68376350e-02 
 3.95543633e+00  6.68456367e-02 
 3.96463616e+00  6.68536384e-02 
 3.97383599e+00  6.68616401e-02 
 3.98303583e+00  6.68696417e-02 
 3.99223566e+00  6.68776434e-02 
 4.00143549e+00  6.68856451e-02 
 4.01063532e+00  6.68936468e-02 
 4.01983515e+00  6.69016485e-02 
 4.02903498e+00  6.69096502e-02 
 4.03823481e+00  6.69176519e-02 
 4.04743464e+00  6.69256536e-02 
 4.05663447e+00  6.69336553e-02 
 4.06583430e+00  6.69416570e-02 
 4.07503413e+00  6.69496587e-02 
 4.08423396e+00  6.69576604e-02 
 4.09343379e+00  6.69656621e-02 
 4.10263362e+00  6.69736638e-02 
 4.11183345e+00  6.69816655e-02 
 4.12103328e+00  6.69896672e-02 
 4.13023311e+00  6.69976689e-02 
 4.13943295e+00  6.70056705e-02 
 4.14863278e+00  6.70136722e-02 
 4.15783261e+00  6.70216739e-02 
 4.16703244e+00  6.70296756e-02 
 4.17623227e+00  6.70376773e-02 
 4.18543210e+00  6.70456790e-02 
 4.19463193e+00  6.70536807e-02 
 4.20383176e+00  6.70616824e-02 
 4.21303159e+00  6.70696841e-02 
 4.22223142e+00  6.70776858e-02 
 4.23143125e+00  6.70856875e-02 
 4.24063108e+00  6.70936892e-02 
 4.24983091e+00  6.71016909e-02 
 4.25903074e+00  6.71096926e-02 
 4.26823057e+00  6.71176943e-02 
 4.27743040e+00  6.71256960e-02 
 4.28663023e+00  6.71336977e-02 
 4.29583007e+00  6.71416993e-02 
 4.30502990e+00  6.71497010e-02 
 4.31422973e+00  6.71577027e-02 
 4.32342956e+00  6.71657044e-02 
 4.33262939e+00  6.71737061e-02 
 4.34182922e+00  6.71817078e-02 
 4.35102905e+00  6.71897095e-02 
 4.36022888e+00  6.71977112e-02 
 4.36942871e+00  6.72057129e-02 
 4.37862854e+00  6.72137146e-02 
 4.38782837e+00  6.72217163e-02 
 4.39702820e+00  6.72297180e-02 
 4.40622803e+00  6.72377197e-02 
 4.41542786e+00  6.72457214e-02 
 4.42462769e+00  6.72537231e-02 
 4.43382752e+00  6.72617248e-02 
 4.44302735e+00  6.72697265e-02 
 4.45222719e+00  6.72777281e-02 
 4.46142702e+00  6.72857298e-02 
 4.47062685e+00  6.72937315e-02 
 4.47982668e+00  6.73017332e-02 
 4.48902651e+00  6.73097349e-02 
 4.49822634e+00  6.73177366e-02 
 4.50742617e+00  6.73257383e-02 
 4.51662600e+00  6.73337400e-02 
 4.52582583e+00  6.73417417e-02 
 4.53502566e+00  6.73497434e-02 
 4.54422549e+00  6.73577451e-02 
 4.55342532e+00  6.73657468e-02 
 4.56262515e+00  6.73737485e-02 
 4.57182498e+00  6.73817502e-02 
 4.58102481e+00  6.73897519e-02 
 4.59022464e+00  6.73977536e-02 
 4.59942447e+00  6.74057553e-02 
 4.60862431e+00  6.74137569e-02 
 4.61782414e+00  6.74217586e-02 
 4.62702397e+00  6.74297603e-02 
 4.63622380e+00  6.74377620e-02 
 4.64542363e+00  6.74457637e-02 
 4.65462346e+00  6.74537654e-02 
 4.66382329e+00  6.74617671e-02 
 4.67302312e+00  6.74697688e-02 
 4.68222295e+00  6.74777705e-02 
 4.69142278e+00  6.74857722e-02 
 4.70062261e+00  6.74937739e-02 
 4.70982244e+00  6.75017756e-02 
 4.71902227e+00  6.75097773e-02 
 4.72822210e+00  6.75177790e-02 
 4.73742193e+00  6.75257807e-02 
 4.74662176e+00  6.75337824e-02 
 4.75582160e+00  6.75417840e-02 
 4.76502143e+00  6.75497857e-02 
 4.77422126e+00  6.75577874e-02 
 4.78342109e+00  6.75657891e-02 
 4.79262092e+00  6.75737908e-02 
 4.80182075e+00  6.75817925e-02 
 4.81102058e+00  6.75897942e-02 
 4.82022041e+00  6.75977959e-02 
 4.82942024e+00  6.76057976e-02 
 4.83862007e+00  6.76137993e-02 
 4.84781990e+00  6.76218010e-02 
 4.85701973e+00  6.76298027e-02 
 4.86621956e+00  6.76378044e-02 
 4.87541939e+00  6.76458061e-02 
 4.88461922e+00  6.76538078e-02 
 4.89381905e+00  6.76618095e-02 
 4.90301888e+00  6.76698112e-02 
 4.91221872e+00  6.76778128e-02 
 4.92141855e+00  6.76858145e-02 
 4.93061838e+00  6.76938162e-02 
 4.93981821e+00  6.77018179e-02 
 4.94901804e+00  6.77098196e-02 
 4.95821787e+00  6.77178213e-02 
 4.96741770e+00  6.77258230e-02 
 4.97661753e+00  6.77338247e-02 
 4.98581736e+00  6.77418264e-02 
 4.99501719e+00  6.77498281e-02 
 5.00421702e+00  6.77578298e-02 
 5.01341685e+00  6.77658315e-02 
 5.02261668e+00  6.77738332e-02 
 5.03181651e+00  6.77818349e-02 
 5.04101634e+00  6.77898366e-02 
 5.05021617e+00  6.77978383e-02 
 5.05941600e+00  6.78058400e-02 
 5.06861584e+00  6.78138416e-02 
 5.07781567e+00  6.78218433e-02 
 5.08701550e+00  6.78298450e-02 
 5.09621533e+00  6.78378467e-02 
 5.10541516e+00  6.78458484e-02 
 5.11461499e+00  6.78538501e-02 
 5.12381482e+00  6.78618518e-02 
 5.13301465e+00  6.78698535e-02 
 5.14221448e+00  6.78778552e-02 
 5.15141431e+00  6.78858569e-02 
 5.16061414e+00  6.78938586e-02 
 5.16981397e+00  6.79018603e-02 
 5.17901380e+00  6.79098620e-02 
 5.18821363e+00  6.79178637e-02 
 5.19741346e+00  6.79258654e-02 
 5.20661329e+00  6.79338671e-02 
 5.21581313e+00  6.79418687e-02 
 5.22501296e+00  6.79498704e-02 
 5.23421279e+00  6.79578721e-02 
 5.24341262e+00  6.79658738e-02 
 5.25261245e+00  6.79738755e-02 
 5.26181228e+00  6.79818772e-02 
 5.27101211e+00  6.79898789e-02 
 5.28021194e+00  6.79978806e-02 
 5.28941177e+00  6.80058823e-02 
 5.29861160e+00  6.80138840e-02 
 5.30781143e+00  6.80218857e-02 
 5.31701126e+00  6.80298874e-02 
 5.32621109e+00  6.80378891e-02 
 5.33541092e+00  6.80458908e-02 
 5.34461075e+00  6.80538925e-02 
 5.35381058e+00  6.80618942e-02 
 5.36301041e+00  6.80698959e-02 
 5.37221025e+00  6.80778975e-02 
 5.38141008e+00  6.80858992e-02 
 5.39060991e+00  6.80939009e-02 
 5.39980974e+00  6.81019026e-02 
 5.40900957e+00  6.81099043e-02 
 5.41820940e+00  6.81179060e-02 
 5.42740923e+00  6.81259077e-02 
 5.43660906e+00  6.81339094e-02 
 5.44580889e+00  6.81419111e-02 
 5.45500872e+00  6.81499128e-02 
 5.46420855e+00  6.81579145e-02 
 5.47340838e+00  6.81659162e-02 
 5.48260821e+00  6.81739179e-02 
 5.49180804e+00  6.81819196e-02 
 5.50100787e+00  6.81899213e-02 
 5.51020770e+00  6.81979230e-02 
 5.51940754e+00  6.82059246e-02 
 5.52860737e+00  6.82139263e-02 
 5.53780720e+00  6.82219280e-02 
 5.54700703e+00  6.82299297e-02 
 5.55620686e+00  6.82379314e-02 
 5.56540669e+00  6.82459331e-02 
 5.57460652e+00  6.82539348e-02 
 5.58380635e+00  6.82619365e-02 
 5.59300618e+00  6.82699382e-02 
 5.60220601e+00  6.82779399e-02 
 5.61140584e+00  6.82859416e-02 
 5.62060567e+00  6.82939433e-02 
 5.62980550e+00  6.83019450e-02 
 5.63900533e+00  6.83099467e-02 
 5.64820516e+00  6.83179484e-02 
 5.65740499e+00  6.83259501e-02 
 5.66660482e+00  6.83339518e-02 
 5.67580466e+00  6.83419534e-02 
 5.68500449e+00  6.83499551e-02 
 5.69420432e+00  6.83579568e-02 
 5.70340415e+00  6.83659585e-02 
 5.71260398e+00  6.83739602e-02 
 5.72180381e+00  6.83819619e-02 
 5.73100364e+00  6.83899636e-02 
 5.74020347e+00  6.83979653e-02 
 5.74940330e+00  6.84059670e-02 
 5.75860313e+00  6.84139687e-02 
 5.76780296e+00  6.84219704e-02 
 5.77700279e+00  6.84299721e-02 
 5.78620262e+00  6.84379738e-02 
 5.79540245e+00  6.84459755e-02 
 5.80460228e+00  6.84539772e-02 
 5.81380211e+00  6.84619789e-02 
 5.82300194e+00  6.84699806e-02 
 5.83220178e+00  6.84779822e-02 
 5.84140161e+00  6.84859839e-02 
 5.85060144e+00  6.84939856e-02 
 5.85980127e+00  6.85019873e-02 
 5.86900110e+00  6.85099890e-02 
 5.87820093e+00  6.85179907e-02 
 5.88740076e+00  6.85259924e-02 
 5.89660059e+00  6.85339941e-02 
 5.90580042e+00  6.85419958e-02 
 5.91500025e+00  6.85499975e-02 
 5.92420008e+00  6.85579992e-02 
 5.93339991e+00  6.85660009e-02 
 5.94259974e+00  6.85740026e-02 
 5.95179957e+00  6.85820043e-02 
 5.96099940e+00  6.85900060e-02 
 5.97019923e+00  6.85980077e-02 
 5.97939907e+00  6.86060093e-02 
 5.98859890e+00  6.86140110e-02 
 5.99779873e+00  6.86220127e-02 
 6.00699856e+00  6.86300144e-02 
 6.01619839e+00  6.86380161e-02 
 6.02539822e+00  6.86460178e-02 
 6.03459805e+00  6.86540195e-02 
 6.04379788e+00  6.86620212e-02 
 6.05299771e+00  6.86700229e-02 
 6.06219754e+00  6.86780246e-02 
 6.07139737e+00  6.86860263e-02 
 6.08059720e+00  6.86940280e-02 
 6.08979703e+00  6.87020297e-02 
 6.09899686e+00  6.87100314e-02 
 6.10819669e+00  6.87180331e-02 
 6.11739652e+00  6.87260348e-02 
 6.12659635e+00  6.87340365e-02 
 6.13579619e+00  6.87420381e-02 
 6.14499602e+00  6.87500398e-02 
 6.15419585e+00  6.87580415e-02 
 6.16339568e+00  6.87660432e-02 
 6.17259551e+00  6.87740449e-02 
 6.18179534e+00  6.87820466e-02 
 6.19099517e+00  6.87900483e-02 
 6.20019500e+00  6.87980500e-02 
 6.20939483e+00  6.88060517e-02 
 6.21859466e+00  6.88140534e-02 
 6.22779449e+00  6.88220551e-02 
 6.23699432e+00  6.88300568e-02 
 6.24619415e+00  6.88380585e-02 
 6.25539398e+00  6.88460602e-02 
 6.26459381e+00  6.88540619e-02 
 6.27379364e+00  6.88620636e-02 
 6.28299347e+00  6.88700653e-02 
 6.29219331e+00  6.88780669e-02 
 6.30139314e+00  6.88860686e-02 
 6.31059297e+00  6.88940703e-02 
 6.31979280e+00  6.89020720e-02 
 6.32899263e+00  6.89100737e-02 
 6.33819246e+00  6.89180754e-02 
 6.34739229e+00  6.89260771e-02 
 6.35659212e+00  6.89340788e-02 
 6.36579195e+00  6.89420805e-02 
 6.37499178e+00  6.89500822e-02 
 6.38419161e+00  6.89580839e-02 
 6.39339144e+00  6.89660856e-02 
 6.40259127e+00  6.89740873e-02 
 6.41179110e+00  6.89820890e-02 
 6.42099093e+00  6.89900907e-02 
 6.43019076e+00  6.89980924e-02 
 6.43939059e+00  6.90060941e-02 
 6.44859043e+00  6.90140957e-02 
 6.45779026e+00  6.90220974e-02 
 6.46699009e+00  6.90300991e-02 
 6.47618992e+00  6.90381008e-02 
 6.48538975e+00  6.90461025e-02 
 6.49458958e+00  6.90541042e-02 
 6.50378941e+00  6.90621059e-02 
 6.51298924e+00  6.90701076e-02 
 6.52218907e+00  6.90781093e-02 
 6.53138890e+00  6.90861110e-02 
 6.54058873e+00  6.90941127e-02 
 6.54978856e+00  6.91021144e-02 
 6.55898839e+00  6.91101161e-02 
 6.56818822e+00  6.91181178e-02 
 6.57738805e+00  6.91261195e-02 
 6.58658788e+00  6.91341212e-02 
 6.59578772e+00  6.91421228e-02 
 6.60498755e+00  6.91501245e-02 
 6.61418738e+00  6.91581262e-02 
 6.62338721e+00  6.91661279e-02 
 6.63258704e+00  6.91741296e-02 
 6.64178687e+00  6.91821313e-02 
 6.65098670e+00  6.91901330e-02 
 6.66018653e+00  6.91981347e-02 
 6.66938636e+00  6.92061364e-02 
 6.67858619e+00  6.92141381e-02 
 6.68778602e+00  6.92221398e-02 
 6.69698585e+00  6.92301415e-02 
 6.70618568e+00  6.92381432e-02 
 6.71538551e+00  6.92461449e-02 
 6.72458534e+00  6.92541466e-02 
 6.73378517e+00  6.92621483e-02 
 6.74298500e+00  6.92701500e-02 
 6.75218484e+00  6.92781516e-02 
 6.76138467e+00  6.92861533e-02 
 6.77058450e+00  6.92941550e-02 
 6.77978433e+00  6.93021567e-02 
 6.78898416e+00  6.93101584e-02 
 6.79818399e+00  6.93181601e-02 
 6.80738382e+00  6.93261618e-02 
 6.81658365e+00  6.93341635e-02 
 6.82578348e+00  6.93421652e-02 
 6.83498331e+00  6.93501669e-02 
 6.84418314e+00  6.93581686e-02 
 6.85338297e+00  6.93661703e-02 
 6.86258280e+00  6.93741720e-02 
 6.87178263e+00  6.93821737e-02 
 6.88098246e+00  6.93901754e-02 
 6.89018229e+00  6.93981771e-02 
 6.89938212e+00  6.94061788e-02 
 6.90858196e+00  6.94141804e-02 
 6.91778179e+00  6.94221821e-02 
 6.92698162e+00  6.94301838e-02 
 6.93618145e+00  6.94381855e-02 
 6.94538128e+00  6.94461872e-02 
 6.95458111e+00  6.94541889e-02 
 6.96378094e+00  6.94621906e-02 
 6.97298077e+00  6.94701923e-02 
 6.98218060e+00  6.94781940e-02 
 6.99138043e+00  6.94861957e-02 
 7.00058026e+00  6.94941974e-02 
 7.00978009e+00  6.95021991e-02 
 7.01897992e+00  6.95102008e-02 
 7.02817975e+00  6.95182025e-02 
 7.03737958e+00  6.95262042e-02 
 7.04657941e+00  6.95342059e-02 
 7.05577925e+00  6.95422075e-02 
 7.06497908e+00  6.95502092e-02 
 7.07417891e+00  6.95582109e-02 
 7.08337874e+00  6.95662126e-02 
 7.09257857e+00  6.95742143e-02 
 7.10177840e+00  6.95822160e-02 
 7.11097823e+00  6.95902177e-02 
 7.12017806e+00  6.95982194e-02 
 7.12937789e+00  6.96062211e-02 
 7.13857772e+00  6.96142228e-02 
 7.14777755e+00  6.96222245e-02 
 7.15697738e+00  6.96302262e-02 
 7.16617721e+00  6.96382279e-02 
 7.17537704e+00  6.96462296e-02 
 7.18457687e+00  6.96542313e-02 
 7.19377670e+00  6.96622330e-02 
 7.20297653e+00  6.96702347e-02 
 7.21217637e+00  6.96782363e-02 
 7.22137620e+00  6.96862380e-02 
 7.23057603e+00  6.96942397e-02 
 7.23977586e+00  6.97022414e-02 
 7.24897569e+00  6.97102431e-02 
 7.25817552e+00  6.97182448e-02 
 7.26737535e+00  6.97262465e-02 
 7.27657518e+00  6.97342482e-02 
 7.28577501e+00  6.97422499e-02 
 7.29497484e+00  6.97502516e-02 
 7.30417467e+00  6.97582533e-02 
 7.31337450e+00  6.97662550e-02 
 7.32257433e+00  6.97742567e-02 
 7.33177416e+00  6.97822584e-02 
 7.34097399e+00  6.97902601e-02 
 7.35017382e+00  6.97982618e-02 
 7.35937365e+00  6.98062635e-02 
 7.36857349e+00  6.98142651e-02 
 7.37777332e+00  6.98222668e-02 
 7.38697315e+00  6.98302685e-02 
 7.39617298e+00  6.98382702e-02 
 7.40537281e+00  6.98462719e-02 
 7.41457264e+00  6.98542736e-02 
 7.42377247e+00  6.98622753e-02 
 7.43297230e+00  6.98702770e-02 
 7.44217213e+00  6.98782787e-02 
 7.45137196e+00  6.98862804e-02 
 7.46057179e+00  6.98942821e-02 
 7.46977162e+00  6.99022838e-02 
 7.47897145e+00  6.99102855e-02 
 7.48817128e+00  6.99182872e-02 
 7.49737111e+00  6.99262889e-02 
 7.50657094e+00  6.99342906e-02 
 7.51577077e+00  6.99422923e-02 
 7.52497061e+00  6.99502939e-02 
 7.53417044e+00  6.99582956e-02 
 7.54337027e+00  6.99662973e-02 
 7.55257010e+00  6.99742990e-02 
 7.56176993e+00  6.99823007e-02 
 7.57096976e+00  6.99903024e-02 
 7.58016959e+00  6.99983041e-02 
 7.58936942e+00  7.00063058e-02 
 7.59856925e+00  7.00143075e-02 
 7.60776908e+00  7.00223092e-02 
 7.61696891e+00  7.00303109e-02 
 7.62616874e+00  7.00383126e-02 
 7.63536857e+00  7.00463143e-02 
 7.64456840e+00  7.00543160e-02 
 7.65376823e+00  7.00623177e-02 
 7.66296806e+00  7.00703194e-02 
 7.67216790e+00  7.00783210e-02 
 7.68136773e+00  7.00863227e-02 
 7.69056756e+00  7.00943244e-02 
 7.69976739e+00  7.01023261e-02 
 7.70896722e+00  7.01103278e-02 
 7.71816705e+00  7.01183295e-02 
 7.72736688e+00  7.01263312e-02 
 7.73656671e+00  7.01343329e-02 
 7.74576654e+00  7.01423346e-02 
 7.75496637e+00  7.01503363e-02 
 7.76416620e+00  7.01583380e-02 
 7.77336603e+00  7.01663397e-02 
 7.78256586e+00  7.01743414e-02 
 7.79176569e+00  7.01823431e-02 
 7.80096552e+00  7.01903448e-02 
 7.81016535e+00  7.01983465e-02 
 7.81936518e+00  7.02063482e-02 
 7.82856502e+00  7.02143498e-02 
 7.83776485e+00  7.02223515e-02 
 7.84696468e+00  7.02303532e-02 
 7.85616451e+00  7.02383549e-02 
 7.86536434e+00  7.02463566e-02 
 7.87456417e+00  7.02543583e-02 
 7.88376400e+00  7.02623600e-02 
 7.89296383e+00  7.02703617e-02 
 7.90216366e+00  7.02783634e-02 
 7.91136349e+00  7.02863651e-02 
 7.92056332e+00  7.02943668e-02 
 7.92976315e+00  7.03023685e-02 
 7.93896298e+00  7.03103702e-02 
 7.94816281e+00  7.03183719e-02 
 7.95736264e+00  7.03263736e-02 
 7.96656247e+00  7.03343753e-02 
