 3.31296550e-03 -3.31296550e-05 
 6.50210421e-03  3.49789579e-05 
 9.68448157e-03  1.03155184e-04 
 1.28652962e-02  1.71347038e-04 
 1.60429287e-02  2.39570713e-04 
 1.92174572e-02  3.07825428e-04 
 2.23889586e-02  3.76110414e-04 
 2.55575069e-02  4.44424931e-04 
 2.87231733e-02  5.12768267e-04 
 3.18860267e-02  5.81139733e-04 
 3.50461334e-02  6.49538666e-04 
 3.82035576e-02  7.17964424e-04 
 4.13583611e-02  7.86416389e-04 
 4.45106040e-02  8.54893960e-04 
 4.76603440e-02  9.23396560e-04 
 5.08076370e-02  9.91923630e-04 
 5.39525374e-02  1.06047463e-03 
 5.70950973e-02  1.12904903e-03 
 6.02353677e-02  1.19764632e-03 
 6.33733975e-02  1.26626602e-03 
 6.65092345e-02  1.33490766e-03 
 6.96429246e-02  1.40357075e-03 
 7.27745126e-02  1.47225487e-03 
 7.59040419e-02  1.54095958e-03 
 7.90315546e-02  1.60968445e-03 
 8.21570913e-02  1.67842909e-03 
 8.52806917e-02  1.74719308e-03 
 8.84023942e-02  1.81597606e-03 
 9.15222363e-02  1.88477764e-03 
 9.46402540e-02  1.95359746e-03 
 9.77564827e-02  2.02243517e-03 
 1.00870957e-01  2.09129043e-03 
 1.03983709e-01  2.16016291e-03 
 1.07094772e-01  2.22905228e-03 
 1.10204178e-01  2.29795822e-03 
 1.13311956e-01  2.36688044e-03 
 1.16418137e-01  2.43581863e-03 
 1.19522750e-01  2.50477250e-03 
 1.22625823e-01  2.57374177e-03 
 1.25727384e-01  2.64272616e-03 
 1.28827459e-01  2.71172541e-03 
 1.31926074e-01  2.78073926e-03 
 1.35023255e-01  2.84976745e-03 
 1.38119026e-01  2.91880974e-03 
 1.41213413e-01  2.98786587e-03 
 1.44306437e-01  3.05693563e-03 
 1.47398123e-01  3.12601877e-03 
 1.50488493e-01  3.19511507e-03 
 1.53577568e-01  3.26422432e-03 
 1.56665370e-01  3.33334630e-03 
 1.59751920e-01  3.40248080e-03 
 1.62837238e-01  3.47162762e-03 
 1.65921344e-01  3.54078656e-03 
 1.69004257e-01  3.60995743e-03 
 1.72085997e-01  3.67914003e-03 
 1.75166581e-01  3.74833419e-03 
 1.78246029e-01  3.81753971e-03 
 1.81324356e-01  3.88675644e-03 
 1.84401582e-01  3.95598418e-03 
 1.87477722e-01  4.02522278e-03 
 1.90552794e-01  4.09447206e-03 
 1.93626813e-01  4.16373187e-03 
 1.96699795e-01  4.23300205e-03 
 1.99771755e-01  4.30228245e-03 
 2.02842710e-01  4.37157290e-03 
 2.05912673e-01  4.44087327e-03 
 2.08981659e-01  4.51018341e-03 
 2.12049682e-01  4.57950318e-03 
 2.15116756e-01  4.64883244e-03 
 2.18182895e-01  4.71817105e-03 
 2.21248112e-01  4.78751888e-03 
 2.24312420e-01  4.85687580e-03 
 2.27375831e-01  4.92624169e-03 
 2.30438359e-01  4.99561641e-03 
 2.33500015e-01  5.06499985e-03 
 2.36560812e-01  5.13439188e-03 
 2.39620761e-01  5.20379239e-03 
 2.42679875e-01  5.27320125e-03 
 2.45738163e-01  5.34261837e-03 
 2.48795637e-01  5.41204363e-03 
 2.51852309e-01  5.48147691e-03 
 2.54908189e-01  5.55091811e-03 
 2.57963286e-01  5.62036714e-03 
 2.61017613e-01  5.68982387e-03 
 2.64071178e-01  5.75928822e-03 
 2.67123991e-01  5.82876009e-03 
 2.70176063e-01  5.89823937e-03 
 2.73227403e-01  5.96772597e-03 
 2.76278019e-01  6.03721981e-03 
 2.79327922e-01  6.10672078e-03 
 2.82377120e-01  6.17622880e-03 
 2.85425623e-01  6.24574377e-03 
 2.88473438e-01  6.31526562e-03 
 2.91520574e-01  6.38479426e-03 
 2.94567041e-01  6.45432959e-03 
 2.97612845e-01  6.52387155e-03 
 3.00657995e-01  6.59342005e-03 
 3.03702500e-01  6.66297500e-03 
 3.06746366e-01  6.73253634e-03 
 3.09789601e-01  6.80210399e-03 
 3.12832214e-01  6.87167786e-03 
 3.15874211e-01  6.94125789e-03 
 3.18915600e-01  7.01084400e-03 
 3.21956388e-01  7.08043612e-03 
 3.24996582e-01  7.15003418e-03 
 3.28036188e-01  7.21963812e-03 
 3.31075215e-01  7.28924785e-03 
 3.34113668e-01  7.35886332e-03 
 3.37151554e-01  7.42848446e-03 
 3.40188879e-01  7.49811121e-03 
 3.43225650e-01  7.56774350e-03 
 3.46261874e-01  7.63738126e-03 
 3.49297556e-01  7.70702444e-03 
 3.52332702e-01  7.77667298e-03 
 3.55367318e-01  7.84632682e-03 
 3.58401411e-01  7.91598589e-03 
 3.61434986e-01  7.98565014e-03 
 3.64468049e-01  8.05531951e-03 
 3.67500606e-01  8.12499394e-03 
 3.70532661e-01  8.19467339e-03 
 3.73564221e-01  8.26435779e-03 
 3.76595290e-01  8.33404710e-03 
 3.79625875e-01  8.40374125e-03 
 3.82655980e-01  8.47344020e-03 
 3.85685610e-01  8.54314390e-03 
 3.88714771e-01  8.61285229e-03 
 3.91743467e-01  8.68256533e-03 
 3.94771703e-01  8.75228297e-03 
 3.97799485e-01  8.82200515e-03 
 4.00826816e-01  8.89173184e-03 
 4.03853702e-01  8.96146298e-03 
 4.06880148e-01  9.03119852e-03 
 4.09906157e-01  9.10093843e-03 
 4.12931734e-01  9.17068266e-03 
 4.15956884e-01  9.24043116e-03 
 4.18981611e-01  9.31018389e-03 
 4.22005920e-01  9.37994080e-03 
 4.25029814e-01  9.44970186e-03 
 4.28053298e-01  9.51946702e-03 
 4.31076376e-01  9.58923624e-03 
 4.34099051e-01  9.65900949e-03 
 4.37121329e-01  9.72878671e-03 
 4.40143213e-01  9.79856787e-03 
 4.43164706e-01  9.86835294e-03 
 4.46185813e-01  9.93814187e-03 
 4.49206538e-01  1.00079346e-02 
 4.52226884e-01  1.00777312e-02 
 4.55246855e-01  1.01475315e-02 
 4.58266454e-01  1.02173355e-02 
 4.61285685e-01  1.02871431e-02 
 4.64304553e-01  1.03569545e-02 
 4.67323059e-01  1.04267694e-02 
 4.70341208e-01  1.04965879e-02 
 4.73359003e-01  1.05664100e-02 
 4.76376448e-01  1.06362355e-02 
 4.79393546e-01  1.07060645e-02 
 4.82410299e-01  1.07758970e-02 
 4.85426712e-01  1.08457329e-02 
 4.88442787e-01  1.09155721e-02 
 4.91458528e-01  1.09854147e-02 
 4.94473938e-01  1.10552606e-02 
 4.97489020e-01  1.11251098e-02 
 5.00503776e-01  1.11949622e-02 
 5.03518211e-01  1.12648179e-02 
 5.06532326e-01  1.13346767e-02 
 5.09546126e-01  1.14045387e-02 
 5.12559611e-01  1.14744039e-02 
 5.15572787e-01  1.15442721e-02 
 5.18585655e-01  1.16141435e-02 
 5.21598218e-01  1.16840178e-02 
 5.24610479e-01  1.17538952e-02 
 5.27622440e-01  1.18237756e-02 
 5.30634105e-01  1.18936589e-02 
 5.33645476e-01  1.19635452e-02 
 5.36656556e-01  1.20334344e-02 
 5.39667347e-01  1.21033265e-02 
 5.42677852e-01  1.21732215e-02 
 5.45688073e-01  1.22431193e-02 
 5.48698013e-01  1.23130199e-02 
 5.51707674e-01  1.23829233e-02 
 5.54717059e-01  1.24528294e-02 
 5.57726170e-01  1.25227383e-02 
 5.60735010e-01  1.25926499e-02 
 5.63743581e-01  1.26625642e-02 
 5.66751885e-01  1.27324812e-02 
 5.69759925e-01  1.28024008e-02 
 5.72767702e-01  1.28723230e-02 
 5.75775220e-01  1.29422478e-02 
 5.78782480e-01  1.30121752e-02 
 5.81789485e-01  1.30821051e-02 
 5.84796237e-01  1.31520376e-02 
 5.87802737e-01  1.32219726e-02 
 5.90808989e-01  1.32919101e-02 
 5.93814994e-01  1.33618501e-02 
 5.96820755e-01  1.34317925e-02 
 5.99826272e-01  1.35017373e-02 
 6.02831549e-01  1.35716845e-02 
 6.05836588e-01  1.36416341e-02 
 6.08841390e-01  1.37115861e-02 
 6.11845958e-01  1.37815404e-02 
 6.14850293e-01  1.38514971e-02 
 6.17854398e-01  1.39214560e-02 
 6.20858274e-01  1.39914173e-02 
 6.23861923e-01  1.40613808e-02 
 6.26865347e-01  1.41313465e-02 
 6.29868548e-01  1.42013145e-02 
 6.32871528e-01  1.42712847e-02 
 6.35874288e-01  1.43412571e-02 
 6.38876831e-01  1.44112317e-02 
 6.41879159e-01  1.44812084e-02 
 6.44881272e-01  1.45511873e-02 
 6.47883173e-01  1.46211683e-02 
 6.50884863e-01  1.46911514e-02 
 6.53886345e-01  1.47611365e-02 
 6.56887620e-01  1.48311238e-02 
 6.59888689e-01  1.49011131e-02 
 6.62889555e-01  1.49711045e-02 
 6.65890218e-01  1.50410978e-02 
 6.68890681e-01  1.51110932e-02 
 6.71890945e-01  1.51810905e-02 
 6.74891012e-01  1.52510899e-02 
 6.77890884e-01  1.53210912e-02 
 6.80890561e-01  1.53910944e-02 
 6.83890046e-01  1.54610995e-02 
 6.86889340e-01  1.55311066e-02 
 6.89888444e-01  1.56011156e-02 
 6.92887361e-01  1.56711264e-02 
 6.95886091e-01  1.57411391e-02 
 6.98884637e-01  1.58111536e-02 
 7.01882998e-01  1.58811700e-02 
 7.04881178e-01  1.59511882e-02 
 7.07879178e-01  1.60212082e-02 
 7.10876998e-01  1.60912300e-02 
 7.13874641e-01  1.61612536e-02 
 7.16872107e-01  1.62312789e-02 
 7.19869398e-01  1.63013060e-02 
 7.22866516e-01  1.63713348e-02 
 7.25863462e-01  1.64413654e-02 
 7.28860237e-01  1.65113976e-02 
 7.31856843e-01  1.65814316e-02 
 7.34853280e-01  1.66514672e-02 
 7.37849551e-01  1.67215045e-02 
 7.40845656e-01  1.67915434e-02 
 7.43841597e-01  1.68615840e-02 
 7.46837375e-01  1.69316262e-02 
 7.49832992e-01  1.70016701e-02 
 7.52828448e-01  1.70717155e-02 
 7.55823746e-01  1.71417625e-02 
 7.58818885e-01  1.72118112e-02 
 7.61813868e-01  1.72818613e-02 
 7.64808695e-01  1.73519130e-02 
 7.67803368e-01  1.74219663e-02 
 7.70797889e-01  1.74920211e-02 
 7.73792257e-01  1.75620774e-02 
 7.76786475e-01  1.76321353e-02 
 7.79780543e-01  1.77021946e-02 
 7.82774463e-01  1.77722554e-02 
 7.85768236e-01  1.78423176e-02 
 7.88761863e-01  1.79123814e-02 
 7.91755346e-01  1.79824465e-02 
 7.94748684e-01  1.80525132e-02 
 7.97741880e-01  1.81225812e-02 
 8.00734934e-01  1.81926507e-02 
 8.03727848e-01  1.82627215e-02 
 8.06720623e-01  1.83327938e-02 
 8.09713259e-01  1.84028674e-02 
 8.12705759e-01  1.84729424e-02 
 8.15698122e-01  1.85430188e-02 
 8.18690350e-01  1.86130965e-02 
 8.21682444e-01  1.86831756e-02 
 8.24674405e-01  1.87532559e-02 
 8.27666234e-01  1.88233377e-02 
 8.30657933e-01  1.88934207e-02 
 8.33649501e-01  1.89635050e-02 
 8.36640941e-01  1.90335906e-02 
 8.39632252e-01  1.91036775e-02 
 8.42623437e-01  1.91737656e-02 
 8.45614496e-01  1.92438550e-02 
 8.48605430e-01  1.93139457e-02 
 8.51596240e-01  1.93840376e-02 
 8.54586927e-01  1.94541307e-02 
 8.57577492e-01  1.95242251e-02 
 8.60567936e-01  1.95943206e-02 
 8.63558259e-01  1.96644174e-02 
 8.66548464e-01  1.97345154e-02 
 8.69538550e-01  1.98046145e-02 
 8.72528519e-01  1.98747148e-02 
 8.75518371e-01  1.99448163e-02 
 8.78508108e-01  2.00149189e-02 
 8.81497730e-01  2.00850227e-02 
 8.84487238e-01  2.01551276e-02 
 8.87476634e-01  2.02252337e-02 
 8.90465917e-01  2.02953408e-02 
 8.93455090e-01  2.03654491e-02 
 8.96444152e-01  2.04355585e-02 
 8.99433105e-01  2.05056690e-02 
 9.02421949e-01  2.05757805e-02 
 9.05410685e-01  2.06458931e-02 
 9.08399315e-01  2.07160068e-02 
 9.11387839e-01  2.07861216e-02 
 9.14376258e-01  2.08562374e-02 
 9.17364572e-01  2.09263543e-02 
 9.20352783e-01  2.09964722e-02 
 9.23340891e-01  2.10665911e-02 
 9.26328897e-01  2.11367110e-02 
 9.29316802e-01  2.12068320e-02 
 9.32304607e-01  2.12769539e-02 
 9.35292313e-01  2.13470769e-02 
 9.38279920e-01  2.14172008e-02 
 9.41267429e-01  2.14873257e-02 
 9.44254841e-01  2.15574516e-02 
 9.47242157e-01  2.16275784e-02 
 9.50229377e-01  2.16977062e-02 
 9.53216502e-01  2.17678350e-02 
 9.56203533e-01  2.18379647e-02 
 9.59190471e-01  2.19080953e-02 
 9.62177317e-01  2.19782268e-02 
 9.65164071e-01  2.20483593e-02 
 9.68150734e-01  2.21184927e-02 
 9.71137306e-01  2.21886269e-02 
 9.74123789e-01  2.22587621e-02 
 9.77110184e-01  2.23288982e-02 
 9.80096490e-01  2.23990351e-02 
 9.83082709e-01  2.24691729e-02 
 9.86068841e-01  2.25393116e-02 
 9.89054887e-01  2.26094511e-02 
 9.92040848e-01  2.26795915e-02 
 9.95026725e-01  2.27497328e-02 
 9.98012517e-01  2.28198748e-02 
 1.00099823e+00  2.28900177e-02 
 1.00398385e+00  2.29601615e-02 
 1.00696940e+00  2.30303060e-02 
 1.00995486e+00  2.31004514e-02 
 1.01294025e+00  2.31705975e-02 
 1.01592555e+00  2.32407445e-02 
 1.01891078e+00  2.33108922e-02 
 1.02189593e+00  2.33810407e-02 
 1.02488099e+00  2.34511901e-02 
 1.02786599e+00  2.35213401e-02 
 1.03085090e+00  2.35914910e-02 
 1.03383574e+00  2.36616426e-02 
 1.03682051e+00  2.37317949e-02 
 1.03980520e+00  2.38019480e-02 
 1.04278982e+00  2.38721018e-02 
 1.04577436e+00  2.39422564e-02 
 1.04875883e+00  2.40124117e-02 
 1.05174323e+00  2.40825677e-02 
 1.05472756e+00  2.41527244e-02 
 1.05771182e+00  2.42228818e-02 
 1.06069601e+00  2.42930399e-02 
 1.06368013e+00  2.43631987e-02 
 1.06666418e+00  2.44333582e-02 
 1.06964816e+00  2.45035184e-02 
 1.07263207e+00  2.45736793e-02 
 1.07561592e+00  2.46438408e-02 
 1.07859970e+00  2.47140030e-02 
 1.08158342e+00  2.47841658e-02 
 1.08456707e+00  2.48543293e-02 
 1.08755066e+00  2.49244934e-02 
 1.09053418e+00  2.49946582e-02 
 1.09351764e+00  2.50648236e-02 
 1.09650104e+00  2.51349896e-02 
 1.09948437e+00  2.52051563e-02 
 1.10246764e+00  2.52753236e-02 
 1.10545085e+00  2.53454915e-02 
 1.10843401e+00  2.54156599e-02 
 1.11141710e+00  2.54858290e-02 
 1.11440013e+00  2.55559987e-02 
 1.11738311e+00  2.56261689e-02 
 1.12036602e+00  2.56963398e-02 
 1.12334888e+00  2.57665112e-02 
 1.12633168e+00  2.58366832e-02 
 1.12931443e+00  2.59068557e-02 
 1.13229712e+00  2.59770288e-02 
 1.13527975e+00  2.60472025e-02 
 1.13826233e+00  2.61173767e-02 
 1.14124486e+00  2.61875514e-02 
 1.14422733e+00  2.62577267e-02 
 1.14720975e+00  2.63279025e-02 
 1.15019212e+00  2.63980788e-02 
 1.15317443e+00  2.64682557e-02 
 1.15615670e+00  2.65384330e-02 
 1.15913891e+00  2.66086109e-02 
 1.16212107e+00  2.66787893e-02 
 1.16510318e+00  2.67489682e-02 
 1.16808525e+00  2.68191475e-02 
 1.17106726e+00  2.68893274e-02 
 1.17404923e+00  2.69595077e-02 
 1.17703115e+00  2.70296885e-02 
 1.18001302e+00  2.70998698e-02 
 1.18299485e+00  2.71700515e-02 
 1.18597662e+00  2.72402338e-02 
 1.18895836e+00  2.73104164e-02 
 1.19194005e+00  2.73805995e-02 
 1.19492169e+00  2.74507831e-02 
 1.19790329e+00  2.75209671e-02 
 1.20088485e+00  2.75911515e-02 
 1.20386636e+00  2.76613364e-02 
 1.20684783e+00  2.77315217e-02 
 1.20982926e+00  2.78017074e-02 
 1.21281065e+00  2.78718935e-02 
 1.21579200e+00  2.79420800e-02 
 1.21877330e+00  2.80122670e-02 
 1.22175457e+00  2.80824543e-02 
 1.22473580e+00  2.81526420e-02 
 1.22771698e+00  2.82228302e-02 
 1.23069813e+00  2.82930187e-02 
 1.23367925e+00  2.83632075e-02 
 1.23666032e+00  2.84333968e-02 
 1.23964136e+00  2.85035864e-02 
 1.24262236e+00  2.85737764e-02 
 1.24560332e+00  2.86439668e-02 
 1.24858425e+00  2.87141575e-02 
 1.25156515e+00  2.87843485e-02 
 1.25454601e+00  2.88545399e-02 
 1.25752683e+00  2.89247317e-02 
 1.26050763e+00  2.89949237e-02 
 1.26348839e+00  2.90651161e-02 
 1.26646911e+00  2.91353089e-02 
 1.26944981e+00  2.92055019e-02 
 1.27243047e+00  2.92756953e-02 
 1.27541110e+00  2.93458890e-02 
 1.27839170e+00  2.94160830e-02 
 1.28137228e+00  2.94862772e-02 
 1.28435282e+00  2.95564718e-02 
 1.28733333e+00  2.96266667e-02 
 1.29031381e+00  2.96968619e-02 
 1.29329427e+00  2.97670573e-02 
 1.29627469e+00  2.98372531e-02 
 1.29925509e+00  2.99074491e-02 
 1.30223547e+00  2.99776453e-02 
 1.30521581e+00  3.00478419e-02 
 1.30819613e+00  3.01180387e-02 
 1.31117643e+00  3.01882357e-02 
 1.31415670e+00  3.02584330e-02 
 1.31713695e+00  3.03286305e-02 
 1.32011717e+00  3.03988283e-02 
 1.32309736e+00  3.04690264e-02 
 1.32607754e+00  3.05392246e-02 
 1.32905769e+00  3.06094231e-02 
 1.33203782e+00  3.06796218e-02 
 1.33501793e+00  3.07498207e-02 
 1.33799801e+00  3.08200199e-02 
 1.34097808e+00  3.08902192e-02 
 1.34395813e+00  3.09604187e-02 
 1.34693815e+00  3.10306185e-02 
 1.34991816e+00  3.11008184e-02 
 1.35289814e+00  3.11710186e-02 
 1.35587811e+00  3.12412189e-02 
 1.35885806e+00  3.13114194e-02 
 1.36183799e+00  3.13816201e-02 
 1.36481791e+00  3.14518209e-02 
 1.36779780e+00  3.15220220e-02 
 1.37077769e+00  3.15922231e-02 
 1.37375755e+00  3.16624245e-02 
 1.37673740e+00  3.17326260e-02 
 1.37971724e+00  3.18028276e-02 
 1.38269706e+00  3.18730294e-02 
 1.38567686e+00  3.19432314e-02 
 1.38865666e+00  3.20134334e-02 
 1.39163644e+00  3.20836356e-02 
 1.39461620e+00  3.21538380e-02 
 1.39759596e+00  3.22240404e-02 
 1.40057570e+00  3.22942430e-02 
 1.40355543e+00  3.23644457e-02 
 1.40653515e+00  3.24346485e-02 
 1.40951486e+00  3.25048514e-02 
 1.41249456e+00  3.25750544e-02 
 1.41547425e+00  3.26452575e-02 
 1.41845393e+00  3.27154607e-02 
 1.42143360e+00  3.27856640e-02 
 1.42441326e+00  3.28558674e-02 
 1.42739292e+00  3.29260708e-02 
 1.43037257e+00  3.29962743e-02 
 1.43335221e+00  3.30664779e-02 
 1.43633184e+00  3.31366816e-02 
 1.43931147e+00  3.32068853e-02 
 1.44229109e+00  3.32770891e-02 
 1.44527071e+00  3.33472929e-02 
 1.44825032e+00  3.34174968e-02 
 1.45122993e+00  3.34877007e-02 
 1.45420953e+00  3.35579047e-02 
 1.45718913e+00  3.36281087e-02 
 1.46016873e+00  3.36983127e-02 
 1.46314832e+00  3.37685168e-02 
 1.46612792e+00  3.38387208e-02 
 1.46910751e+00  3.39089249e-02 
 1.47208710e+00  3.39791290e-02 
 1.47506669e+00  3.40493331e-02 
 1.47804627e+00  3.41195373e-02 
 1.48102586e+00  3.41897414e-02 
 1.48400545e+00  3.42599455e-02 
 1.48698504e+00  3.43301496e-02 
 1.48996463e+00  3.44003537e-02 
 1.49294422e+00  3.44705578e-02 
 1.49592382e+00  3.45407618e-02 
 1.49890342e+00  3.46109658e-02 
 1.50188302e+00  3.46811698e-02 
 1.50486262e+00  3.47513738e-02 
 1.50784223e+00  3.48215777e-02 
 1.51082184e+00  3.48917816e-02 
 1.51380146e+00  3.49619854e-02 
 1.51678109e+00  3.50321891e-02 
 1.51976071e+00  3.51023929e-02 
 1.52274035e+00  3.51725965e-02 
 1.52571999e+00  3.52428001e-02 
 1.52869964e+00  3.53130036e-02 
 1.53167930e+00  3.53832070e-02 
 1.53465896e+00  3.54534104e-02 
 1.53763863e+00  3.55236137e-02 
 1.54061832e+00  3.55938168e-02 
 1.54359801e+00  3.56640199e-02 
 1.54657771e+00  3.57342229e-02 
 1.54955742e+00  3.58044258e-02 
 1.55253714e+00  3.58746286e-02 
 1.55551687e+00  3.59448313e-02 
 1.55849662e+00  3.60150338e-02 
 1.56147637e+00  3.60852363e-02 
 1.56445614e+00  3.61554386e-02 
 1.56743593e+00  3.62256407e-02 
 1.57041572e+00  3.62958428e-02 
 1.57339553e+00  3.63660447e-02 
 1.57637535e+00  3.64362465e-02 
 1.57935519e+00  3.65064481e-02 
 1.58233505e+00  3.65766495e-02 
 1.58531491e+00  3.66468509e-02 
 1.58829480e+00  3.67170520e-02 
 1.59127470e+00  3.67872530e-02 
 1.59425462e+00  3.68574538e-02 
 1.59723456e+00  3.69276544e-02 
 1.60021451e+00  3.69978549e-02 
 1.60319448e+00  3.70680552e-02 
 1.60617447e+00  3.71382553e-02 
 1.60915448e+00  3.72084552e-02 
 1.61213451e+00  3.72786549e-02 
 1.61511457e+00  3.73488543e-02 
 1.61809464e+00  3.74190536e-02 
 1.62107473e+00  3.74892527e-02 
 1.62405484e+00  3.75594516e-02 
 1.62703498e+00  3.76296502e-02 
 1.63001514e+00  3.76998486e-02 
 1.63299532e+00  3.77700468e-02 
 1.63597552e+00  3.78402448e-02 
 1.63895575e+00  3.79104425e-02 
 1.64193601e+00  3.79806399e-02 
 1.64491629e+00  3.80508371e-02 
 1.64789659e+00  3.81210341e-02 
 1.65087692e+00  3.81912308e-02 
 1.65385728e+00  3.82614272e-02 
 1.65683766e+00  3.83316234e-02 
 1.65981807e+00  3.84018193e-02 
 1.66279851e+00  3.84720149e-02 
 1.66577897e+00  3.85422103e-02 
 1.66875947e+00  3.86124053e-02 
 1.67173999e+00  3.86826001e-02 
 1.67472054e+00  3.87527946e-02 
 1.67770113e+00  3.88229887e-02 
 1.68068174e+00  3.88931826e-02 
 1.68366239e+00  3.89633761e-02 
 1.68664307e+00  3.90335693e-02 
 1.68962377e+00  3.91037623e-02 
 1.69260452e+00  3.91739548e-02 
 1.69558529e+00  3.92441471e-02 
 1.69856610e+00  3.93143390e-02 
 1.70154694e+00  3.93845306e-02 
 1.70452782e+00  3.94547218e-02 
 1.70750873e+00  3.95249127e-02 
 1.71048968e+00  3.95951032e-02 
 1.71347066e+00  3.96652934e-02 
 1.71645169e+00  3.97354831e-02 
 1.71943274e+00  3.98056726e-02 
 1.72241384e+00  3.98758616e-02 
 1.72539497e+00  3.99460503e-02 
 1.72837614e+00  4.00162386e-02 
 1.73135736e+00  4.00864264e-02 
 1.73433861e+00  4.01566139e-02 
 1.73731990e+00  4.02268010e-02 
 1.74030123e+00  4.02969877e-02 
 1.74328260e+00  4.03671740e-02 
 1.74626402e+00  4.04373598e-02 
 1.74924547e+00  4.05075453e-02 
 1.75222697e+00  4.05777303e-02 
 1.75520852e+00  4.06479148e-02 
 1.75819010e+00  4.07180990e-02 
 1.76117173e+00  4.07882827e-02 
 1.76415341e+00  4.08584659e-02 
 1.76713513e+00  4.09286487e-02 
 1.77011690e+00  4.09988310e-02 
 1.77309871e+00  4.10690129e-02 
 1.77608057e+00  4.11391943e-02 
 1.77906248e+00  4.12093752e-02 
 1.78204444e+00  4.12795556e-02 
 1.78502644e+00  4.13497356e-02 
 1.78800850e+00  4.14199150e-02 
 1.79099060e+00  4.14900940e-02 
 1.79397276e+00  4.15602724e-02 
 1.79695496e+00  4.16304504e-02 
 1.79993722e+00  4.17006278e-02 
 1.80291953e+00  4.17708047e-02 
 1.80590189e+00  4.18409811e-02 
 1.80888430e+00  4.19111570e-02 
 1.81186677e+00  4.19813323e-02 
 1.81484930e+00  4.20515070e-02 
 1.81783187e+00  4.21216813e-02 
 1.82081451e+00  4.21918549e-02 
 1.82379719e+00  4.22620281e-02 
 1.82677994e+00  4.23322006e-02 
 1.82976274e+00  4.24023726e-02 
 1.83274560e+00  4.24725440e-02 
 1.83572852e+00  4.25427148e-02 
 1.83871150e+00  4.26128850e-02 
 1.84169453e+00  4.26830547e-02 
 1.84467763e+00  4.27532237e-02 
 1.84766079e+00  4.28233921e-02 
 1.85064401e+00  4.28935599e-02 
 1.85362729e+00  4.29637271e-02 
 1.85661063e+00  4.30338937e-02 
 1.85959404e+00  4.31040596e-02 
 1.86257751e+00  4.31742249e-02 
 1.86556104e+00  4.32443896e-02 
 1.86854464e+00  4.33145536e-02 
 1.87152831e+00  4.33847169e-02 
 1.87451204e+00  4.34548796e-02 
 1.87749584e+00  4.35250416e-02 
 1.88047970e+00  4.35952030e-02 
 1.88346363e+00  4.36653637e-02 
 1.88644764e+00  4.37355236e-02 
 1.88943171e+00  4.38056829e-02 
 1.89241585e+00  4.38758415e-02 
 1.89540006e+00  4.39459994e-02 
 1.89838435e+00  4.40161565e-02 
 1.90136870e+00  4.40863130e-02 
 1.90435313e+00  4.41564687e-02 
 1.90733763e+00  4.42266237e-02 
 1.91032221e+00  4.42967779e-02 
 1.91330686e+00  4.43669314e-02 
 1.91629158e+00  4.44370842e-02 
 1.91927639e+00  4.45072361e-02 
 1.92226126e+00  4.45773874e-02 
 1.92524622e+00  4.46475378e-02 
 1.92823125e+00  4.47176875e-02 
 1.93121637e+00  4.47878363e-02 
 1.93420156e+00  4.48579844e-02 
 1.93718683e+00  4.49281317e-02 
 1.94017218e+00  4.49982782e-02 
 1.94315762e+00  4.50684238e-02 
 1.94614313e+00  4.51385687e-02 
 1.94912873e+00  4.52087127e-02 
 1.95211441e+00  4.52788559e-02 
 1.95510018e+00  4.53489982e-02 
 1.95808603e+00  4.54191397e-02 
 1.96107197e+00  4.54892803e-02 
 1.96405800e+00  4.55594200e-02 
 1.96704411e+00  4.56295589e-02 
 1.97003031e+00  4.56996969e-02 
 1.97301660e+00  4.57698340e-02 
 1.97600298e+00  4.58399702e-02 
 1.97898945e+00  4.59101055e-02 
 1.98197601e+00  4.59802399e-02 
 1.98496266e+00  4.60503734e-02 
 1.98794941e+00  4.61205059e-02 
 1.99093625e+00  4.61906375e-02 
 1.99392318e+00  4.62607682e-02 
 1.99691021e+00  4.63308979e-02 
 1.99989733e+00  4.64010267e-02 
 2.00288455e+00  4.64711545e-02 
 2.00587187e+00  4.65412813e-02 
 2.00885928e+00  4.66114072e-02 
 2.01184680e+00  4.66815320e-02 
 2.01483441e+00  4.67516559e-02 
 2.01782213e+00  4.68217787e-02 
 2.02080995e+00  4.68919005e-02 
 2.02379787e+00  4.69620213e-02 
 2.02678589e+00  4.70321411e-02 
 2.02977402e+00  4.71022598e-02 
 2.03276225e+00  4.71723775e-02 
 2.03575059e+00  4.72424941e-02 
 2.03873903e+00  4.73126097e-02 
 2.04172758e+00  4.73827242e-02 
 2.04471624e+00  4.74528376e-02 
 2.04770501e+00  4.75229499e-02 
 2.05069389e+00  4.75930611e-02 
 2.05368288e+00  4.76631712e-02 
 2.05667198e+00  4.77332802e-02 
 2.05966120e+00  4.78033880e-02 
 2.06265053e+00  4.78734947e-02 
 2.06563997e+00  4.79436003e-02 
 2.06862953e+00  4.80137047e-02 
 2.07161921e+00  4.80838079e-02 
 2.07460900e+00  4.81539100e-02 
 2.07759892e+00  4.82240108e-02 
 2.08058895e+00  4.82941105e-02 
 2.08357910e+00  4.83642090e-02 
 2.08656937e+00  4.84343063e-02 
 2.08955977e+00  4.85044023e-02 
 2.09255029e+00  4.85744971e-02 
 2.09554093e+00  4.86445907e-02 
 2.09853170e+00  4.87146830e-02 
 2.10152260e+00  4.87847740e-02 
 2.10451362e+00  4.88548638e-02 
 2.10750477e+00  4.89249523e-02 
 2.11049605e+00  4.89950395e-02 
 2.11348746e+00  4.90651254e-02 
 2.11647900e+00  4.91352100e-02 
 2.11947068e+00  4.92052932e-02 
 2.12246249e+00  4.92753751e-02 
 2.12545443e+00  4.93454557e-02 
 2.12844651e+00  4.94155349e-02 
 2.13143872e+00  4.94856128e-02 
 2.13443108e+00  4.95556892e-02 
 2.13742357e+00  4.96257643e-02 
 2.14041620e+00  4.96958380e-02 
 2.14340898e+00  4.97659102e-02 
 2.14640190e+00  4.98359810e-02 
 2.14939496e+00  4.99060504e-02 
 2.15238816e+00  4.99761184e-02 
 2.15538151e+00  5.00461849e-02 
 2.15837501e+00  5.01162499e-02 
 2.16136866e+00  5.01863134e-02 
 2.16436245e+00  5.02563755e-02 
 2.16735640e+00  5.03264360e-02 
 2.17035050e+00  5.03964950e-02 
 2.17334475e+00  5.04665525e-02 
 2.17633916e+00  5.05366084e-02 
 2.17933372e+00  5.06066628e-02 
 2.18232844e+00  5.06767156e-02 
 2.18532331e+00  5.07467669e-02 
 2.18831835e+00  5.08168165e-02 
 2.19131354e+00  5.08868646e-02 
 2.19430890e+00  5.09569110e-02 
 2.19730442e+00  5.10269558e-02 
 2.20030011e+00  5.10969989e-02 
 2.20329596e+00  5.11670404e-02 
 2.20629198e+00  5.12370802e-02 
 2.20928817e+00  5.13071183e-02 
 2.21228453e+00  5.13771547e-02 
 2.21528106e+00  5.14471894e-02 
 2.21827776e+00  5.15172224e-02 
 2.22127463e+00  5.15872537e-02 
 2.22427169e+00  5.16572831e-02 
 2.22726892e+00  5.17273108e-02 
 2.23026632e+00  5.17973368e-02 
 2.23326391e+00  5.18673609e-02 
 2.23626168e+00  5.19373832e-02 
 2.23925963e+00  5.20074037e-02 
 2.24225776e+00  5.20774224e-02 
 2.24525609e+00  5.21474391e-02 
 2.24825459e+00  5.22174541e-02 
 2.25125329e+00  5.22874671e-02 
 2.25425218e+00  5.23574782e-02 
 2.25725126e+00  5.24274874e-02 
 2.26025054e+00  5.24974946e-02 
 2.26325000e+00  5.25675000e-02 
 2.26624967e+00  5.26375033e-02 
 2.26924953e+00  5.27075047e-02 
 2.27224960e+00  5.27775040e-02 
 2.27524987e+00  5.28475013e-02 
 2.27825034e+00  5.29174966e-02 
 2.28125101e+00  5.29874899e-02 
 2.28425189e+00  5.30574811e-02 
 2.28725298e+00  5.31274702e-02 
 2.29025429e+00  5.31974571e-02 
 2.29325580e+00  5.32674420e-02 
 2.29625753e+00  5.33374247e-02 
 2.29925947e+00  5.34074053e-02 
 2.30226163e+00  5.34773837e-02 
 2.30526401e+00  5.35473599e-02 
 2.30826661e+00  5.36173339e-02 
 2.31126943e+00  5.36873057e-02 
 2.31427248e+00  5.37572752e-02 
 2.31727576e+00  5.38272424e-02 
 2.32027926e+00  5.38972074e-02 
 2.32328300e+00  5.39671700e-02 
 2.32628697e+00  5.40371303e-02 
 2.32929117e+00  5.41070883e-02 
 2.33229561e+00  5.41770439e-02 
 2.33530029e+00  5.42469971e-02 
 2.33830521e+00  5.43169479e-02 
 2.34131037e+00  5.43868963e-02 
 2.34431578e+00  5.44568422e-02 
 2.34732144e+00  5.45267856e-02 
 2.35032734e+00  5.45967266e-02 
 2.35333350e+00  5.46666650e-02 
 2.35633991e+00  5.47366009e-02 
 2.35934657e+00  5.48065343e-02 
 2.36235350e+00  5.48764650e-02 
 2.36536068e+00  5.49463932e-02 
 2.36836813e+00  5.50163187e-02 
 2.37137584e+00  5.50862416e-02 
 2.37438382e+00  5.51561618e-02 
 2.37739207e+00  5.52260793e-02 
 2.38040059e+00  5.52959941e-02 
 2.38340939e+00  5.53659061e-02 
 2.38641846e+00  5.54358154e-02 
 2.38942782e+00  5.55057218e-02 
 2.39243745e+00  5.55756255e-02 
 2.39544737e+00  5.56455263e-02 
 2.39845758e+00  5.57154242e-02 
 2.40146808e+00  5.57853192e-02 
 2.40447886e+00  5.58552114e-02 
 2.40748995e+00  5.59251005e-02 
 2.41050133e+00  5.59949867e-02 
 2.41351302e+00  5.60648698e-02 
 2.41652500e+00  5.61347500e-02 
 2.41953730e+00  5.62046270e-02 
 2.42254990e+00  5.62745010e-02 
 2.42556281e+00  5.63443719e-02 
 2.42857604e+00  5.64142396e-02 
 2.43158958e+00  5.64841042e-02 
 2.43460345e+00  5.65539655e-02 
 2.43761764e+00  5.66238236e-02 
 2.44063216e+00  5.66936784e-02 
 2.44364701e+00  5.67635299e-02 
 2.44666218e+00  5.68333782e-02 
 2.44967770e+00  5.69032230e-02 
 2.45269356e+00  5.69730644e-02 
 2.45570975e+00  5.70429025e-02 
 2.45872630e+00  5.71127370e-02 
 2.46174319e+00  5.71825681e-02 
 2.46476043e+00  5.72523957e-02 
 2.46777803e+00  5.73222197e-02 
 2.47079599e+00  5.73920401e-02 
 2.47381432e+00  5.74618568e-02 
 2.47683301e+00  5.75316699e-02 
 2.47985207e+00  5.76014793e-02 
 2.48287150e+00  5.76712850e-02 
 2.48589131e+00  5.77410869e-02 
 2.48891150e+00  5.78108850e-02 
 2.49193208e+00  5.78806792e-02 
 2.49495304e+00  5.79504696e-02 
 2.49797440e+00  5.80202560e-02 
 2.50099615e+00  5.80900385e-02 
 2.50401831e+00  5.81598169e-02 
 2.50704087e+00  5.82295913e-02 
 2.51006383e+00  5.82993617e-02 
 2.51308721e+00  5.83691279e-02 
 2.51611101e+00  5.84388899e-02 
 2.51913523e+00  5.85086477e-02 
 2.52215988e+00  5.85784012e-02 
 2.52518495e+00  5.86481505e-02 
 2.52821046e+00  5.87178954e-02 
 2.53123641e+00  5.87876359e-02 
 2.53426280e+00  5.88573720e-02 
 2.53728964e+00  5.89271036e-02 
 2.54031694e+00  5.89968306e-02 
 2.54334469e+00  5.90665531e-02 
 2.54637290e+00  5.91362710e-02 
 2.54940158e+00  5.92059842e-02 
 2.55243074e+00  5.92756926e-02 
 2.55546037e+00  5.93453963e-02 
 2.55849049e+00  5.94150951e-02 
 2.56152109e+00  5.94847891e-02 
 2.56455219e+00  5.95544781e-02 
 2.56758379e+00  5.96241621e-02 
 2.57061589e+00  5.96938411e-02 
 2.57364850e+00  5.97635150e-02 
 2.57668163e+00  5.98331837e-02 
 2.57971527e+00  5.99028473e-02 
 2.58274945e+00  5.99725055e-02 
 2.58578416e+00  6.00421584e-02 
 2.58881941e+00  6.01118059e-02 
 2.59185520e+00  6.01814480e-02 
 2.59489155e+00  6.02510845e-02 
 2.59792845e+00  6.03207155e-02 
 2.60096592e+00  6.03903408e-02 
 2.60400396e+00  6.04599604e-02 
 2.60704257e+00  6.05295743e-02 
 2.61008177e+00  6.05991823e-02 
 2.61312156e+00  6.06687844e-02 
 2.61616195e+00  6.07383805e-02 
 2.61920295e+00  6.08079705e-02 
 2.62224456e+00  6.08775544e-02 
 2.62528678e+00  6.09471322e-02 
 2.62832964e+00  6.10167036e-02 
 2.63137312e+00  6.10862688e-02 
 2.63441726e+00  6.11558274e-02 
 2.63746204e+00  6.12253796e-02 
 2.64050748e+00  6.12949252e-02 
 2.64355358e+00  6.13644642e-02 
 2.64660036e+00  6.14339964e-02 
 2.64964782e+00  6.15035218e-02 
 2.65269598e+00  6.15730402e-02 
 2.65574483e+00  6.16425517e-02 
 2.65879440e+00  6.17120560e-02 
 2.66184468e+00  6.17815532e-02 
 2.66489569e+00  6.18510431e-02 
 2.66794743e+00  6.19205257e-02 
 2.67099993e+00  6.19900007e-02 
 2.67405317e+00  6.20594683e-02 
 2.67710719e+00  6.21289281e-02 
 2.68016198e+00  6.21983802e-02 
 2.68321755e+00  6.22678245e-02 
 2.68627393e+00  6.23372607e-02 
 2.68933110e+00  6.24066890e-02 
 2.69238910e+00  6.24761090e-02 
 2.69544793e+00  6.25455207e-02 
 2.69850759e+00  6.26149241e-02 
 2.70156811e+00  6.26843189e-02 
 2.70462949e+00  6.27537051e-02 
 2.70769175e+00  6.28230825e-02 
 2.71075490e+00  6.28924510e-02 
 2.71381894e+00  6.29618106e-02 
 2.71688390e+00  6.30311610e-02 
 2.71994978e+00  6.31005022e-02 
 2.72301661e+00  6.31698339e-02 
 2.72608438e+00  6.32391562e-02 
 2.72915313e+00  6.33084687e-02 
 2.73222285e+00  6.33777715e-02 
 2.73529357e+00  6.34470643e-02 
 2.73836529e+00  6.35163471e-02 
 2.74143804e+00  6.35856196e-02 
 2.74451184e+00  6.36548816e-02 
 2.74758668e+00  6.37241332e-02 
 2.75066260e+00  6.37933740e-02 
 2.75373961e+00  6.38626039e-02 
 2.75681772e+00  6.39318228e-02 
 2.75989695e+00  6.40010305e-02 
 2.76297732e+00  6.40702268e-02 
 2.76605885e+00  6.41394115e-02 
 2.76914155e+00  6.42085845e-02 
 2.77222545e+00  6.42777455e-02 
 2.77531056e+00  6.43468944e-02 
 2.77839690e+00  6.44160310e-02 
 2.78148450e+00  6.44851550e-02 
 2.78457336e+00  6.45542664e-02 
 2.78766353e+00  6.46233647e-02 
 2.79075500e+00  6.46924500e-02 
 2.79384782e+00  6.47615218e-02 
 2.79694199e+00  6.48305801e-02 
 2.80003755e+00  6.48996245e-02 
 2.80313452e+00  6.49686548e-02 
 2.80623292e+00  6.50376708e-02 
 2.80933277e+00  6.51066723e-02 
 2.81243410e+00  6.51756590e-02 
 2.81553695e+00  6.52446305e-02 
 2.81864132e+00  6.53135868e-02 
 2.82174726e+00  6.53825274e-02 
 2.82485479e+00  6.54514521e-02 
 2.82796394e+00  6.55203606e-02 
 2.83107474e+00  6.55892526e-02 
 2.83418722e+00  6.56581278e-02 
 2.83730141e+00  6.57269859e-02 
 2.84041735e+00  6.57958265e-02 
 2.84353506e+00  6.58646494e-02 
 2.84665458e+00  6.59334542e-02 
 2.84977595e+00  6.60022405e-02 
 2.85289920e+00  6.60710080e-02 
 2.85602437e+00  6.61397563e-02 
 2.85915150e+00  6.62084850e-02 
 2.86228063e+00  6.62771937e-02 
 2.86541180e+00  6.63458820e-02 
 2.86854504e+00  6.64145496e-02 
 2.87168041e+00  6.64831959e-02 
 2.87481795e+00  6.65518205e-02 
 2.87795769e+00  6.66204231e-02 
 2.88109970e+00  6.66890030e-02 
 2.88424402e+00  6.67575598e-02 
 2.88739069e+00  6.68260931e-02 
 2.89053978e+00  6.68946022e-02 
 2.89369132e+00  6.69630868e-02 
 2.89684539e+00  6.70315461e-02 
 2.90000203e+00  6.70999797e-02 
 2.90316131e+00  6.71683869e-02 
 2.90632328e+00  6.72367672e-02 
 2.90948801e+00  6.73051199e-02 
 2.91265557e+00  6.73734443e-02 
 2.91582601e+00  6.74417399e-02 
 2.91899942e+00  6.75100058e-02 
 2.92217586e+00  6.75782414e-02 
 2.92535540e+00  6.76464460e-02 
 2.92853814e+00  6.77146186e-02 
 2.93172413e+00  6.77827587e-02 
 2.93491348e+00  6.78508652e-02 
 2.93810626e+00  6.79189374e-02 
 2.94130256e+00  6.79869744e-02 
 2.94450249e+00  6.80549751e-02 
 2.94770613e+00  6.81229387e-02 
 2.95091358e+00  6.81908642e-02 
 2.95412496e+00  6.82587504e-02 
 2.95734036e+00  6.83265964e-02 
 2.96055991e+00  6.83944009e-02 
 2.96378372e+00  6.84621628e-02 
 2.96701192e+00  6.85298808e-02 
 2.97024463e+00  6.85975537e-02 
 2.97348198e+00  6.86651802e-02 
 2.97672412e+00  6.87327588e-02 
 2.97997120e+00  6.88002880e-02 
 2.98322336e+00  6.88677664e-02 
 2.98648077e+00  6.89351923e-02 
 2.98974359e+00  6.90025641e-02 
 2.99301200e+00  6.90698800e-02 
 2.99628617e+00  6.91371383e-02 
 2.99956631e+00  6.92043369e-02 
 3.00285262e+00  6.92714738e-02 
 3.00614530e+00  6.93385470e-02 
 3.00944458e+00  6.94055542e-02 
 3.01275069e+00  6.94724931e-02 
 3.01606388e+00  6.95393612e-02 
 3.01938441e+00  6.96061559e-02 
 3.02271254e+00  6.96728746e-02 
 3.02604857e+00  6.97395143e-02 
 3.02939281e+00  6.98060719e-02 
 3.03274556e+00  6.98725444e-02 
 3.03610718e+00  6.99389282e-02 
 3.03947802e+00  7.00052198e-02 
 3.04285846e+00  7.00714154e-02 
 3.04624890e+00  7.01375110e-02 
 3.04964978e+00  7.02035022e-02 
 3.05306155e+00  7.02693845e-02 
 3.05648470e+00  7.03351530e-02 
 3.05991973e+00  7.04008027e-02 
 3.06336721e+00  7.04663279e-02 
 3.06682772e+00  7.05317228e-02 
 3.07030188e+00  7.05969812e-02 
 3.07379038e+00  7.06620962e-02 
 3.07729393e+00  7.07270607e-02 
 3.08081330e+00  7.07918670e-02 
 3.08434934e+00  7.08565066e-02 
 3.08790293e+00  7.09209707e-02 
 3.09147504e+00  7.09852496e-02 
 3.09506671e+00  7.10493329e-02 
 3.09867906e+00  7.11132094e-02 
 3.10231333e+00  7.11768667e-02 
 3.10597083e+00  7.12402917e-02 
 3.10965301e+00  7.13034699e-02 
 3.11336142e+00  7.13663858e-02 
 3.11709778e+00  7.14290222e-02 
 3.12086396e+00  7.14913604e-02 
 3.12466200e+00  7.15533800e-02 
 3.12849414e+00  7.16150586e-02 
 3.13236285e+00  7.16763715e-02 
 3.13627085e+00  7.17372915e-02 
 3.14022112e+00  7.17977888e-02 
 3.14421699e+00  7.18578301e-02 
 3.14826210e+00  7.19173790e-02 
 3.15236054e+00  7.19763946e-02 
 3.15651681e+00  7.20348319e-02 
 3.16073596e+00  7.20926404e-02 
 3.16502357e+00  7.21497643e-02 
 3.16938589e+00  7.22061411e-02 
 3.17382987e+00  7.22617013e-02 
 3.17836329e+00  7.23163671e-02 
 3.18299477e+00  7.23700523e-02 
 3.18773389e+00  7.24226611e-02 
 3.19259126e+00  7.24740874e-02 
 3.19757854e+00  7.25242146e-02 
 3.20270841e+00  7.25729159e-02 
 3.20799456e+00  7.26200544e-02 
 3.21345146e+00  7.26654854e-02 
 3.21909406e+00  7.27090594e-02 
 3.22493735e+00  7.27506265e-02 
 3.23099564e+00  7.27900436e-02 
 3.23728170e+00  7.28271830e-02 
 3.24380572e+00  7.28619428e-02 
 3.25057426e+00  7.28942574e-02 
 3.25758923e+00  7.29241077e-02 
 3.26484731e+00  7.29515269e-02 
 3.27233976e+00  7.29766024e-02 
 3.28005289e+00  7.29994711e-02 
 3.28796906e+00  7.30203094e-02 
 3.29606797e+00  7.30393203e-02 
 3.30432816e+00  7.30567184e-02 
 3.31272826e+00  7.30727174e-02 
 3.32124803e+00  7.30875197e-02 
 3.32986901e+00  7.31013099e-02 
 3.33857487e+00  7.31142513e-02 
 3.34735148e+00  7.31264852e-02 
 3.35618684e+00  7.31381316e-02 
 3.36507087e+00  7.31492913e-02 
 3.37399518e+00  7.31600482e-02 
 3.38295283e+00  7.31704717e-02 
 3.39193808e+00  7.31806192e-02 
 3.40094622e+00  7.31905378e-02 
 3.40997336e+00  7.32002664e-02 
 3.41901630e+00  7.32098370e-02 
 3.42807240e+00  7.32192760e-02 
 3.43713947e+00  7.32286053e-02 
 3.44621571e+00  7.32378429e-02 
 3.45529962e+00  7.32470038e-02 
 3.46438994e+00  7.32561006e-02 
 3.47348565e+00  7.32651435e-02 
 3.48258588e+00  7.32741412e-02 
 3.49168989e+00  7.32831011e-02 
 3.50079709e+00  7.32920291e-02 
 3.50990698e+00  7.33009302e-02 
 3.51901911e+00  7.33098089e-02 
 3.52813315e+00  7.33186685e-02 
 3.53724879e+00  7.33275121e-02 
 3.54636577e+00  7.33363423e-02 
 3.55548389e+00  7.33451611e-02 
 3.56460297e+00  7.33539703e-02 
 3.57372286e+00  7.33627714e-02 
 3.58284342e+00  7.33715658e-02 
 3.59196456e+00  7.33803544e-02 
 3.60108618e+00  7.33891382e-02 
 3.61020822e+00  7.33979178e-02 
 3.61933060e+00  7.34066940e-02 
 3.62845326e+00  7.34154674e-02 
 3.63757618e+00  7.34242382e-02 
 3.64669930e+00  7.34330070e-02 
 3.65582260e+00  7.34417740e-02 
 3.66494604e+00  7.34505396e-02 
 3.67406961e+00  7.34593039e-02 
 3.68319328e+00  7.34680672e-02 
 3.69231705e+00  7.34768295e-02 
 3.70144088e+00  7.34855912e-02 
 3.71056479e+00  7.34943521e-02 
 3.71968874e+00  7.35031126e-02 
 3.72881274e+00  7.35118726e-02 
 3.73793678e+00  7.35206322e-02 
 3.74706085e+00  7.35293915e-02 
 3.75618495e+00  7.35381505e-02 
 3.76530907e+00  7.35469093e-02 
 3.77443320e+00  7.35556680e-02 
 3.78355736e+00  7.35644264e-02 
 3.79268153e+00  7.35731847e-02 
 3.80180571e+00  7.35819429e-02 
 3.81092990e+00  7.35907010e-02 
 3.82005410e+00  7.35994590e-02 
 3.82917831e+00  7.36082169e-02 
 3.83830252e+00  7.36169748e-02 
 3.84742674e+00  7.36257326e-02 
 3.85655096e+00  7.36344904e-02 
 3.86567518e+00  7.36432482e-02 
 3.87479941e+00  7.36520059e-02 
 3.88392364e+00  7.36607636e-02 
 3.89304787e+00  7.36695213e-02 
 3.90217211e+00  7.36782789e-02 
 3.91129634e+00  7.36870366e-02 
 3.92042058e+00  7.36957942e-02 
 3.92954482e+00  7.37045518e-02 
 3.93866906e+00  7.37133094e-02 
 3.94779330e+00  7.37220670e-02 
 3.95691754e+00  7.37308246e-02 
 3.96604178e+00  7.37395822e-02 
 3.97516602e+00  7.37483398e-02 
 3.98429026e+00  7.37570974e-02 
 3.99341450e+00  7.37658550e-02 
 4.00253875e+00  7.37746125e-02 
 4.01166299e+00  7.37833701e-02 
 4.02078723e+00  7.37921277e-02 
 4.02991148e+00  7.38008852e-02 
 4.03903572e+00  7.38096428e-02 
 4.04815996e+00  7.38184004e-02 
 4.05728421e+00  7.38271579e-02 
 4.06640845e+00  7.38359155e-02 
 4.07553269e+00  7.38446731e-02 
 4.08465694e+00  7.38534306e-02 
 4.09378118e+00  7.38621882e-02 
 4.10290543e+00  7.38709457e-02 
 4.11202967e+00  7.38797033e-02 
 4.12115391e+00  7.38884609e-02 
 4.13027816e+00  7.38972184e-02 
 4.13940240e+00  7.39059760e-02 
 4.14852665e+00  7.39147335e-02 
 4.15765089e+00  7.39234911e-02 
 4.16677513e+00  7.39322487e-02 
 4.17589938e+00  7.39410062e-02 
 4.18502362e+00  7.39497638e-02 
 4.19414787e+00  7.39585213e-02 
 4.20327211e+00  7.39672789e-02 
 4.21239635e+00  7.39760365e-02 
 4.22152060e+00  7.39847940e-02 
 4.23064484e+00  7.39935516e-02 
 4.23976909e+00  7.40023091e-02 
 4.24889333e+00  7.40110667e-02 
 4.25801757e+00  7.40198243e-02 
 4.26714182e+00  7.40285818e-02 
 4.27626606e+00  7.40373394e-02 
 4.28539031e+00  7.40460969e-02 
 4.29451455e+00  7.40548545e-02 
 4.30363879e+00  7.40636121e-02 
 4.31276304e+00  7.40723696e-02 
 4.32188728e+00  7.40811272e-02 
 4.33101153e+00  7.40898847e-02 
 4.34013577e+00  7.40986423e-02 
 4.34926001e+00  7.41073999e-02 
 4.35838426e+00  7.41161574e-02 
 4.36750850e+00  7.41249150e-02 
 4.37663275e+00  7.41336725e-02 
 4.38575699e+00  7.41424301e-02 
 4.39488123e+00  7.41511877e-02 
 4.40400548e+00  7.41599452e-02 
 4.41312972e+00  7.41687028e-02 
 4.42225397e+00  7.41774603e-02 
 4.43137821e+00  7.41862179e-02 
 4.44050245e+00  7.41949755e-02 
 4.44962670e+00  7.42037330e-02 
 4.45875094e+00  7.42124906e-02 
 4.46787519e+00  7.42212481e-02 
 4.47699943e+00  7.42300057e-02 
 4.48612367e+00  7.42387633e-02 
 4.49524792e+00  7.42475208e-02 
 4.50437216e+00  7.42562784e-02 
 4.51349641e+00  7.42650359e-02 
 4.52262065e+00  7.42737935e-02 
 4.53174490e+00  7.42825510e-02 
 4.54086914e+00  7.42913086e-02 
 4.54999338e+00  7.43000662e-02 
 4.55911763e+00  7.43088237e-02 
 4.56824187e+00  7.43175813e-02 
 4.57736612e+00  7.43263388e-02 
 4.58649036e+00  7.43350964e-02 
 4.59561460e+00  7.43438540e-02 
 4.60473885e+00  7.43526115e-02 
 4.61386309e+00  7.43613691e-02 
 4.62298734e+00  7.43701266e-02 
 4.63211158e+00  7.43788842e-02 
 4.64123582e+00  7.43876418e-02 
 4.65036007e+00  7.43963993e-02 
 4.65948431e+00  7.44051569e-02 
 4.66860856e+00  7.44139144e-02 
 4.67773280e+00  7.44226720e-02 
 4.68685704e+00  7.44314296e-02 
 4.69598129e+00  7.44401871e-02 
 4.70510553e+00  7.44489447e-02 
 4.71422978e+00  7.44577022e-02 
 4.72335402e+00  7.44664598e-02 
 4.73247826e+00  7.44752174e-02 
 4.74160251e+00  7.44839749e-02 
 4.75072675e+00  7.44927325e-02 
 4.75985100e+00  7.45014900e-02 
 4.76897524e+00  7.45102476e-02 
 4.77809949e+00  7.45190051e-02 
 4.78722373e+00  7.45277627e-02 
 4.79634797e+00  7.45365203e-02 
 4.80547222e+00  7.45452778e-02 
 4.81459646e+00  7.45540354e-02 
 4.82372071e+00  7.45627929e-02 
 4.83284495e+00  7.45715505e-02 
 4.84196919e+00  7.45803081e-02 
 4.85109344e+00  7.45890656e-02 
 4.86021768e+00  7.45978232e-02 
 4.86934193e+00  7.46065807e-02 
 4.87846617e+00  7.46153383e-02 
 4.88759041e+00  7.46240959e-02 
 4.89671466e+00  7.46328534e-02 
 4.90583890e+00  7.46416110e-02 
 4.91496315e+00  7.46503685e-02 
 4.92408739e+00  7.46591261e-02 
 4.93321163e+00  7.46678837e-02 
 4.94233588e+00  7.46766412e-02 
 4.95146012e+00  7.46853988e-02 
 4.96058437e+00  7.46941563e-02 
 4.96970861e+00  7.47029139e-02 
 4.97883285e+00  7.47116715e-02 
 4.98795710e+00  7.47204290e-02 
 4.99708134e+00  7.47291866e-02 
 5.00620559e+00  7.47379441e-02 
 5.01532983e+00  7.47467017e-02 
 5.02445408e+00  7.47554592e-02 
 5.03357832e+00  7.47642168e-02 
 5.04270256e+00  7.47729744e-02 
 5.05182681e+00  7.47817319e-02 
 5.06095105e+00  7.47904895e-02 
 5.07007530e+00  7.47992470e-02 
 5.07919954e+00  7.48080046e-02 
 5.08832378e+00  7.48167622e-02 
 5.09744803e+00  7.48255197e-02 
 5.10657227e+00  7.48342773e-02 
 5.11569652e+00  7.48430348e-02 
 5.12482076e+00  7.48517924e-02 
 5.13394500e+00  7.48605500e-02 
 5.14306925e+00  7.48693075e-02 
 5.15219349e+00  7.48780651e-02 
 5.16131774e+00  7.48868226e-02 
 5.17044198e+00  7.48955802e-02 
 5.17956622e+00  7.49043378e-02 
 5.18869047e+00  7.49130953e-02 
 5.19781471e+00  7.49218529e-02 
 5.20693896e+00  7.49306104e-02 
 5.21606320e+00  7.49393680e-02 
 5.22518744e+00  7.49481256e-02 
 5.23431169e+00  7.49568831e-02 
 5.24343593e+00  7.49656407e-02 
 5.25256018e+00  7.49743982e-02 
 5.26168442e+00  7.49831558e-02 
 5.27080867e+00  7.49919133e-02 
 5.27993291e+00  7.50006709e-02 
 5.28905715e+00  7.50094285e-02 
 5.29818140e+00  7.50181860e-02 
 5.30730564e+00  7.50269436e-02 
 5.31642989e+00  7.50357011e-02 
 5.32555413e+00  7.50444587e-02 
 5.33467837e+00  7.50532163e-02 
 5.34380262e+00  7.50619738e-02 
 5.35292686e+00  7.50707314e-02 
 5.36205111e+00  7.50794889e-02 
 5.37117535e+00  7.50882465e-02 
 5.38029959e+00  7.50970041e-02 
 5.38942384e+00  7.51057616e-02 
 5.39854808e+00  7.51145192e-02 
 5.40767233e+00  7.51232767e-02 
 5.41679657e+00  7.51320343e-02 
 5.42592081e+00  7.51407919e-02 
 5.43504506e+00  7.51495494e-02 
 5.44416930e+00  7.51583070e-02 
 5.45329355e+00  7.51670645e-02 
 5.46241779e+00  7.51758221e-02 
 5.47154203e+00  7.51845797e-02 
 5.48066628e+00  7.51933372e-02 
 5.48979052e+00  7.52020948e-02 
 5.49891477e+00  7.52108523e-02 
 5.50803901e+00  7.52196099e-02 
 5.51716326e+00  7.52283674e-02 
 5.52628750e+00  7.52371250e-02 
 5.53541174e+00  7.52458826e-02 
 5.54453599e+00  7.52546401e-02 
 5.55366023e+00  7.52633977e-02 
 5.56278448e+00  7.52721552e-02 
 5.57190872e+00  7.52809128e-02 
 5.58103296e+00  7.52896704e-02 
 5.59015721e+00  7.52984279e-02 
 5.59928145e+00  7.53071855e-02 
 5.60840570e+00  7.53159430e-02 
 5.61752994e+00  7.53247006e-02 
 5.62665418e+00  7.53334582e-02 
 5.63577843e+00  7.53422157e-02 
 5.64490267e+00  7.53509733e-02 
 5.65402692e+00  7.53597308e-02 
 5.66315116e+00  7.53684884e-02 
 5.67227540e+00  7.53772460e-02 
 5.68139965e+00  7.53860035e-02 
 5.69052389e+00  7.53947611e-02 
 5.69964814e+00  7.54035186e-02 
 5.70877238e+00  7.54122762e-02 
 5.71789662e+00  7.54210338e-02 
 5.72702087e+00  7.54297913e-02 
 5.73614511e+00  7.54385489e-02 
 5.74526936e+00  7.54473064e-02 
 5.75439360e+00  7.54560640e-02 
 5.76351785e+00  7.54648215e-02 
 5.77264209e+00  7.54735791e-02 
 5.78176633e+00  7.54823367e-02 
 5.79089058e+00  7.54910942e-02 
 5.80001482e+00  7.54998518e-02 
 5.80913907e+00  7.55086093e-02 
 5.81826331e+00  7.55173669e-02 
 5.82738755e+00  7.55261245e-02 
 5.83651180e+00  7.55348820e-02 
 5.84563604e+00  7.55436396e-02 
 5.85476029e+00  7.55523971e-02 
 5.86388453e+00  7.55611547e-02 
 5.87300877e+00  7.55699123e-02 
 5.88213302e+00  7.55786698e-02 
 5.89125726e+00  7.55874274e-02 
 5.90038151e+00  7.55961849e-02 
 5.90950575e+00  7.56049425e-02 
 5.91862999e+00  7.56137001e-02 
 5.92775424e+00  7.56224576e-02 
 5.93687848e+00  7.56312152e-02 
 5.94600273e+00  7.56399727e-02 
 5.95512697e+00  7.56487303e-02 
 5.96425121e+00  7.56574879e-02 
 5.97337546e+00  7.56662454e-02 
 5.98249970e+00  7.56750030e-02 
 5.99162395e+00  7.56837605e-02 
 6.00074819e+00  7.56925181e-02 
 6.00987244e+00  7.57012756e-02 
 6.01899668e+00  7.57100332e-02 
 6.02812092e+00  7.57187908e-02 
 6.03724517e+00  7.57275483e-02 
 6.04636941e+00  7.57363059e-02 
 6.05549366e+00  7.57450634e-02 
 6.06461790e+00  7.57538210e-02 
 6.07374214e+00  7.57625786e-02 
 6.08286639e+00  7.57713361e-02 
 6.09199063e+00  7.57800937e-02 
 6.10111488e+00  7.57888512e-02 
 6.11023912e+00  7.57976088e-02 
 6.11936336e+00  7.58063664e-02 
 6.12848761e+00  7.58151239e-02 
 6.13761185e+00  7.58238815e-02 
 6.14673610e+00  7.58326390e-02 
 6.15586034e+00  7.58413966e-02 
 6.16498458e+00  7.58501542e-02 
 6.17410883e+00  7.58589117e-02 
 6.18323307e+00  7.58676693e-02 
 6.19235732e+00  7.58764268e-02 
 6.20148156e+00  7.58851844e-02 
 6.21060580e+00  7.58939420e-02 
 6.21973005e+00  7.59026995e-02 
 6.22885429e+00  7.59114571e-02 
 6.23797854e+00  7.59202146e-02 
 6.24710278e+00  7.59289722e-02 
 6.25622703e+00  7.59377297e-02 
 6.26535127e+00  7.59464873e-02 
 6.27447551e+00  7.59552449e-02 
 6.28359976e+00  7.59640024e-02 
 6.29272400e+00  7.59727600e-02 
 6.30184825e+00  7.59815175e-02 
 6.31097249e+00  7.59902751e-02 
 6.32009673e+00  7.59990327e-02 
 6.32922098e+00  7.60077902e-02 
 6.33834522e+00  7.60165478e-02 
 6.34746947e+00  7.60253053e-02 
 6.35659371e+00  7.60340629e-02 
 6.36571795e+00  7.60428205e-02 
 6.37484220e+00  7.60515780e-02 
 6.38396644e+00  7.60603356e-02 
 6.39309069e+00  7.60690931e-02 
 6.40221493e+00  7.60778507e-02 
 6.41133917e+00  7.60866083e-02 
 6.42046342e+00  7.60953658e-02 
 6.42958766e+00  7.61041234e-02 
 6.43871191e+00  7.61128809e-02 
 6.44783615e+00  7.61216385e-02 
 6.45696039e+00  7.61303961e-02 
 6.46608464e+00  7.61391536e-02 
 6.47520888e+00  7.61479112e-02 
 6.48433313e+00  7.61566687e-02 
 6.49345737e+00  7.61654263e-02 
 6.50258162e+00  7.61741838e-02 
 6.51170586e+00  7.61829414e-02 
 6.52083010e+00  7.61916990e-02 
 6.52995435e+00  7.62004565e-02 
 6.53907859e+00  7.62092141e-02 
 6.54820284e+00  7.62179716e-02 
 6.55732708e+00  7.62267292e-02 
 6.56645132e+00  7.62354868e-02 
 6.57557557e+00  7.62442443e-02 
 6.58469981e+00  7.62530019e-02 
 6.59382406e+00  7.62617594e-02 
 6.60294830e+00  7.62705170e-02 
 6.61207254e+00  7.62792746e-02 
 6.62119679e+00  7.62880321e-02 
 6.63032103e+00  7.62967897e-02 
 6.63944528e+00  7.63055472e-02 
 6.64856952e+00  7.63143048e-02 
 6.65769376e+00  7.63230624e-02 
 6.66681801e+00  7.63318199e-02 
 6.67594225e+00  7.63405775e-02 
 6.68506650e+00  7.63493350e-02 
 6.69419074e+00  7.63580926e-02 
 6.70331498e+00  7.63668502e-02 
 6.71243923e+00  7.63756077e-02 
 6.72156347e+00  7.63843653e-02 
 6.73068772e+00  7.63931228e-02 
 6.73981196e+00  7.64018804e-02 
 6.74893621e+00  7.64106379e-02 
 6.75806045e+00  7.64193955e-02 
 6.76718469e+00  7.64281531e-02 
 6.77630894e+00  7.64369106e-02 
 6.78543318e+00  7.64456682e-02 
 6.79455743e+00  7.64544257e-02 
 6.80368167e+00  7.64631833e-02 
 6.81280591e+00  7.64719409e-02 
 6.82193016e+00  7.64806984e-02 
 6.83105440e+00  7.64894560e-02 
 6.84017865e+00  7.64982135e-02 
 6.84930289e+00  7.65069711e-02 
 6.85842713e+00  7.65157287e-02 
 6.86755138e+00  7.65244862e-02 
 6.87667562e+00  7.65332438e-02 
 6.88579987e+00  7.65420013e-02 
 6.89492411e+00  7.65507589e-02 
 6.90404835e+00  7.65595165e-02 
 6.91317260e+00  7.65682740e-02 
 6.92229684e+00  7.65770316e-02 
 6.93142109e+00  7.65857891e-02 
 6.94054533e+00  7.65945467e-02 
 6.94966957e+00  7.66033043e-02 
 6.95879382e+00  7.66120618e-02 
 6.96791806e+00  7.66208194e-02 
 6.97704231e+00  7.66295769e-02 
 6.98616655e+00  7.66383345e-02 
 6.99529080e+00  7.66470920e-02 
 7.00441504e+00  7.66558496e-02 
 7.01353928e+00  7.66646072e-02 
 7.02266353e+00  7.66733647e-02 
 7.03178777e+00  7.66821223e-02 
 7.04091202e+00  7.66908798e-02 
 7.05003626e+00  7.66996374e-02 
 7.05916050e+00  7.67083950e-02 
 7.06828475e+00  7.67171525e-02 
 7.07740899e+00  7.67259101e-02 
 7.08653324e+00  7.67346676e-02 
 7.09565748e+00  7.67434252e-02 
 7.10478172e+00  7.67521828e-02 
 7.11390597e+00  7.67609403e-02 
 7.12303021e+00  7.67696979e-02 
 7.13215446e+00  7.67784554e-02 
 7.14127870e+00  7.67872130e-02 
 7.15040294e+00  7.67959706e-02 
 7.15952719e+00  7.68047281e-02 
 7.16865143e+00  7.68134857e-02 
 7.17777568e+00  7.68222432e-02 
 7.18689992e+00  7.68310008e-02 
 7.19602416e+00  7.68397584e-02 
 7.20514841e+00  7.68485159e-02 
 7.21427265e+00  7.68572735e-02 
 7.22339690e+00  7.68660310e-02 
 7.23252114e+00  7.68747886e-02 
 7.24164539e+00  7.68835461e-02 
 7.25076963e+00  7.68923037e-02 
 7.25989387e+00  7.69010613e-02 
 7.26901812e+00  7.69098188e-02 
 7.27814236e+00  7.69185764e-02 
 7.28726661e+00  7.69273339e-02 
 7.29639085e+00  7.69360915e-02 
 7.30551509e+00  7.69448491e-02 
