 3.47552323e-03 -3.47552323e-05 
 6.63692044e-03  3.36307956e-05 
 9.79282348e-03  1.02071765e-04 
 1.29474472e-02  1.70525528e-04 
 1.60994704e-02  2.39005296e-04 
 1.92489513e-02  3.07510487e-04 
 2.23959471e-02  3.76040529e-04 
 2.55405131e-02  4.44594869e-04 
 2.86827029e-02  5.13172971e-04 
 3.18225681e-02  5.81774319e-04 
 3.49601589e-02  6.50398411e-04 
 3.80955238e-02  7.19044762e-04 
 4.12287100e-02  7.87712900e-04 
 4.43597629e-02  8.56402371e-04 
 4.74887267e-02  9.25112733e-04 
 5.06156444e-02  9.93843556e-04 
 5.37405575e-02  1.06259442e-03 
 5.68635063e-02  1.13136494e-03 
 5.99845300e-02  1.20015470e-03 
 6.31036666e-02  1.26896333e-03 
 6.62209531e-02  1.33779047e-03 
 6.93364253e-02  1.40663575e-03 
 7.24501180e-02  1.47549882e-03 
 7.55620652e-02  1.54437935e-03 
 7.86722997e-02  1.61327700e-03 
 8.17808536e-02  1.68219146e-03 
 8.48877582e-02  1.75112242e-03 
 8.79930435e-02  1.82006956e-03 
 9.10967393e-02  1.88903261e-03 
 9.41988742e-02  1.95801126e-03 
 9.72994761e-02  2.02700524e-03 
 1.00398572e-01  2.09601428e-03 
 1.03496189e-01  2.16503811e-03 
 1.06592353e-01  2.23407647e-03 
 1.09687088e-01  2.30312912e-03 
 1.12780420e-01  2.37219580e-03 
 1.15872372e-01  2.44127628e-03 
 1.18962968e-01  2.51037032e-03 
 1.22052230e-01  2.57947770e-03 
 1.25140181e-01  2.64859819e-03 
 1.28226842e-01  2.71773158e-03 
 1.31312235e-01  2.78687765e-03 
 1.34396380e-01  2.85603620e-03 
 1.37479296e-01  2.92520704e-03 
 1.40561005e-01  2.99438995e-03 
 1.43641525e-01  3.06358475e-03 
 1.46720875e-01  3.13279125e-03 
 1.49799073e-01  3.20200927e-03 
 1.52876137e-01  3.27123863e-03 
 1.55952084e-01  3.34047916e-03 
 1.59026933e-01  3.40973067e-03 
 1.62100699e-01  3.47899301e-03 
 1.65173399e-01  3.54826601e-03 
 1.68245049e-01  3.61754951e-03 
 1.71315664e-01  3.68684336e-03 
 1.74385261e-01  3.75614739e-03 
 1.77453853e-01  3.82546147e-03 
 1.80521455e-01  3.89478545e-03 
 1.83588083e-01  3.96411917e-03 
 1.86653750e-01  4.03346250e-03 
 1.89718469e-01  4.10281531e-03 
 1.92782255e-01  4.17217745e-03 
 1.95845120e-01  4.24154880e-03 
 1.98907077e-01  4.31092923e-03 
 2.01968139e-01  4.38031861e-03 
 2.05028319e-01  4.44971681e-03 
 2.08087628e-01  4.51912372e-03 
 2.11146079e-01  4.58853921e-03 
 2.14203682e-01  4.65796318e-03 
 2.17260451e-01  4.72739549e-03 
 2.20316395e-01  4.79683605e-03 
 2.23371526e-01  4.86628474e-03 
 2.26425855e-01  4.93574145e-03 
 2.29479392e-01  5.00520608e-03 
 2.32532147e-01  5.07467853e-03 
 2.35584131e-01  5.14415869e-03 
 2.38635354e-01  5.21364646e-03 
 2.41685826e-01  5.28314174e-03 
 2.44735556e-01  5.35264444e-03 
 2.47784553e-01  5.42215447e-03 
 2.50832828e-01  5.49167172e-03 
 2.53880388e-01  5.56119612e-03 
 2.56927244e-01  5.63072756e-03 
 2.59973403e-01  5.70026597e-03 
 2.63018875e-01  5.76981125e-03 
 2.66063667e-01  5.83936333e-03 
 2.69107789e-01  5.90892211e-03 
 2.72151248e-01  5.97848752e-03 
 2.75194052e-01  6.04805948e-03 
 2.78236209e-01  6.11763791e-03 
 2.81277728e-01  6.18722272e-03 
 2.84318615e-01  6.25681385e-03 
 2.87358878e-01  6.32641122e-03 
 2.90398525e-01  6.39601475e-03 
 2.93437562e-01  6.46562438e-03 
 2.96475997e-01  6.53524003e-03 
 2.99513837e-01  6.60486163e-03 
 3.02551089e-01  6.67448911e-03 
 3.05587759e-01  6.74412241e-03 
 3.08623854e-01  6.81376146e-03 
 3.11659381e-01  6.88340619e-03 
 3.14694346e-01  6.95305654e-03 
 3.17728756e-01  7.02271244e-03 
 3.20762615e-01  7.09237385e-03 
 3.23795932e-01  7.16204068e-03 
 3.26828712e-01  7.23171288e-03 
 3.29860960e-01  7.30139040e-03 
 3.32892683e-01  7.37107317e-03 
 3.35923886e-01  7.44076114e-03 
 3.38954575e-01  7.51045425e-03 
 3.41984756e-01  7.58015244e-03 
 3.45014434e-01  7.64985566e-03 
 3.48043614e-01  7.71956386e-03 
 3.51072302e-01  7.78927698e-03 
 3.54100503e-01  7.85899497e-03 
 3.57128223e-01  7.92871777e-03 
 3.60155465e-01  7.99844535e-03 
 3.63182236e-01  8.06817764e-03 
 3.66208541e-01  8.13791459e-03 
 3.69234383e-01  8.20765617e-03 
 3.72259768e-01  8.27740232e-03 
 3.75284701e-01  8.34715299e-03 
 3.78309186e-01  8.41690814e-03 
 3.81333227e-01  8.48666773e-03 
 3.84356830e-01  8.55643170e-03 
 3.87379999e-01  8.62620001e-03 
 3.90402739e-01  8.69597261e-03 
 3.93425052e-01  8.76574948e-03 
 3.96446945e-01  8.83553055e-03 
 3.99468420e-01  8.90531580e-03 
 4.02489483e-01  8.97510517e-03 
 4.05510136e-01  9.04489864e-03 
 4.08530385e-01  9.11469615e-03 
 4.11550234e-01  9.18449766e-03 
 4.14569685e-01  9.25430315e-03 
 4.17588743e-01  9.32411257e-03 
 4.20607413e-01  9.39392587e-03 
 4.23625697e-01  9.46374303e-03 
 4.26643599e-01  9.53356401e-03 
 4.29661123e-01  9.60338877e-03 
 4.32678273e-01  9.67321727e-03 
 4.35695051e-01  9.74304949e-03 
 4.38711463e-01  9.81288537e-03 
 4.41727511e-01  9.88272489e-03 
 4.44743198e-01  9.95256802e-03 
 4.47758528e-01  1.00224147e-02 
 4.50773504e-01  1.00922650e-02 
 4.53788130e-01  1.01621187e-02 
 4.56802409e-01  1.02319759e-02 
 4.59816344e-01  1.03018366e-02 
 4.62829938e-01  1.03717006e-02 
 4.65843195e-01  1.04415681e-02 
 4.68856117e-01  1.05114388e-02 
 4.71868707e-01  1.05813129e-02 
 4.74880969e-01  1.06511903e-02 
 4.77892905e-01  1.07210709e-02 
 4.80904519e-01  1.07909548e-02 
 4.83915813e-01  1.08608419e-02 
 4.86926790e-01  1.09307321e-02 
 4.89937454e-01  1.10006255e-02 
 4.92947806e-01  1.10705219e-02 
 4.95957849e-01  1.11404215e-02 
 4.98967587e-01  1.12103241e-02 
 5.01977022e-01  1.12802298e-02 
 5.04986156e-01  1.13501384e-02 
 5.07994993e-01  1.14200501e-02 
 5.11003535e-01  1.14899647e-02 
 5.14011784e-01  1.15598822e-02 
 5.17019743e-01  1.16298026e-02 
 5.20027415e-01  1.16997259e-02 
 5.23034801e-01  1.17696520e-02 
 5.26041905e-01  1.18395809e-02 
 5.29048729e-01  1.19095127e-02 
 5.32055275e-01  1.19794472e-02 
 5.35061546e-01  1.20493845e-02 
 5.38067544e-01  1.21193246e-02 
 5.41073271e-01  1.21892673e-02 
 5.44078730e-01  1.22592127e-02 
 5.47083922e-01  1.23291608e-02 
 5.50088850e-01  1.23991115e-02 
 5.53093517e-01  1.24690648e-02 
 5.56097924e-01  1.25390208e-02 
 5.59102074e-01  1.26089793e-02 
 5.62105969e-01  1.26789403e-02 
 5.65109610e-01  1.27489039e-02 
 5.68113000e-01  1.28188700e-02 
 5.71116142e-01  1.28888386e-02 
 5.74119036e-01  1.29588096e-02 
 5.77121686e-01  1.30287831e-02 
 5.80124093e-01  1.30987591e-02 
 5.83126258e-01  1.31687374e-02 
 5.86128185e-01  1.32387181e-02 
 5.89129875e-01  1.33087012e-02 
 5.92131330e-01  1.33786867e-02 
 5.95132551e-01  1.34486745e-02 
 5.98133541e-01  1.35186646e-02 
 6.01134302e-01  1.35886570e-02 
 6.04134835e-01  1.36586516e-02 
 6.07135143e-01  1.37286486e-02 
 6.10135226e-01  1.37986477e-02 
 6.13135087e-01  1.38686491e-02 
 6.16134727e-01  1.39386527e-02 
 6.19134149e-01  1.40086585e-02 
 6.22133354e-01  1.40786665e-02 
 6.25132344e-01  1.41486766e-02 
 6.28131120e-01  1.42186888e-02 
 6.31129684e-01  1.42887032e-02 
 6.34128038e-01  1.43587196e-02 
 6.37126183e-01  1.44287382e-02 
 6.40124121e-01  1.44987588e-02 
 6.43121854e-01  1.45687815e-02 
 6.46119384e-01  1.46388062e-02 
 6.49116710e-01  1.47088329e-02 
 6.52113837e-01  1.47788616e-02 
 6.55110764e-01  1.48488924e-02 
 6.58107494e-01  1.49189251e-02 
 6.61104027e-01  1.49889597e-02 
 6.64100366e-01  1.50589963e-02 
 6.67096512e-01  1.51290349e-02 
 6.70092467e-01  1.51990753e-02 
 6.73088231e-01  1.52691177e-02 
 6.76083807e-01  1.53391619e-02 
 6.79079196e-01  1.54092080e-02 
 6.82074398e-01  1.54792560e-02 
 6.85069416e-01  1.55493058e-02 
 6.88064252e-01  1.56193575e-02 
 6.91058905e-01  1.56894109e-02 
 6.94053379e-01  1.57594662e-02 
 6.97047673e-01  1.58295233e-02 
 7.00041790e-01  1.58995821e-02 
 7.03035731e-01  1.59696427e-02 
 7.06029497e-01  1.60397050e-02 
 7.09023089e-01  1.61097691e-02 
 7.12016508e-01  1.61798349e-02 
 7.15009757e-01  1.62499024e-02 
 7.18002836e-01  1.63199716e-02 
 7.20995747e-01  1.63900425e-02 
 7.23988490e-01  1.64601151e-02 
 7.26981067e-01  1.65301893e-02 
 7.29973480e-01  1.66002652e-02 
 7.32965729e-01  1.66703427e-02 
 7.35957815e-01  1.67404218e-02 
 7.38949740e-01  1.68105026e-02 
 7.41941506e-01  1.68805849e-02 
 7.44933112e-01  1.69506689e-02 
 7.47924561e-01  1.70207544e-02 
 7.50915853e-01  1.70908415e-02 
 7.53906990e-01  1.71609301e-02 
 7.56897973e-01  1.72310203e-02 
 7.59888803e-01  1.73011120e-02 
 7.62879480e-01  1.73712052e-02 
 7.65870007e-01  1.74412999e-02 
 7.68860384e-01  1.75113962e-02 
 7.71850612e-01  1.75814939e-02 
 7.74840693e-01  1.76515931e-02 
 7.77830627e-01  1.77216937e-02 
 7.80820415e-01  1.77917958e-02 
 7.83810060e-01  1.78618994e-02 
 7.86799560e-01  1.79320044e-02 
 7.89788919e-01  1.80021108e-02 
 7.92778136e-01  1.80722186e-02 
 7.95767212e-01  1.81423279e-02 
 7.98756150e-01  1.82124385e-02 
 8.01744949e-01  1.82825505e-02 
 8.04733611e-01  1.83526639e-02 
 8.07722136e-01  1.84227786e-02 
 8.10710526e-01  1.84928947e-02 
 8.13698782e-01  1.85630122e-02 
 8.16686904e-01  1.86331310e-02 
 8.19674894e-01  1.87032511e-02 
 8.22662752e-01  1.87733725e-02 
 8.25650480e-01  1.88434952e-02 
 8.28638078e-01  1.89136192e-02 
 8.31625547e-01  1.89837445e-02 
 8.34612888e-01  1.90538711e-02 
 8.37600103e-01  1.91239990e-02 
 8.40587191e-01  1.91941281e-02 
 8.43574155e-01  1.92642585e-02 
 8.46560994e-01  1.93343901e-02 
 8.49547710e-01  1.94045229e-02 
 8.52534303e-01  1.94746570e-02 
 8.55520775e-01  1.95447922e-02 
 8.58507126e-01  1.96149287e-02 
 8.61493358e-01  1.96850664e-02 
 8.64479470e-01  1.97552053e-02 
 8.67465464e-01  1.98253454e-02 
 8.70451341e-01  1.98954866e-02 
 8.73437101e-01  1.99656290e-02 
 8.76422746e-01  2.00357725e-02 
 8.79408275e-01  2.01059172e-02 
 8.82393691e-01  2.01760631e-02 
 8.85378994e-01  2.02462101e-02 
 8.88364184e-01  2.03163582e-02 
 8.91349262e-01  2.03865074e-02 
 8.94334230e-01  2.04566577e-02 
 8.97319088e-01  2.05268091e-02 
 9.00303836e-01  2.05969616e-02 
 9.03288476e-01  2.06671152e-02 
 9.06273008e-01  2.07372699e-02 
 9.09257433e-01  2.08074257e-02 
 9.12241752e-01  2.08775825e-02 
 9.15225965e-01  2.09477403e-02 
 9.18210074e-01  2.10178993e-02 
 9.21194079e-01  2.10880592e-02 
 9.24177981e-01  2.11582202e-02 
 9.27161780e-01  2.12283822e-02 
 9.30145477e-01  2.12985452e-02 
 9.33129074e-01  2.13687093e-02 
 9.36112570e-01  2.14388743e-02 
 9.39095966e-01  2.15090403e-02 
 9.42079264e-01  2.15792074e-02 
 9.45062463e-01  2.16493754e-02 
 9.48045565e-01  2.17195443e-02 
 9.51028571e-01  2.17897143e-02 
 9.54011480e-01  2.18598852e-02 
 9.56994293e-01  2.19300571e-02 
 9.59977012e-01  2.20002299e-02 
 9.62959637e-01  2.20704036e-02 
 9.65942168e-01  2.21405783e-02 
 9.68924607e-01  2.22107539e-02 
 9.71906954e-01  2.22809305e-02 
 9.74889209e-01  2.23511079e-02 
 9.77871374e-01  2.24212863e-02 
 9.80853449e-01  2.24914655e-02 
 9.83835434e-01  2.25616457e-02 
 9.86817330e-01  2.26318267e-02 
 9.89799138e-01  2.27020086e-02 
 9.92780859e-01  2.27721914e-02 
 9.95762493e-01  2.28423751e-02 
 9.98744040e-01  2.29125596e-02 
 1.00172550e+00  2.29827450e-02 
 1.00470688e+00  2.30529312e-02 
 1.00768817e+00  2.31231183e-02 
 1.01066938e+00  2.31933062e-02 
 1.01365051e+00  2.32634949e-02 
 1.01663155e+00  2.33336845e-02 
 1.01961251e+00  2.34038749e-02 
 1.02259339e+00  2.34740661e-02 
 1.02557419e+00  2.35442581e-02 
 1.02855491e+00  2.36144509e-02 
 1.03153555e+00  2.36846445e-02 
 1.03451611e+00  2.37548389e-02 
 1.03749659e+00  2.38250341e-02 
 1.04047699e+00  2.38952301e-02 
 1.04345732e+00  2.39654268e-02 
 1.04643757e+00  2.40356243e-02 
 1.04941775e+00  2.41058225e-02 
 1.05239784e+00  2.41760216e-02 
 1.05537787e+00  2.42462213e-02 
 1.05835782e+00  2.43164218e-02 
 1.06133769e+00  2.43866231e-02 
 1.06431749e+00  2.44568251e-02 
 1.06729722e+00  2.45270278e-02 
 1.07027688e+00  2.45972312e-02 
 1.07325647e+00  2.46674353e-02 
 1.07623598e+00  2.47376402e-02 
 1.07921542e+00  2.48078458e-02 
 1.08219480e+00  2.48780520e-02 
 1.08517410e+00  2.49482590e-02 
 1.08815334e+00  2.50184666e-02 
 1.09113250e+00  2.50886750e-02 
 1.09411160e+00  2.51588840e-02 
 1.09709063e+00  2.52290937e-02 
 1.10006960e+00  2.52993040e-02 
 1.10304850e+00  2.53695150e-02 
 1.10602733e+00  2.54397267e-02 
 1.10900610e+00  2.55099390e-02 
 1.11198480e+00  2.55801520e-02 
 1.11496344e+00  2.56503656e-02 
 1.11794201e+00  2.57205799e-02 
 1.12092052e+00  2.57907948e-02 
 1.12389897e+00  2.58610103e-02 
 1.12687735e+00  2.59312265e-02 
 1.12985568e+00  2.60014432e-02 
 1.13283394e+00  2.60716606e-02 
 1.13581214e+00  2.61418786e-02 
 1.13879028e+00  2.62120972e-02 
 1.14176836e+00  2.62823164e-02 
 1.14474639e+00  2.63525361e-02 
 1.14772435e+00  2.64227565e-02 
 1.15070225e+00  2.64929775e-02 
 1.15368010e+00  2.65631990e-02 
 1.15665789e+00  2.66334211e-02 
 1.15963562e+00  2.67036438e-02 
 1.16261330e+00  2.67738670e-02 
 1.16559092e+00  2.68440908e-02 
 1.16856848e+00  2.69143152e-02 
 1.17154599e+00  2.69845401e-02 
 1.17452344e+00  2.70547656e-02 
 1.17750084e+00  2.71249916e-02 
 1.18047819e+00  2.71952181e-02 
 1.18345548e+00  2.72654452e-02 
 1.18643272e+00  2.73356728e-02 
 1.18940991e+00  2.74059009e-02 
 1.19238705e+00  2.74761295e-02 
 1.19536413e+00  2.75463587e-02 
 1.19834117e+00  2.76165883e-02 
 1.20131815e+00  2.76868185e-02 
 1.20429508e+00  2.77570492e-02 
 1.20727196e+00  2.78272804e-02 
 1.21024880e+00  2.78975120e-02 
 1.21322558e+00  2.79677442e-02 
 1.21620232e+00  2.80379768e-02 
 1.21917901e+00  2.81082099e-02 
 1.22215565e+00  2.81784435e-02 
 1.22513224e+00  2.82486776e-02 
 1.22810879e+00  2.83189121e-02 
 1.23108529e+00  2.83891471e-02 
 1.23406174e+00  2.84593826e-02 
 1.23703815e+00  2.85296185e-02 
 1.24001452e+00  2.85998548e-02 
 1.24299084e+00  2.86700916e-02 
 1.24596711e+00  2.87403289e-02 
 1.24894335e+00  2.88105665e-02 
 1.25191954e+00  2.88808046e-02 
 1.25489568e+00  2.89510432e-02 
 1.25787179e+00  2.90212821e-02 
 1.26084785e+00  2.90915215e-02 
 1.26382387e+00  2.91617613e-02 
 1.26679985e+00  2.92320015e-02 
 1.26977578e+00  2.93022422e-02 
 1.27275168e+00  2.93724832e-02 
 1.27572754e+00  2.94427246e-02 
 1.27870336e+00  2.95129664e-02 
 1.28167914e+00  2.95832086e-02 
 1.28465488e+00  2.96534512e-02 
 1.28763058e+00  2.97236942e-02 
 1.29060624e+00  2.97939376e-02 
 1.29358187e+00  2.98641813e-02 
 1.29655745e+00  2.99344255e-02 
 1.29953301e+00  3.00046699e-02 
 1.30250852e+00  3.00749148e-02 
 1.30548400e+00  3.01451600e-02 
 1.30845944e+00  3.02154056e-02 
 1.31143485e+00  3.02856515e-02 
 1.31441023e+00  3.03558977e-02 
 1.31738557e+00  3.04261443e-02 
 1.32036087e+00  3.04963913e-02 
 1.32333614e+00  3.05666386e-02 
 1.32631138e+00  3.06368862e-02 
 1.32928659e+00  3.07071341e-02 
 1.33226176e+00  3.07773824e-02 
 1.33523690e+00  3.08476310e-02 
 1.33821201e+00  3.09178799e-02 
 1.34118708e+00  3.09881292e-02 
 1.34416213e+00  3.10583787e-02 
 1.34713715e+00  3.11286285e-02 
 1.35011213e+00  3.11988787e-02 
 1.35308709e+00  3.12691291e-02 
 1.35606201e+00  3.13393799e-02 
 1.35903691e+00  3.14096309e-02 
 1.36201178e+00  3.14798822e-02 
 1.36498662e+00  3.15501338e-02 
 1.36796143e+00  3.16203857e-02 
 1.37093621e+00  3.16906379e-02 
 1.37391097e+00  3.17608903e-02 
 1.37688570e+00  3.18311430e-02 
 1.37986040e+00  3.19013960e-02 
 1.38283508e+00  3.19716492e-02 
 1.38580973e+00  3.20419027e-02 
 1.38878435e+00  3.21121565e-02 
 1.39175895e+00  3.21824105e-02 
 1.39473353e+00  3.22526647e-02 
 1.39770808e+00  3.23229192e-02 
 1.40068261e+00  3.23931739e-02 
 1.40365711e+00  3.24634289e-02 
 1.40663159e+00  3.25336841e-02 
 1.40960605e+00  3.26039395e-02 
 1.41258048e+00  3.26741952e-02 
 1.41555490e+00  3.27444510e-02 
 1.41852929e+00  3.28147071e-02 
 1.42150366e+00  3.28849634e-02 
 1.42447800e+00  3.29552200e-02 
 1.42745233e+00  3.30254767e-02 
 1.43042664e+00  3.30957336e-02 
 1.43340092e+00  3.31659908e-02 
 1.43637519e+00  3.32362481e-02 
 1.43934944e+00  3.33065056e-02 
 1.44232367e+00  3.33767633e-02 
 1.44529788e+00  3.34470212e-02 
 1.44827207e+00  3.35172793e-02 
 1.45124624e+00  3.35875376e-02 
 1.45422040e+00  3.36577960e-02 
 1.45719454e+00  3.37280546e-02 
 1.46016866e+00  3.37983134e-02 
 1.46314276e+00  3.38685724e-02 
 1.46611685e+00  3.39388315e-02 
 1.46909093e+00  3.40090907e-02 
 1.47206498e+00  3.40793502e-02 
 1.47503903e+00  3.41496097e-02 
 1.47801305e+00  3.42198695e-02 
 1.48098707e+00  3.42901293e-02 
 1.48396106e+00  3.43603894e-02 
 1.48693505e+00  3.44306495e-02 
 1.48990902e+00  3.45009098e-02 
 1.49288298e+00  3.45711702e-02 
 1.49585693e+00  3.46414307e-02 
 1.49883086e+00  3.47116914e-02 
 1.50180478e+00  3.47819522e-02 
 1.50477869e+00  3.48522131e-02 
 1.50775259e+00  3.49224741e-02 
 1.51072648e+00  3.49927352e-02 
 1.51370035e+00  3.50629965e-02 
 1.51667422e+00  3.51332578e-02 
 1.51964807e+00  3.52035193e-02 
 1.52262192e+00  3.52737808e-02 
 1.52559576e+00  3.53440424e-02 
 1.52856959e+00  3.54143041e-02 
 1.53154341e+00  3.54845659e-02 
 1.53451722e+00  3.55548278e-02 
 1.53749102e+00  3.56250898e-02 
 1.54046481e+00  3.56953519e-02 
 1.54343860e+00  3.57656140e-02 
 1.54641238e+00  3.58358762e-02 
 1.54938616e+00  3.59061384e-02 
 1.55235993e+00  3.59764007e-02 
 1.55533369e+00  3.60466631e-02 
 1.55830745e+00  3.61169255e-02 
 1.56128120e+00  3.61871880e-02 
 1.56425494e+00  3.62574506e-02 
 1.56722869e+00  3.63277131e-02 
 1.57020242e+00  3.63979758e-02 
 1.57317616e+00  3.64682384e-02 
 1.57614989e+00  3.65385011e-02 
 1.57912362e+00  3.66087638e-02 
 1.58209734e+00  3.66790266e-02 
 1.58507106e+00  3.67492894e-02 
 1.58804478e+00  3.68195522e-02 
 1.59101850e+00  3.68898150e-02 
 1.59399222e+00  3.69600778e-02 
 1.59696593e+00  3.70303407e-02 
 1.59993964e+00  3.71006036e-02 
 1.60291336e+00  3.71708664e-02 
 1.60588707e+00  3.72411293e-02 
 1.60886079e+00  3.73113921e-02 
 1.61183450e+00  3.73816550e-02 
 1.61480821e+00  3.74519179e-02 
 1.61778193e+00  3.75221807e-02 
 1.62075565e+00  3.75924435e-02 
 1.62372937e+00  3.76627063e-02 
 1.62670309e+00  3.77329691e-02 
 1.62967681e+00  3.78032319e-02 
 1.63265054e+00  3.78734946e-02 
 1.63562427e+00  3.79437573e-02 
 1.63859800e+00  3.80140200e-02 
 1.64157174e+00  3.80842826e-02 
 1.64454548e+00  3.81545452e-02 
 1.64751923e+00  3.82248077e-02 
 1.65049298e+00  3.82950702e-02 
 1.65346674e+00  3.83653326e-02 
 1.65644050e+00  3.84355950e-02 
 1.65941427e+00  3.85058573e-02 
 1.66238805e+00  3.85761195e-02 
 1.66536183e+00  3.86463817e-02 
 1.66833561e+00  3.87166439e-02 
 1.67130941e+00  3.87869059e-02 
 1.67428321e+00  3.88571679e-02 
 1.67725702e+00  3.89274298e-02 
 1.68023084e+00  3.89976916e-02 
 1.68320467e+00  3.90679533e-02 
 1.68617851e+00  3.91382149e-02 
 1.68915236e+00  3.92084764e-02 
 1.69212621e+00  3.92787379e-02 
 1.69510008e+00  3.93489992e-02 
 1.69807396e+00  3.94192604e-02 
 1.70104784e+00  3.94895216e-02 
 1.70402174e+00  3.95597826e-02 
 1.70699565e+00  3.96300435e-02 
 1.70996957e+00  3.97003043e-02 
 1.71294351e+00  3.97705649e-02 
 1.71591746e+00  3.98408254e-02 
 1.71889142e+00  3.99110858e-02 
 1.72186539e+00  3.99813461e-02 
 1.72483937e+00  4.00516063e-02 
 1.72781337e+00  4.01218663e-02 
 1.73078739e+00  4.01921261e-02 
 1.73376142e+00  4.02623858e-02 
 1.73673546e+00  4.03326454e-02 
 1.73970952e+00  4.04029048e-02 
 1.74268360e+00  4.04731640e-02 
 1.74565769e+00  4.05434231e-02 
 1.74863179e+00  4.06136821e-02 
 1.75160592e+00  4.06839408e-02 
 1.75458006e+00  4.07541994e-02 
 1.75755422e+00  4.08244578e-02 
 1.76052839e+00  4.08947161e-02 
 1.76350259e+00  4.09649741e-02 
 1.76647680e+00  4.10352320e-02 
 1.76945103e+00  4.11054897e-02 
 1.77242528e+00  4.11757472e-02 
 1.77539956e+00  4.12460044e-02 
 1.77837385e+00  4.13162615e-02 
 1.78134816e+00  4.13865184e-02 
 1.78432249e+00  4.14567751e-02 
 1.78729684e+00  4.15270316e-02 
 1.79027121e+00  4.15972879e-02 
 1.79324561e+00  4.16675439e-02 
 1.79622003e+00  4.17377997e-02 
 1.79919447e+00  4.18080553e-02 
 1.80216893e+00  4.18783107e-02 
 1.80514342e+00  4.19485658e-02 
 1.80811793e+00  4.20188207e-02 
 1.81109246e+00  4.20890754e-02 
 1.81406702e+00  4.21593298e-02 
 1.81704160e+00  4.22295840e-02 
 1.82001621e+00  4.22998379e-02 
 1.82299085e+00  4.23700915e-02 
 1.82596551e+00  4.24403449e-02 
 1.82894019e+00  4.25105981e-02 
 1.83191490e+00  4.25808510e-02 
 1.83488964e+00  4.26511036e-02 
 1.83786441e+00  4.27213559e-02 
 1.84083920e+00  4.27916080e-02 
 1.84381403e+00  4.28618597e-02 
 1.84678888e+00  4.29321112e-02 
 1.84976376e+00  4.30023624e-02 
 1.85273867e+00  4.30726133e-02 
 1.85571360e+00  4.31428640e-02 
 1.85868857e+00  4.32131143e-02 
 1.86166357e+00  4.32833643e-02 
 1.86463860e+00  4.33536140e-02 
 1.86761366e+00  4.34238634e-02 
 1.87058876e+00  4.34941124e-02 
 1.87356388e+00  4.35643612e-02 
 1.87653904e+00  4.36346096e-02 
 1.87951423e+00  4.37048577e-02 
 1.88248945e+00  4.37751055e-02 
 1.88546471e+00  4.38453529e-02 
 1.88844000e+00  4.39156000e-02 
 1.89141532e+00  4.39858468e-02 
 1.89439068e+00  4.40560932e-02 
 1.89736607e+00  4.41263393e-02 
 1.90034150e+00  4.41965850e-02 
 1.90331697e+00  4.42668303e-02 
 1.90629247e+00  4.43370753e-02 
 1.90926801e+00  4.44073199e-02 
 1.91224359e+00  4.44775641e-02 
 1.91521920e+00  4.45478080e-02 
 1.91819485e+00  4.46180515e-02 
 1.92117054e+00  4.46882946e-02 
 1.92414627e+00  4.47585373e-02 
 1.92712204e+00  4.48287796e-02 
 1.93009785e+00  4.48990215e-02 
 1.93307370e+00  4.49692630e-02 
 1.93604958e+00  4.50395042e-02 
 1.93902551e+00  4.51097449e-02 
 1.94200148e+00  4.51799852e-02 
 1.94497750e+00  4.52502250e-02 
 1.94795355e+00  4.53204645e-02 
 1.95092965e+00  4.53907035e-02 
 1.95390579e+00  4.54609421e-02 
 1.95688197e+00  4.55311803e-02 
 1.95985820e+00  4.56014180e-02 
 1.96283447e+00  4.56716553e-02 
 1.96581079e+00  4.57418921e-02 
 1.96878715e+00  4.58121285e-02 
 1.97176356e+00  4.58823644e-02 
 1.97474001e+00  4.59525999e-02 
 1.97771651e+00  4.60228349e-02 
 1.98069306e+00  4.60930694e-02 
 1.98366965e+00  4.61633035e-02 
 1.98664629e+00  4.62335371e-02 
 1.98962298e+00  4.63037702e-02 
 1.99259972e+00  4.63740028e-02 
 1.99557651e+00  4.64442349e-02 
 1.99855335e+00  4.65144665e-02 
 2.00153024e+00  4.65846976e-02 
 2.00450718e+00  4.66549282e-02 
 2.00748417e+00  4.67251583e-02 
 2.01046121e+00  4.67953879e-02 
 2.01343830e+00  4.68656170e-02 
 2.01641545e+00  4.69358455e-02 
 2.01939264e+00  4.70060736e-02 
 2.02236990e+00  4.70763010e-02 
 2.02534720e+00  4.71465280e-02 
 2.02832456e+00  4.72167544e-02 
 2.03130198e+00  4.72869802e-02 
 2.03427945e+00  4.73572055e-02 
 2.03725697e+00  4.74274303e-02 
 2.04023456e+00  4.74976544e-02 
 2.04321220e+00  4.75678780e-02 
 2.04618989e+00  4.76381011e-02 
 2.04916765e+00  4.77083235e-02 
 2.05214546e+00  4.77785454e-02 
 2.05512333e+00  4.78487667e-02 
 2.05810126e+00  4.79189874e-02 
 2.06107925e+00  4.79892075e-02 
 2.06405730e+00  4.80594270e-02 
 2.06703541e+00  4.81296459e-02 
 2.07001358e+00  4.81998642e-02 
 2.07299182e+00  4.82700818e-02 
 2.07597011e+00  4.83402989e-02 
 2.07894847e+00  4.84105153e-02 
 2.08192690e+00  4.84807310e-02 
 2.08490538e+00  4.85509462e-02 
 2.08788393e+00  4.86211607e-02 
 2.09086255e+00  4.86913745e-02 
 2.09384123e+00  4.87615877e-02 
 2.09681997e+00  4.88318003e-02 
 2.09979879e+00  4.89020121e-02 
 2.10277767e+00  4.89722233e-02 
 2.10575662e+00  4.90424338e-02 
 2.10873563e+00  4.91126437e-02 
 2.11171472e+00  4.91828528e-02 
 2.11469387e+00  4.92530613e-02 
 2.11767309e+00  4.93232691e-02 
 2.12065239e+00  4.93934761e-02 
 2.12363175e+00  4.94636825e-02 
 2.12661119e+00  4.95338881e-02 
 2.12959069e+00  4.96040931e-02 
 2.13257028e+00  4.96742972e-02 
 2.13554993e+00  4.97445007e-02 
 2.13852966e+00  4.98147034e-02 
 2.14150946e+00  4.98849054e-02 
 2.14448933e+00  4.99551067e-02 
 2.14746929e+00  5.00253071e-02 
 2.15044931e+00  5.00955069e-02 
 2.15342942e+00  5.01657058e-02 
 2.15640960e+00  5.02359040e-02 
 2.15938986e+00  5.03061014e-02 
 2.16237020e+00  5.03762980e-02 
 2.16535061e+00  5.04464939e-02 
 2.16833111e+00  5.05166889e-02 
 2.17131169e+00  5.05868831e-02 
 2.17429235e+00  5.06570765e-02 
 2.17727309e+00  5.07272691e-02 
 2.18025391e+00  5.07974609e-02 
 2.18323481e+00  5.08676519e-02 
 2.18621580e+00  5.09378420e-02 
 2.18919687e+00  5.10080313e-02 
 2.19217802e+00  5.10782198e-02 
 2.19515927e+00  5.11484073e-02 
 2.19814059e+00  5.12185941e-02 
 2.20112201e+00  5.12887799e-02 
 2.20410351e+00  5.13589649e-02 
 2.20708510e+00  5.14291490e-02 
 2.21006677e+00  5.14993323e-02 
 2.21304854e+00  5.15695146e-02 
 2.21603040e+00  5.16396960e-02 
 2.21901234e+00  5.17098766e-02 
 2.22199438e+00  5.17800562e-02 
 2.22497651e+00  5.18502349e-02 
 2.22795873e+00  5.19204127e-02 
 2.23094105e+00  5.19905895e-02 
 2.23392346e+00  5.20607654e-02 
 2.23690596e+00  5.21309404e-02 
 2.23988856e+00  5.22011144e-02 
 2.24287126e+00  5.22712874e-02 
 2.24585405e+00  5.23414595e-02 
 2.24883694e+00  5.24116306e-02 
 2.25181993e+00  5.24818007e-02 
 2.25480302e+00  5.25519698e-02 
 2.25778621e+00  5.26221379e-02 
 2.26076949e+00  5.26923051e-02 
 2.26375288e+00  5.27624712e-02 
 2.26673637e+00  5.28326363e-02 
 2.26971997e+00  5.29028003e-02 
 2.27270366e+00  5.29729634e-02 
 2.27568746e+00  5.30431254e-02 
 2.27867137e+00  5.31132863e-02 
 2.28165538e+00  5.31834462e-02 
 2.28463950e+00  5.32536050e-02 
 2.28762373e+00  5.33237627e-02 
 2.29060806e+00  5.33939194e-02 
 2.29359250e+00  5.34640750e-02 
 2.29657706e+00  5.35342294e-02 
 2.29956172e+00  5.36043828e-02 
 2.30254650e+00  5.36745350e-02 
 2.30553138e+00  5.37446862e-02 
 2.30851638e+00  5.38148362e-02 
 2.31150150e+00  5.38849850e-02 
 2.31448672e+00  5.39551328e-02 
 2.31747207e+00  5.40252793e-02 
 2.32045753e+00  5.40954247e-02 
 2.32344311e+00  5.41655689e-02 
 2.32642880e+00  5.42357120e-02 
 2.32941462e+00  5.43058538e-02 
 2.33240055e+00  5.43759945e-02 
 2.33538661e+00  5.44461339e-02 
 2.33837278e+00  5.45162722e-02 
 2.34135908e+00  5.45864092e-02 
 2.34434550e+00  5.46565450e-02 
 2.34733205e+00  5.47266795e-02 
 2.35031872e+00  5.47968128e-02 
 2.35330552e+00  5.48669448e-02 
 2.35629245e+00  5.49370755e-02 
 2.35927950e+00  5.50072050e-02 
 2.36226668e+00  5.50773332e-02 
 2.36525400e+00  5.51474600e-02 
 2.36824144e+00  5.52175856e-02 
 2.37122901e+00  5.52877099e-02 
 2.37421672e+00  5.53578328e-02 
 2.37720457e+00  5.54279543e-02 
 2.38019254e+00  5.54980746e-02 
 2.38318065e+00  5.55681935e-02 
 2.38616890e+00  5.56383110e-02 
 2.38915729e+00  5.57084271e-02 
 2.39214582e+00  5.57785418e-02 
 2.39513448e+00  5.58486552e-02 
 2.39812329e+00  5.59187671e-02 
 2.40111224e+00  5.59888776e-02 
 2.40410133e+00  5.60589867e-02 
 2.40709057e+00  5.61290943e-02 
 2.41007995e+00  5.61992005e-02 
 2.41306948e+00  5.62693052e-02 
 2.41605915e+00  5.63394085e-02 
 2.41904898e+00  5.64095102e-02 
 2.42203895e+00  5.64796105e-02 
 2.42502907e+00  5.65497093e-02 
 2.42801935e+00  5.66198065e-02 
 2.43100978e+00  5.66899022e-02 
 2.43400036e+00  5.67599964e-02 
 2.43699110e+00  5.68300890e-02 
 2.43998199e+00  5.69001801e-02 
 2.44297304e+00  5.69702696e-02 
 2.44596426e+00  5.70403574e-02 
 2.44895563e+00  5.71104437e-02 
 2.45194716e+00  5.71805284e-02 
 2.45493885e+00  5.72506115e-02 
 2.45793071e+00  5.73206929e-02 
 2.46092274e+00  5.73907726e-02 
 2.46391493e+00  5.74608507e-02 
 2.46690728e+00  5.75309272e-02 
 2.46989981e+00  5.76010019e-02 
 2.47289250e+00  5.76710750e-02 
 2.47588537e+00  5.77411463e-02 
 2.47887841e+00  5.78112159e-02 
 2.48187163e+00  5.78812837e-02 
 2.48486501e+00  5.79513499e-02 
 2.48785858e+00  5.80214142e-02 
 2.49085232e+00  5.80914768e-02 
 2.49384625e+00  5.81615375e-02 
 2.49684035e+00  5.82315965e-02 
 2.49983464e+00  5.83016536e-02 
 2.50282911e+00  5.83717089e-02 
 2.50582376e+00  5.84417624e-02 
 2.50881860e+00  5.85118140e-02 
 2.51181363e+00  5.85818637e-02 
 2.51480885e+00  5.86519115e-02 
 2.51780426e+00  5.87219574e-02 
 2.52079986e+00  5.87920014e-02 
 2.52379566e+00  5.88620434e-02 
 2.52679165e+00  5.89320835e-02 
 2.52978784e+00  5.90021216e-02 
 2.53278422e+00  5.90721578e-02 
 2.53578081e+00  5.91421919e-02 
 2.53877760e+00  5.92122240e-02 
 2.54177459e+00  5.92822541e-02 
 2.54477178e+00  5.93522822e-02 
 2.54776919e+00  5.94223081e-02 
 2.55076680e+00  5.94923320e-02 
 2.55376462e+00  5.95623538e-02 
 2.55676265e+00  5.96323735e-02 
 2.55976089e+00  5.97023911e-02 
 2.56275935e+00  5.97724065e-02 
 2.56575803e+00  5.98424197e-02 
 2.56875693e+00  5.99124307e-02 
 2.57175604e+00  5.99824396e-02 
 2.57475538e+00  6.00524462e-02 
 2.57775494e+00  6.01224506e-02 
 2.58075473e+00  6.01924527e-02 
 2.58375474e+00  6.02624526e-02 
 2.58675498e+00  6.03324502e-02 
 2.58975546e+00  6.04024454e-02 
 2.59275616e+00  6.04724384e-02 
 2.59575710e+00  6.05424290e-02 
 2.59875828e+00  6.06124172e-02 
 2.60175970e+00  6.06824030e-02 
 2.60476136e+00  6.07523864e-02 
 2.60776326e+00  6.08223674e-02 
 2.61076541e+00  6.08923459e-02 
 2.61376780e+00  6.09623220e-02 
 2.61677044e+00  6.10322956e-02 
 2.61977334e+00  6.11022666e-02 
 2.62277648e+00  6.11722352e-02 
 2.62577988e+00  6.12422012e-02 
 2.62878354e+00  6.13121646e-02 
 2.63178746e+00  6.13821254e-02 
 2.63479164e+00  6.14520836e-02 
 2.63779609e+00  6.15220391e-02 
 2.64080080e+00  6.15919920e-02 
 2.64380578e+00  6.16619422e-02 
 2.64681103e+00  6.17318897e-02 
 2.64981656e+00  6.18018344e-02 
 2.65282236e+00  6.18717764e-02 
 2.65582843e+00  6.19417157e-02 
 2.65883479e+00  6.20116521e-02 
 2.66184143e+00  6.20815857e-02 
 2.66484836e+00  6.21515164e-02 
 2.66785558e+00  6.22214442e-02 
 2.67086308e+00  6.22913692e-02 
 2.67387088e+00  6.23612912e-02 
 2.67687897e+00  6.24312103e-02 
 2.67988737e+00  6.25011263e-02 
 2.68289606e+00  6.25710394e-02 
 2.68590506e+00  6.26409494e-02 
 2.68891436e+00  6.27108564e-02 
 2.69192397e+00  6.27807603e-02 
 2.69493390e+00  6.28506610e-02 
 2.69794414e+00  6.29205586e-02 
 2.70095469e+00  6.29904531e-02 
 2.70396557e+00  6.30603443e-02 
 2.70697677e+00  6.31302323e-02 
 2.70998830e+00  6.32001170e-02 
 2.71300015e+00  6.32699985e-02 
 2.71601234e+00  6.33398766e-02 
 2.71902487e+00  6.34097513e-02 
 2.72203773e+00  6.34796227e-02 
 2.72505093e+00  6.35494907e-02 
 2.72806448e+00  6.36193552e-02 
 2.73107838e+00  6.36892162e-02 
 2.73409263e+00  6.37590737e-02 
 2.73710723e+00  6.38289277e-02 
 2.74012219e+00  6.38987781e-02 
 2.74313752e+00  6.39686248e-02 
 2.74615320e+00  6.40384680e-02 
 2.74916926e+00  6.41083074e-02 
 2.75218569e+00  6.41781431e-02 
 2.75520249e+00  6.42479751e-02 
 2.75821968e+00  6.43178032e-02 
 2.76123724e+00  6.43876276e-02 
 2.76425520e+00  6.44574480e-02 
 2.76727354e+00  6.45272646e-02 
 2.77029228e+00  6.45970772e-02 
 2.77331141e+00  6.46668859e-02 
 2.77633095e+00  6.47366905e-02 
 2.77935090e+00  6.48064910e-02 
 2.78237125e+00  6.48762875e-02 
 2.78539202e+00  6.49460798e-02 
 2.78841321e+00  6.50158679e-02 
 2.79143482e+00  6.50856518e-02 
 2.79445685e+00  6.51554315e-02 
 2.79747932e+00  6.52252068e-02 
 2.80050223e+00  6.52949777e-02 
 2.80352557e+00  6.53647443e-02 
 2.80654936e+00  6.54345064e-02 
 2.80957360e+00  6.55042640e-02 
 2.81259829e+00  6.55740171e-02 
 2.81562344e+00  6.56437656e-02 
 2.81864906e+00  6.57135094e-02 
 2.82167514e+00  6.57832486e-02 
 2.82470170e+00  6.58529830e-02 
 2.82772873e+00  6.59227127e-02 
 2.83075625e+00  6.59924375e-02 
 2.83378426e+00  6.60621574e-02 
 2.83681276e+00  6.61318724e-02 
 2.83984176e+00  6.62015824e-02 
 2.84287126e+00  6.62712874e-02 
 2.84590128e+00  6.63409872e-02 
 2.84893181e+00  6.64106819e-02 
 2.85196286e+00  6.64803714e-02 
 2.85499444e+00  6.65500556e-02 
 2.85802655e+00  6.66197345e-02 
 2.86105920e+00  6.66894080e-02 
 2.86409240e+00  6.67590760e-02 
 2.86712615e+00  6.68287385e-02 
 2.87016046e+00  6.68983954e-02 
 2.87319532e+00  6.69680468e-02 
 2.87623076e+00  6.70376924e-02 
 2.87926678e+00  6.71073322e-02 
 2.88230338e+00  6.71769662e-02 
 2.88534057e+00  6.72465943e-02 
 2.88837835e+00  6.73162165e-02 
 2.89141675e+00  6.73858325e-02 
 2.89445575e+00  6.74554425e-02 
 2.89749537e+00  6.75250463e-02 
 2.90053561e+00  6.75946439e-02 
 2.90357649e+00  6.76642351e-02 
 2.90661801e+00  6.77338199e-02 
 2.90966018e+00  6.78033982e-02 
 2.91270300e+00  6.78729700e-02 
 2.91574649e+00  6.79425351e-02 
 2.91879065e+00  6.80120935e-02 
 2.92183549e+00  6.80816451e-02 
 2.92488102e+00  6.81511898e-02 
 2.92792725e+00  6.82207275e-02 
 2.93097418e+00  6.82902582e-02 
 2.93402183e+00  6.83597817e-02 
 2.93707021e+00  6.84292979e-02 
 2.94011931e+00  6.84988069e-02 
 2.94316916e+00  6.85683084e-02 
 2.94621977e+00  6.86378023e-02 
 2.94927113e+00  6.87072887e-02 
 2.95232327e+00  6.87767673e-02 
 2.95537619e+00  6.88462381e-02 
 2.95842990e+00  6.89157010e-02 
 2.96148442e+00  6.89851558e-02 
 2.96453975e+00  6.90546025e-02 
 2.96759590e+00  6.91240410e-02 
 2.97065289e+00  6.91934711e-02 
 2.97371073e+00  6.92628927e-02 
 2.97676942e+00  6.93323058e-02 
 2.97982899e+00  6.94017101e-02 
 2.98288944e+00  6.94711056e-02 
 2.98595078e+00  6.95404922e-02 
 2.98901303e+00  6.96098697e-02 
 2.99207620e+00  6.96792380e-02 
 2.99514030e+00  6.97485970e-02 
 2.99820535e+00  6.98179465e-02 
 3.00127136e+00  6.98872864e-02 
 3.00433834e+00  6.99566166e-02 
 3.00740631e+00  7.00259369e-02 
 3.01047529e+00  7.00952471e-02 
 3.01354528e+00  7.01645472e-02 
 3.01661630e+00  7.02338370e-02 
 3.01968837e+00  7.03031163e-02 
 3.02276150e+00  7.03723850e-02 
 3.02583571e+00  7.04416429e-02 
 3.02891102e+00  7.05108898e-02 
 3.03198744e+00  7.05801256e-02 
 3.03506499e+00  7.06493501e-02 
 3.03814369e+00  7.07185631e-02 
 3.04122355e+00  7.07877645e-02 
 3.04430459e+00  7.08569541e-02 
 3.04738684e+00  7.09261316e-02 
 3.05047031e+00  7.09952969e-02 
 3.05355502e+00  7.10644498e-02 
 3.05664100e+00  7.11335900e-02 
 3.05972825e+00  7.12027175e-02 
 3.06281681e+00  7.12718319e-02 
 3.06590669e+00  7.13409331e-02 
 3.06899792e+00  7.14100208e-02 
 3.07209052e+00  7.14790948e-02 
 3.07518451e+00  7.15481549e-02 
 3.07827992e+00  7.16172008e-02 
 3.08137677e+00  7.16862323e-02 
 3.08447509e+00  7.17552491e-02 
 3.08757490e+00  7.18242510e-02 
 3.09067622e+00  7.18932378e-02 
 3.09377909e+00  7.19622091e-02 
 3.09688354e+00  7.20311646e-02 
 3.09998959e+00  7.21001041e-02 
 3.10309726e+00  7.21690274e-02 
 3.10620660e+00  7.22379340e-02 
 3.10931763e+00  7.23068237e-02 
 3.11243039e+00  7.23756961e-02 
 3.11554490e+00  7.24445510e-02 
 3.11866120e+00  7.25133880e-02 
 3.12177932e+00  7.25822068e-02 
 3.12489930e+00  7.26510070e-02 
 3.12802118e+00  7.27197882e-02 
 3.13114499e+00  7.27885501e-02 
 3.13427078e+00  7.28572922e-02 
 3.13739857e+00  7.29260143e-02 
 3.14052842e+00  7.29947158e-02 
 3.14366036e+00  7.30633964e-02 
 3.14679444e+00  7.31320556e-02 
 3.14993071e+00  7.32006929e-02 
 3.15306920e+00  7.32693080e-02 
 3.15620997e+00  7.33379003e-02 
 3.15935306e+00  7.34064694e-02 
 3.16249853e+00  7.34750147e-02 
 3.16564642e+00  7.35435358e-02 
 3.16879680e+00  7.36120320e-02 
 3.17194971e+00  7.36805029e-02 
 3.17510522e+00  7.37489478e-02 
 3.17826339e+00  7.38173661e-02 
 3.18142427e+00  7.38857573e-02 
 3.18458793e+00  7.39541207e-02 
 3.18775443e+00  7.40224557e-02 
 3.19092385e+00  7.40907615e-02 
 3.19409624e+00  7.41590376e-02 
 3.19727170e+00  7.42272830e-02 
 3.20045029e+00  7.42954971e-02 
 3.20363208e+00  7.43636792e-02 
 3.20681717e+00  7.44318283e-02 
 3.21000564e+00  7.44999436e-02 
 3.21319756e+00  7.45680244e-02 
 3.21639304e+00  7.46360696e-02 
 3.21959217e+00  7.47040783e-02 
 3.22279505e+00  7.47720495e-02 
 3.22600177e+00  7.48399823e-02 
 3.22921244e+00  7.49078756e-02 
 3.23242718e+00  7.49757282e-02 
 3.23564610e+00  7.50435390e-02 
 3.23886932e+00  7.51113068e-02 
 3.24209696e+00  7.51790304e-02 
 3.24532915e+00  7.52467085e-02 
 3.24856603e+00  7.53143397e-02 
 3.25180774e+00  7.53819226e-02 
 3.25505444e+00  7.54494556e-02 
 3.25830626e+00  7.55169374e-02 
 3.26156338e+00  7.55843662e-02 
 3.26482596e+00  7.56517404e-02 
 3.26809418e+00  7.57190582e-02 
 3.27136823e+00  7.57863177e-02 
 3.27464830e+00  7.58535170e-02 
 3.27793460e+00  7.59206540e-02 
 3.28122734e+00  7.59877266e-02 
 3.28452674e+00  7.60547326e-02 
 3.28783305e+00  7.61216695e-02 
 3.29114651e+00  7.61885349e-02 
 3.29446739e+00  7.62553261e-02 
 3.29779595e+00  7.63220405e-02 
 3.30113251e+00  7.63886749e-02 
 3.30447735e+00  7.64552265e-02 
 3.30783082e+00  7.65216918e-02 
 3.31119325e+00  7.65880675e-02 
 3.31456501e+00  7.66543499e-02 
 3.31794649e+00  7.67205351e-02 
 3.32133809e+00  7.67866191e-02 
 3.32474026e+00  7.68525974e-02 
 3.32815346e+00  7.69184654e-02 
 3.33157818e+00  7.69842182e-02 
 3.33501494e+00  7.70498506e-02 
 3.33846432e+00  7.71153568e-02 
 3.34192690e+00  7.71807310e-02 
 3.34540334e+00  7.72459666e-02 
 3.34889431e+00  7.73110569e-02 
 3.35240055e+00  7.73759945e-02 
 3.35592285e+00  7.74407715e-02 
 3.35946206e+00  7.75053794e-02 
 3.36301910e+00  7.75698090e-02 
 3.36659495e+00  7.76340505e-02 
 3.37019068e+00  7.76980932e-02 
 3.37380744e+00  7.77619256e-02 
 3.37744648e+00  7.78255352e-02 
 3.38110916e+00  7.78889084e-02 
 3.38479694e+00  7.79520306e-02 
 3.38851144e+00  7.80148856e-02 
 3.39225441e+00  7.80774559e-02 
 3.39602775e+00  7.81397225e-02 
 3.39983358e+00  7.82016642e-02 
 3.40367420e+00  7.82632580e-02 
 3.40755212e+00  7.83244788e-02 
 3.41147015e+00  7.83852985e-02 
 3.41543136e+00  7.84456864e-02 
 3.41943915e+00  7.85056085e-02 
 3.42349730e+00  7.85650270e-02 
 3.42760998e+00  7.86239002e-02 
 3.43178184e+00  7.86821816e-02 
 3.43601806e+00  7.87398194e-02 
 3.44032438e+00  7.87967562e-02 
 3.44470724e+00  7.88529276e-02 
 3.44917378e+00  7.89082622e-02 
 3.45373196e+00  7.89626804e-02 
 3.45839062e+00  7.90160938e-02 
 3.46315957e+00  7.90684043e-02 
 3.46804963e+00  7.91195037e-02 
 3.47307263e+00  7.91692737e-02 
 3.47824142e+00  7.92175858e-02 
 3.48356974e+00  7.92643026e-02 
 3.48907199e+00  7.93092801e-02 
 3.49476291e+00  7.93523709e-02 
 3.50065703e+00  7.93934297e-02 
 3.50676789e+00  7.94323211e-02 
 3.51310719e+00  7.94689281e-02 
 3.51968371e+00  7.95031629e-02 
 3.52650228e+00  7.95349772e-02 
 3.53356297e+00  7.95643703e-02 
 3.54086055e+00  7.95913945e-02 
 3.54838463e+00  7.96161537e-02 
 3.55612026e+00  7.96387974e-02 
 3.56404903e+00  7.96595097e-02 
 3.57215043e+00  7.96784957e-02 
 3.58040327e+00  7.96959673e-02 
 3.58878683e+00  7.97121317e-02 
 3.59728174e+00  7.97271826e-02 
 3.60587056e+00  7.97412944e-02 
 3.61453795e+00  7.97546205e-02 
 3.62327075e+00  7.97672925e-02 
 3.63205781e+00  7.97794219e-02 
 3.64088981e+00  7.97911019e-02 
 3.64975901e+00  7.98024099e-02 
 3.65865899e+00  7.98134101e-02 
 3.66758450e+00  7.98241550e-02 
 3.67653118e+00  7.98346882e-02 
 3.68549546e+00  7.98450454e-02 
 3.69447438e+00  7.98552562e-02 
 3.70346552e+00  7.98653448e-02 
 3.71246686e+00  7.98753314e-02 
 3.72147673e+00  7.98852327e-02 
 3.73049375e+00  7.98950625e-02 
 3.73951675e+00  7.99048325e-02 
 3.74854479e+00  7.99145521e-02 
 3.75757706e+00  7.99242294e-02 
 3.76661288e+00  7.99338712e-02 
 3.77565170e+00  7.99434830e-02 
 3.78469304e+00  7.99530696e-02 
 3.79373650e+00  7.99626350e-02 
 3.80278176e+00  7.99721824e-02 
 3.81182853e+00  7.99817147e-02 
 3.82087658e+00  7.99912342e-02 
 3.82992571e+00  8.00007429e-02 
 3.83897575e+00  8.00102425e-02 
 3.84802655e+00  8.00197345e-02 
 3.85707801e+00  8.00292199e-02 
 3.86613001e+00  8.00386999e-02 
 3.87518248e+00  8.00481752e-02 
 3.88423534e+00  8.00576466e-02 
 3.89328853e+00  8.00671147e-02 
 3.90234200e+00  8.00765800e-02 
 3.91139571e+00  8.00860429e-02 
 3.92044962e+00  8.00955038e-02 
 3.92950370e+00  8.01049630e-02 
 3.93855793e+00  8.01144207e-02 
 3.94761227e+00  8.01238773e-02 
 3.95666672e+00  8.01333328e-02 
 3.96572125e+00  8.01427875e-02 
 3.97477585e+00  8.01522415e-02 
 3.98383052e+00  8.01616948e-02 
 3.99288524e+00  8.01711476e-02 
 4.00194001e+00  8.01805999e-02 
 4.01099481e+00  8.01900519e-02 
 4.02004965e+00  8.01995035e-02 
 4.02910451e+00  8.02089549e-02 
 4.03815939e+00  8.02184061e-02 
 4.04721429e+00  8.02278571e-02 
 4.05626921e+00  8.02373079e-02 
 4.06532414e+00  8.02467586e-02 
 4.07437909e+00  8.02562091e-02 
 4.08343404e+00  8.02656596e-02 
 4.09248901e+00  8.02751099e-02 
 4.10154398e+00  8.02845602e-02 
 4.11059895e+00  8.02940105e-02 
 4.11965393e+00  8.03034607e-02 
 4.12870892e+00  8.03129108e-02 
 4.13776390e+00  8.03223610e-02 
 4.14681890e+00  8.03318110e-02 
 4.15587389e+00  8.03412611e-02 
 4.16492889e+00  8.03507111e-02 
 4.17398388e+00  8.03601612e-02 
 4.18303888e+00  8.03696112e-02 
 4.19209388e+00  8.03790612e-02 
 4.20114889e+00  8.03885111e-02 
 4.21020389e+00  8.03979611e-02 
 4.21925889e+00  8.04074111e-02 
 4.22831390e+00  8.04168610e-02 
 4.23736890e+00  8.04263110e-02 
 4.24642391e+00  8.04357609e-02 
 4.25547891e+00  8.04452109e-02 
 4.26453392e+00  8.04546608e-02 
 4.27358893e+00  8.04641107e-02 
 4.28264393e+00  8.04735607e-02 
 4.29169894e+00  8.04830106e-02 
 4.30075395e+00  8.04924605e-02 
 4.30980896e+00  8.05019104e-02 
 4.31886396e+00  8.05113604e-02 
 4.32791897e+00  8.05208103e-02 
 4.33697398e+00  8.05302602e-02 
 4.34602899e+00  8.05397101e-02 
 4.35508399e+00  8.05491601e-02 
 4.36413900e+00  8.05586100e-02 
 4.37319401e+00  8.05680599e-02 
 4.38224902e+00  8.05775098e-02 
 4.39130403e+00  8.05869597e-02 
 4.40035903e+00  8.05964097e-02 
 4.40941404e+00  8.06058596e-02 
 4.41846905e+00  8.06153095e-02 
 4.42752406e+00  8.06247594e-02 
 4.43657907e+00  8.06342093e-02 
 4.44563407e+00  8.06436593e-02 
 4.45468908e+00  8.06531092e-02 
 4.46374409e+00  8.06625591e-02 
 4.47279910e+00  8.06720090e-02 
 4.48185411e+00  8.06814589e-02 
 4.49090911e+00  8.06909089e-02 
 4.49996412e+00  8.07003588e-02 
 4.50901913e+00  8.07098087e-02 
 4.51807414e+00  8.07192586e-02 
 4.52712915e+00  8.07287085e-02 
 4.53618415e+00  8.07381585e-02 
 4.54523916e+00  8.07476084e-02 
 4.55429417e+00  8.07570583e-02 
 4.56334918e+00  8.07665082e-02 
 4.57240419e+00  8.07759581e-02 
 4.58145919e+00  8.07854081e-02 
 4.59051420e+00  8.07948580e-02 
 4.59956921e+00  8.08043079e-02 
 4.60862422e+00  8.08137578e-02 
 4.61767923e+00  8.08232077e-02 
 4.62673424e+00  8.08326576e-02 
 4.63578924e+00  8.08421076e-02 
 4.64484425e+00  8.08515575e-02 
 4.65389926e+00  8.08610074e-02 
 4.66295427e+00  8.08704573e-02 
 4.67200928e+00  8.08799072e-02 
 4.68106428e+00  8.08893572e-02 
 4.69011929e+00  8.08988071e-02 
 4.69917430e+00  8.09082570e-02 
 4.70822931e+00  8.09177069e-02 
 4.71728432e+00  8.09271568e-02 
 4.72633932e+00  8.09366068e-02 
 4.73539433e+00  8.09460567e-02 
 4.74444934e+00  8.09555066e-02 
 4.75350435e+00  8.09649565e-02 
 4.76255936e+00  8.09744064e-02 
 4.77161436e+00  8.09838564e-02 
 4.78066937e+00  8.09933063e-02 
 4.78972438e+00  8.10027562e-02 
 4.79877939e+00  8.10122061e-02 
 4.80783440e+00  8.10216560e-02 
 4.81688941e+00  8.10311059e-02 
 4.82594441e+00  8.10405559e-02 
 4.83499942e+00  8.10500058e-02 
 4.84405443e+00  8.10594557e-02 
 4.85310944e+00  8.10689056e-02 
 4.86216445e+00  8.10783555e-02 
 4.87121945e+00  8.10878055e-02 
 4.88027446e+00  8.10972554e-02 
 4.88932947e+00  8.11067053e-02 
 4.89838448e+00  8.11161552e-02 
 4.90743949e+00  8.11256051e-02 
 4.91649449e+00  8.11350551e-02 
 4.92554950e+00  8.11445050e-02 
 4.93460451e+00  8.11539549e-02 
 4.94365952e+00  8.11634048e-02 
 4.95271453e+00  8.11728547e-02 
 4.96176954e+00  8.11823046e-02 
 4.97082454e+00  8.11917546e-02 
 4.97987955e+00  8.12012045e-02 
 4.98893456e+00  8.12106544e-02 
 4.99798957e+00  8.12201043e-02 
 5.00704458e+00  8.12295542e-02 
 5.01609958e+00  8.12390042e-02 
 5.02515459e+00  8.12484541e-02 
 5.03420960e+00  8.12579040e-02 
 5.04326461e+00  8.12673539e-02 
 5.05231962e+00  8.12768038e-02 
 5.06137462e+00  8.12862538e-02 
 5.07042963e+00  8.12957037e-02 
 5.07948464e+00  8.13051536e-02 
 5.08853965e+00  8.13146035e-02 
 5.09759466e+00  8.13240534e-02 
 5.10664967e+00  8.13335033e-02 
 5.11570467e+00  8.13429533e-02 
 5.12475968e+00  8.13524032e-02 
 5.13381469e+00  8.13618531e-02 
 5.14286970e+00  8.13713030e-02 
 5.15192471e+00  8.13807529e-02 
 5.16097971e+00  8.13902029e-02 
 5.17003472e+00  8.13996528e-02 
 5.17908973e+00  8.14091027e-02 
 5.18814474e+00  8.14185526e-02 
 5.19719975e+00  8.14280025e-02 
 5.20625475e+00  8.14374525e-02 
 5.21530976e+00  8.14469024e-02 
 5.22436477e+00  8.14563523e-02 
 5.23341978e+00  8.14658022e-02 
 5.24247479e+00  8.14752521e-02 
 5.25152979e+00  8.14847021e-02 
 5.26058480e+00  8.14941520e-02 
 5.26963981e+00  8.15036019e-02 
 5.27869482e+00  8.15130518e-02 
 5.28774983e+00  8.15225017e-02 
 5.29680484e+00  8.15319516e-02 
 5.30585984e+00  8.15414016e-02 
 5.31491485e+00  8.15508515e-02 
 5.32396986e+00  8.15603014e-02 
 5.33302487e+00  8.15697513e-02 
 5.34207988e+00  8.15792012e-02 
 5.35113488e+00  8.15886512e-02 
 5.36018989e+00  8.15981011e-02 
 5.36924490e+00  8.16075510e-02 
 5.37829991e+00  8.16170009e-02 
 5.38735492e+00  8.16264508e-02 
 5.39640992e+00  8.16359008e-02 
 5.40546493e+00  8.16453507e-02 
 5.41451994e+00  8.16548006e-02 
 5.42357495e+00  8.16642505e-02 
 5.43262996e+00  8.16737004e-02 
 5.44168497e+00  8.16831503e-02 
 5.45073997e+00  8.16926003e-02 
 5.45979498e+00  8.17020502e-02 
 5.46884999e+00  8.17115001e-02 
 5.47790500e+00  8.17209500e-02 
 5.48696001e+00  8.17303999e-02 
 5.49601501e+00  8.17398499e-02 
 5.50507002e+00  8.17492998e-02 
 5.51412503e+00  8.17587497e-02 
 5.52318004e+00  8.17681996e-02 
 5.53223505e+00  8.17776495e-02 
 5.54129005e+00  8.17870995e-02 
 5.55034506e+00  8.17965494e-02 
 5.55940007e+00  8.18059993e-02 
 5.56845508e+00  8.18154492e-02 
 5.57751009e+00  8.18248991e-02 
 5.58656510e+00  8.18343490e-02 
 5.59562010e+00  8.18437990e-02 
 5.60467511e+00  8.18532489e-02 
 5.61373012e+00  8.18626988e-02 
 5.62278513e+00  8.18721487e-02 
 5.63184014e+00  8.18815986e-02 
 5.64089514e+00  8.18910486e-02 
 5.64995015e+00  8.19004985e-02 
 5.65900516e+00  8.19099484e-02 
 5.66806017e+00  8.19193983e-02 
 5.67711518e+00  8.19288482e-02 
 5.68617018e+00  8.19382982e-02 
 5.69522519e+00  8.19477481e-02 
 5.70428020e+00  8.19571980e-02 
 5.71333521e+00  8.19666479e-02 
 5.72239022e+00  8.19760978e-02 
 5.73144523e+00  8.19855477e-02 
 5.74050023e+00  8.19949977e-02 
 5.74955524e+00  8.20044476e-02 
 5.75861025e+00  8.20138975e-02 
 5.76766526e+00  8.20233474e-02 
 5.77672027e+00  8.20327973e-02 
 5.78577527e+00  8.20422473e-02 
 5.79483028e+00  8.20516972e-02 
 5.80388529e+00  8.20611471e-02 
 5.81294030e+00  8.20705970e-02 
 5.82199531e+00  8.20800469e-02 
 5.83105031e+00  8.20894969e-02 
 5.84010532e+00  8.20989468e-02 
 5.84916033e+00  8.21083967e-02 
 5.85821534e+00  8.21178466e-02 
 5.86727035e+00  8.21272965e-02 
 5.87632535e+00  8.21367465e-02 
 5.88538036e+00  8.21461964e-02 
 5.89443537e+00  8.21556463e-02 
 5.90349038e+00  8.21650962e-02 
 5.91254539e+00  8.21745461e-02 
 5.92160040e+00  8.21839960e-02 
 5.93065540e+00  8.21934460e-02 
 5.93971041e+00  8.22028959e-02 
 5.94876542e+00  8.22123458e-02 
 5.95782043e+00  8.22217957e-02 
 5.96687544e+00  8.22312456e-02 
 5.97593044e+00  8.22406956e-02 
 5.98498545e+00  8.22501455e-02 
 5.99404046e+00  8.22595954e-02 
 6.00309547e+00  8.22690453e-02 
 6.01215048e+00  8.22784952e-02 
 6.02120548e+00  8.22879452e-02 
 6.03026049e+00  8.22973951e-02 
 6.03931550e+00  8.23068450e-02 
 6.04837051e+00  8.23162949e-02 
 6.05742552e+00  8.23257448e-02 
 6.06648053e+00  8.23351947e-02 
 6.07553553e+00  8.23446447e-02 
 6.08459054e+00  8.23540946e-02 
 6.09364555e+00  8.23635445e-02 
 6.10270056e+00  8.23729944e-02 
 6.11175557e+00  8.23824443e-02 
 6.12081057e+00  8.23918943e-02 
 6.12986558e+00  8.24013442e-02 
 6.13892059e+00  8.24107941e-02 
 6.14797560e+00  8.24202440e-02 
 6.15703061e+00  8.24296939e-02 
 6.16608561e+00  8.24391439e-02 
 6.17514062e+00  8.24485938e-02 
 6.18419563e+00  8.24580437e-02 
 6.19325064e+00  8.24674936e-02 
 6.20230565e+00  8.24769435e-02 
 6.21136066e+00  8.24863934e-02 
 6.22041566e+00  8.24958434e-02 
 6.22947067e+00  8.25052933e-02 
 6.23852568e+00  8.25147432e-02 
 6.24758069e+00  8.25241931e-02 
 6.25663570e+00  8.25336430e-02 
 6.26569070e+00  8.25430930e-02 
 6.27474571e+00  8.25525429e-02 
 6.28380072e+00  8.25619928e-02 
 6.29285573e+00  8.25714427e-02 
 6.30191074e+00  8.25808926e-02 
 6.31096574e+00  8.25903426e-02 
 6.32002075e+00  8.25997925e-02 
 6.32907576e+00  8.26092424e-02 
 6.33813077e+00  8.26186923e-02 
 6.34718578e+00  8.26281422e-02 
 6.35624079e+00  8.26375921e-02 
 6.36529579e+00  8.26470421e-02 
 6.37435080e+00  8.26564920e-02 
 6.38340581e+00  8.26659419e-02 
 6.39246082e+00  8.26753918e-02 
 6.40151583e+00  8.26848417e-02 
 6.41057083e+00  8.26942917e-02 
 6.41962584e+00  8.27037416e-02 
 6.42868085e+00  8.27131915e-02 
 6.43773586e+00  8.27226414e-02 
 6.44679087e+00  8.27320913e-02 
 6.45584587e+00  8.27415413e-02 
 6.46490088e+00  8.27509912e-02 
 6.47395589e+00  8.27604411e-02 
 6.48301090e+00  8.27698910e-02 
 6.49206591e+00  8.27793409e-02 
 6.50112092e+00  8.27887908e-02 
 6.51017592e+00  8.27982408e-02 
 6.51923093e+00  8.28076907e-02 
 6.52828594e+00  8.28171406e-02 
 6.53734095e+00  8.28265905e-02 
 6.54639596e+00  8.28360404e-02 
 6.55545096e+00  8.28454904e-02 
 6.56450597e+00  8.28549403e-02 
 6.57356098e+00  8.28643902e-02 
 6.58261599e+00  8.28738401e-02 
 6.59167100e+00  8.28832900e-02 
 6.60072600e+00  8.28927400e-02 
 6.60978101e+00  8.29021899e-02 
 6.61883602e+00  8.29116398e-02 
 6.62789103e+00  8.29210897e-02 
 6.63694604e+00  8.29305396e-02 
 6.64600104e+00  8.29399896e-02 
 6.65505605e+00  8.29494395e-02 
 6.66411106e+00  8.29588894e-02 
 6.67316607e+00  8.29683393e-02 
 6.68222108e+00  8.29777892e-02 
 6.69127609e+00  8.29872391e-02 
 6.70033109e+00  8.29966891e-02 
