 3.63302285e-03 -3.63302285e-05 
 6.77246322e-03  3.22753678e-05 
 9.90732191e-03  1.00926781e-04 
 1.30411074e-02  1.69588926e-04 
 1.61727144e-02  2.38272856e-04 
 1.93021877e-02  3.06978123e-04 
 2.24295715e-02  3.75704285e-04 
 2.55549088e-02  4.44450912e-04 
 2.86782409e-02  5.13217591e-04 
 3.17996082e-02  5.82003918e-04 
 3.49190497e-02  6.50809503e-04 
 3.80366036e-02  7.19633964e-04 
 4.11523065e-02  7.88476935e-04 
 4.42661944e-02  8.57338056e-04 
 4.73783020e-02  9.26216980e-04 
 5.04886632e-02  9.95113368e-04 
 5.35973109e-02  1.06402689e-03 
 5.67042771e-02  1.13295723e-03 
 5.98095929e-02  1.20190407e-03 
 6.29132885e-02  1.27086712e-03 
 6.60153934e-02  1.33984607e-03 
 6.91159364e-02  1.40884064e-03 
 7.22149453e-02  1.47785055e-03 
 7.53124473e-02  1.54687553e-03 
 7.84084689e-02  1.61591531e-03 
 8.15030359e-02  1.68496964e-03 
 8.45961736e-02  1.75403826e-03 
 8.76879063e-02  1.82312094e-03 
 9.07782580e-02  1.89221742e-03 
 9.38672521e-02  1.96132748e-03 
 9.69549112e-02  2.03045089e-03 
 1.00041257e-01  2.09958743e-03 
 1.03126313e-01  2.16873687e-03 
 1.06210098e-01  2.23789902e-03 
 1.09292634e-01  2.30707366e-03 
 1.12373940e-01  2.37626060e-03 
 1.15454037e-01  2.44545963e-03 
 1.18532943e-01  2.51467057e-03 
 1.21610678e-01  2.58389322e-03 
 1.24687259e-01  2.65312741e-03 
 1.27762705e-01  2.72237295e-03 
 1.30837033e-01  2.79162967e-03 
 1.33910260e-01  2.86089740e-03 
 1.36982403e-01  2.93017597e-03 
 1.40053479e-01  2.99946521e-03 
 1.43123502e-01  3.06876498e-03 
 1.46192489e-01  3.13807511e-03 
 1.49260455e-01  3.20739545e-03 
 1.52327416e-01  3.27672584e-03 
 1.55393385e-01  3.34606615e-03 
 1.58458377e-01  3.41541623e-03 
 1.61522407e-01  3.48477593e-03 
 1.64585487e-01  3.55414513e-03 
 1.67647632e-01  3.62352368e-03 
 1.70708854e-01  3.69291146e-03 
 1.73769167e-01  3.76230833e-03 
 1.76828582e-01  3.83171418e-03 
 1.79887114e-01  3.90112886e-03 
 1.82944772e-01  3.97055228e-03 
 1.86001571e-01  4.03998429e-03 
 1.89057520e-01  4.10942480e-03 
 1.92112633e-01  4.17887367e-03 
 1.95166919e-01  4.24833081e-03 
 1.98220389e-01  4.31779611e-03 
 2.01273056e-01  4.38726944e-03 
 2.04324928e-01  4.45675072e-03 
 2.07376017e-01  4.52623983e-03 
 2.10426333e-01  4.59573667e-03 
 2.13475886e-01  4.66524114e-03 
 2.16524685e-01  4.73475315e-03 
 2.19572740e-01  4.80427260e-03 
 2.22620061e-01  4.87379939e-03 
 2.25666656e-01  4.94333344e-03 
 2.28712535e-01  5.01287465e-03 
 2.31757708e-01  5.08242292e-03 
 2.34802181e-01  5.15197819e-03 
 2.37845965e-01  5.22154035e-03 
 2.40889068e-01  5.29110932e-03 
 2.43931497e-01  5.36068503e-03 
 2.46973262e-01  5.43026738e-03 
 2.50014370e-01  5.49985630e-03 
 2.53054829e-01  5.56945171e-03 
 2.56094646e-01  5.63905354e-03 
 2.59133830e-01  5.70866170e-03 
 2.62172388e-01  5.77827612e-03 
 2.65210326e-01  5.84789674e-03 
 2.68247654e-01  5.91752346e-03 
 2.71284376e-01  5.98715624e-03 
 2.74320501e-01  6.05679499e-03 
 2.77356036e-01  6.12643964e-03 
 2.80390986e-01  6.19609014e-03 
 2.83425360e-01  6.26574640e-03 
 2.86459162e-01  6.33540838e-03 
 2.89492400e-01  6.40507600e-03 
 2.92525081e-01  6.47474919e-03 
 2.95557209e-01  6.54442791e-03 
 2.98588792e-01  6.61411208e-03 
 3.01619835e-01  6.68380165e-03 
 3.04650344e-01  6.75349656e-03 
 3.07680326e-01  6.82319674e-03 
 3.10709785e-01  6.89290215e-03 
 3.13738728e-01  6.96261272e-03 
 3.16767160e-01  7.03232840e-03 
 3.19795087e-01  7.10204913e-03 
 3.22822513e-01  7.17177487e-03 
 3.25849445e-01  7.24150555e-03 
 3.28875887e-01  7.31124113e-03 
 3.31901845e-01  7.38098155e-03 
 3.34927324e-01  7.45072676e-03 
 3.37952328e-01  7.52047672e-03 
 3.40976863e-01  7.59023137e-03 
 3.44000933e-01  7.65999067e-03 
 3.47024544e-01  7.72975456e-03 
 3.50047700e-01  7.79952300e-03 
 3.53070405e-01  7.86929595e-03 
 3.56092665e-01  7.93907335e-03 
 3.59114483e-01  8.00885517e-03 
 3.62135864e-01  8.07864136e-03 
 3.65156813e-01  8.14843187e-03 
 3.68177334e-01  8.21822666e-03 
 3.71197431e-01  8.28802569e-03 
 3.74217108e-01  8.35782892e-03 
 3.77236369e-01  8.42763631e-03 
 3.80255219e-01  8.49744781e-03 
 3.83273662e-01  8.56726338e-03 
 3.86291701e-01  8.63708299e-03 
 3.89309340e-01  8.70690660e-03 
 3.92326583e-01  8.77673417e-03 
 3.95343435e-01  8.84656565e-03 
 3.98359899e-01  8.91640101e-03 
 4.01375977e-01  8.98624023e-03 
 4.04391675e-01  9.05608325e-03 
 4.07406996e-01  9.12593004e-03 
 4.10421943e-01  9.19578057e-03 
 4.13436520e-01  9.26563480e-03 
 4.16450731e-01  9.33549269e-03 
 4.19464577e-01  9.40535423e-03 
 4.22478064e-01  9.47521936e-03 
 4.25491195e-01  9.54508805e-03 
 4.28503972e-01  9.61496028e-03 
 4.31516399e-01  9.68483601e-03 
 4.34528479e-01  9.75471521e-03 
 4.37540215e-01  9.82459785e-03 
 4.40551611e-01  9.89448389e-03 
 4.43562669e-01  9.96437331e-03 
 4.46573393e-01  1.00342661e-02 
 4.49583785e-01  1.01041622e-02 
 4.52593848e-01  1.01740615e-02 
 4.55603586e-01  1.02439641e-02 
 4.58613002e-01  1.03138700e-02 
 4.61622097e-01  1.03837790e-02 
 4.64630876e-01  1.04536912e-02 
 4.67639340e-01  1.05236066e-02 
 4.70647493e-01  1.05935251e-02 
 4.73655336e-01  1.06634466e-02 
 4.76662874e-01  1.07333713e-02 
 4.79670109e-01  1.08032989e-02 
 4.82677042e-01  1.08732296e-02 
 4.85683677e-01  1.09431632e-02 
 4.88690017e-01  1.10130998e-02 
 4.91696063e-01  1.10830394e-02 
 4.94701819e-01  1.11529818e-02 
 4.97707287e-01  1.12229271e-02 
 5.00712468e-01  1.12928753e-02 
 5.03717367e-01  1.13628263e-02 
 5.06721984e-01  1.14327802e-02 
 5.09726323e-01  1.15027368e-02 
 5.12730386e-01  1.15726961e-02 
 5.15734175e-01  1.16426583e-02 
 5.18737692e-01  1.17126231e-02 
 5.21740939e-01  1.17825906e-02 
 5.24743920e-01  1.18525608e-02 
 5.27746635e-01  1.19225337e-02 
 5.30749087e-01  1.19925091e-02 
 5.33751279e-01  1.20624872e-02 
 5.36753212e-01  1.21324679e-02 
 5.39754889e-01  1.22024511e-02 
 5.42756312e-01  1.22724369e-02 
 5.45757482e-01  1.23424252e-02 
 5.48758401e-01  1.24124160e-02 
 5.51759073e-01  1.24824093e-02 
 5.54759498e-01  1.25524050e-02 
 5.57759679e-01  1.26224032e-02 
 5.60759617e-01  1.26924038e-02 
 5.63759315e-01  1.27624068e-02 
 5.66758775e-01  1.28324123e-02 
 5.69757998e-01  1.29024200e-02 
 5.72756986e-01  1.29724301e-02 
 5.75755741e-01  1.30424426e-02 
 5.78754265e-01  1.31124574e-02 
 5.81752559e-01  1.31824744e-02 
 5.84750626e-01  1.32524937e-02 
 5.87748468e-01  1.33225153e-02 
 5.90746085e-01  1.33925392e-02 
 5.93743480e-01  1.34625652e-02 
 5.96740654e-01  1.35325935e-02 
 5.99737610e-01  1.36026239e-02 
 6.02734348e-01  1.36726565e-02 
 6.05730871e-01  1.37426913e-02 
 6.08727180e-01  1.38127282e-02 
 6.11723277e-01  1.38827672e-02 
 6.14719163e-01  1.39528084e-02 
 6.17714841e-01  1.40228516e-02 
 6.20710310e-01  1.40928969e-02 
 6.23705574e-01  1.41629443e-02 
 6.26700633e-01  1.42329937e-02 
 6.29695490e-01  1.43030451e-02 
 6.32690145e-01  1.43730985e-02 
 6.35684601e-01  1.44431540e-02 
 6.38678858e-01  1.45132114e-02 
 6.41672919e-01  1.45832708e-02 
 6.44666784e-01  1.46533322e-02 
 6.47660455e-01  1.47233954e-02 
 6.50653934e-01  1.47934607e-02 
 6.53647222e-01  1.48635278e-02 
 6.56640320e-01  1.49335968e-02 
 6.59633229e-01  1.50036677e-02 
 6.62625952e-01  1.50737405e-02 
 6.65618490e-01  1.51438151e-02 
 6.68610843e-01  1.52138916e-02 
 6.71603013e-01  1.52839699e-02 
 6.74595002e-01  1.53540500e-02 
 6.77586811e-01  1.54241319e-02 
 6.80578441e-01  1.54942156e-02 
 6.83569893e-01  1.55643011e-02 
 6.86561169e-01  1.56343883e-02 
 6.89552270e-01  1.57044773e-02 
 6.92543197e-01  1.57745680e-02 
 6.95533952e-01  1.58446605e-02 
 6.98524535e-01  1.59147546e-02 
 7.01514949e-01  1.59848505e-02 
 7.04505193e-01  1.60549481e-02 
 7.07495270e-01  1.61250473e-02 
 7.10485180e-01  1.61951482e-02 
 7.13474925e-01  1.62652507e-02 
 7.16464506e-01  1.63353549e-02 
 7.19453924e-01  1.64054608e-02 
 7.22443180e-01  1.64755682e-02 
 7.25432276e-01  1.65456772e-02 
 7.28421212e-01  1.66157879e-02 
 7.31409989e-01  1.66859001e-02 
 7.34398610e-01  1.67560139e-02 
 7.37387073e-01  1.68261293e-02 
 7.40375382e-01  1.68962462e-02 
 7.43363537e-01  1.69663646e-02 
 7.46351539e-01  1.70364846e-02 
 7.49339389e-01  1.71066061e-02 
 7.52327088e-01  1.71767291e-02 
 7.55314637e-01  1.72468536e-02 
 7.58302037e-01  1.73169796e-02 
 7.61289290e-01  1.73871071e-02 
 7.64276396e-01  1.74572360e-02 
 7.67263356e-01  1.75273664e-02 
 7.70250172e-01  1.75974983e-02 
 7.73236843e-01  1.76676316e-02 
 7.76223372e-01  1.77377663e-02 
 7.79209760e-01  1.78079024e-02 
 7.82196006e-01  1.78780399e-02 
 7.85182113e-01  1.79481789e-02 
 7.88168080e-01  1.80183192e-02 
 7.91153910e-01  1.80884609e-02 
 7.94139603e-01  1.81586040e-02 
 7.97125160e-01  1.82287484e-02 
 8.00110581e-01  1.82988942e-02 
 8.03095868e-01  1.83690413e-02 
 8.06081022e-01  1.84391898e-02 
 8.09066044e-01  1.85093396e-02 
 8.12050934e-01  1.85794907e-02 
 8.15035693e-01  1.86496431e-02 
 8.18020323e-01  1.87197968e-02 
 8.21004824e-01  1.87899518e-02 
 8.23989196e-01  1.88601080e-02 
 8.26973442e-01  1.89302656e-02 
 8.29957561e-01  1.90004244e-02 
 8.32941555e-01  1.90705845e-02 
 8.35925424e-01  1.91407458e-02 
 8.38909169e-01  1.92109083e-02 
 8.41892791e-01  1.92810721e-02 
 8.44876292e-01  1.93512371e-02 
 8.47859670e-01  1.94214033e-02 
 8.50842929e-01  1.94915707e-02 
 8.53826067e-01  1.95617393e-02 
 8.56809087e-01  1.96319091e-02 
 8.59791989e-01  1.97020801e-02 
 8.62774773e-01  1.97722523e-02 
 8.65757441e-01  1.98424256e-02 
 8.68739992e-01  1.99126001e-02 
 8.71722429e-01  1.99827757e-02 
 8.74704752e-01  2.00529525e-02 
 8.77686961e-01  2.01231304e-02 
 8.80669057e-01  2.01933094e-02 
 8.83651041e-01  2.02634896e-02 
 8.86632914e-01  2.03336709e-02 
 8.89614677e-01  2.04038532e-02 
 8.92596330e-01  2.04740367e-02 
 8.95577873e-01  2.05442213e-02 
 8.98559308e-01  2.06144069e-02 
 9.01540636e-01  2.06845936e-02 
 9.04521857e-01  2.07547814e-02 
 9.07502971e-01  2.08249703e-02 
 9.10483980e-01  2.08951602e-02 
 9.13464884e-01  2.09653512e-02 
 9.16445684e-01  2.10355432e-02 
 9.19426380e-01  2.11057362e-02 
 9.22406974e-01  2.11759303e-02 
 9.25387465e-01  2.12461253e-02 
 9.28367855e-01  2.13163214e-02 
 9.31348145e-01  2.13865186e-02 
 9.34328334e-01  2.14567167e-02 
 9.37308423e-01  2.15269158e-02 
 9.40288414e-01  2.15971159e-02 
 9.43268307e-01  2.16673169e-02 
 9.46248102e-01  2.17375190e-02 
 9.49227801e-01  2.18077220e-02 
 9.52207403e-01  2.18779260e-02 
 9.55186909e-01  2.19481309e-02 
 9.58166321e-01  2.20183368e-02 
 9.61145638e-01  2.20885436e-02 
 9.64124862e-01  2.21587514e-02 
 9.67103992e-01  2.22289601e-02 
 9.70083030e-01  2.22991697e-02 
 9.73061976e-01  2.23693802e-02 
 9.76040831e-01  2.24395917e-02 
 9.79019595e-01  2.25098041e-02 
 9.81998268e-01  2.25800173e-02 
 9.84976853e-01  2.26502315e-02 
 9.87955348e-01  2.27204465e-02 
 9.90933755e-01  2.27906624e-02 
 9.93912075e-01  2.28608793e-02 
 9.96890307e-01  2.29310969e-02 
 9.99868453e-01  2.30013155e-02 
 1.00284651e+00  2.30715349e-02 
 1.00582449e+00  2.31417551e-02 
 1.00880238e+00  2.32119762e-02 
 1.01178018e+00  2.32821982e-02 
 1.01475790e+00  2.33524210e-02 
 1.01773554e+00  2.34226446e-02 
 1.02071309e+00  2.34928691e-02 
 1.02369057e+00  2.35630943e-02 
 1.02666796e+00  2.36333204e-02 
 1.02964527e+00  2.37035473e-02 
 1.03262250e+00  2.37737750e-02 
 1.03559965e+00  2.38440035e-02 
 1.03857672e+00  2.39142328e-02 
 1.04155371e+00  2.39844629e-02 
 1.04453062e+00  2.40546938e-02 
 1.04750746e+00  2.41249254e-02 
 1.05048422e+00  2.41951578e-02 
 1.05346090e+00  2.42653910e-02 
 1.05643750e+00  2.43356250e-02 
 1.05941403e+00  2.44058597e-02 
 1.06239049e+00  2.44760951e-02 
 1.06536686e+00  2.45463314e-02 
 1.06834317e+00  2.46165683e-02 
 1.07131940e+00  2.46868060e-02 
 1.07429556e+00  2.47570444e-02 
 1.07727164e+00  2.48272836e-02 
 1.08024765e+00  2.48975235e-02 
 1.08322359e+00  2.49677641e-02 
 1.08619946e+00  2.50380054e-02 
 1.08917526e+00  2.51082474e-02 
 1.09215099e+00  2.51784901e-02 
 1.09512665e+00  2.52487335e-02 
 1.09810223e+00  2.53189777e-02 
 1.10107775e+00  2.53892225e-02 
 1.10405320e+00  2.54594680e-02 
 1.10702859e+00  2.55297141e-02 
 1.11000390e+00  2.55999610e-02 
 1.11297915e+00  2.56702085e-02 
 1.11595433e+00  2.57404567e-02 
 1.11892945e+00  2.58107055e-02 
 1.12190450e+00  2.58809550e-02 
 1.12487948e+00  2.59512052e-02 
 1.12785440e+00  2.60214560e-02 
 1.13082925e+00  2.60917075e-02 
 1.13380405e+00  2.61619595e-02 
 1.13677877e+00  2.62322123e-02 
 1.13975344e+00  2.63024656e-02 
 1.14272804e+00  2.63727196e-02 
 1.14570258e+00  2.64429742e-02 
 1.14867706e+00  2.65132294e-02 
 1.15165147e+00  2.65834853e-02 
 1.15462583e+00  2.66537417e-02 
 1.15760012e+00  2.67239988e-02 
 1.16057436e+00  2.67942564e-02 
 1.16354853e+00  2.68645147e-02 
 1.16652265e+00  2.69347735e-02 
 1.16949671e+00  2.70050329e-02 
 1.17247070e+00  2.70752930e-02 
 1.17544465e+00  2.71455535e-02 
 1.17841853e+00  2.72158147e-02 
 1.18139235e+00  2.72860765e-02 
 1.18436612e+00  2.73563388e-02 
 1.18733984e+00  2.74266016e-02 
 1.19031349e+00  2.74968651e-02 
 1.19328710e+00  2.75671290e-02 
 1.19626064e+00  2.76373936e-02 
 1.19923414e+00  2.77076586e-02 
 1.20220757e+00  2.77779243e-02 
 1.20518096e+00  2.78481904e-02 
 1.20815429e+00  2.79184571e-02 
 1.21112756e+00  2.79887244e-02 
 1.21410079e+00  2.80589921e-02 
 1.21707396e+00  2.81292604e-02 
 1.22004708e+00  2.81995292e-02 
 1.22302015e+00  2.82697985e-02 
 1.22599317e+00  2.83400683e-02 
 1.22896613e+00  2.84103387e-02 
 1.23193905e+00  2.84806095e-02 
 1.23491192e+00  2.85508808e-02 
 1.23788473e+00  2.86211527e-02 
 1.24085750e+00  2.86914250e-02 
 1.24383022e+00  2.87616978e-02 
 1.24680289e+00  2.88319711e-02 
 1.24977551e+00  2.89022449e-02 
 1.25274808e+00  2.89725192e-02 
 1.25572061e+00  2.90427939e-02 
 1.25869309e+00  2.91130691e-02 
 1.26166552e+00  2.91833448e-02 
 1.26463791e+00  2.92536209e-02 
 1.26761025e+00  2.93238975e-02 
 1.27058254e+00  2.93941746e-02 
 1.27355479e+00  2.94644521e-02 
 1.27652700e+00  2.95347300e-02 
 1.27949916e+00  2.96050084e-02 
 1.28247127e+00  2.96752873e-02 
 1.28544334e+00  2.97455666e-02 
 1.28841537e+00  2.98158463e-02 
 1.29138736e+00  2.98861264e-02 
 1.29435930e+00  2.99564070e-02 
 1.29733120e+00  3.00266880e-02 
 1.30030306e+00  3.00969694e-02 
 1.30327488e+00  3.01672512e-02 
 1.30624665e+00  3.02375335e-02 
 1.30921839e+00  3.03078161e-02 
 1.31219008e+00  3.03780992e-02 
 1.31516173e+00  3.04483827e-02 
 1.31813335e+00  3.05186665e-02 
 1.32110492e+00  3.05889508e-02 
 1.32407645e+00  3.06592355e-02 
 1.32704795e+00  3.07295205e-02 
 1.33001941e+00  3.07998059e-02 
 1.33299082e+00  3.08700918e-02 
 1.33596220e+00  3.09403780e-02 
 1.33893355e+00  3.10106645e-02 
 1.34190485e+00  3.10809515e-02 
 1.34487612e+00  3.11512388e-02 
 1.34784735e+00  3.12215265e-02 
 1.35081855e+00  3.12918145e-02 
 1.35378971e+00  3.13621029e-02 
 1.35676083e+00  3.14323917e-02 
 1.35973192e+00  3.15026808e-02 
 1.36270297e+00  3.15729703e-02 
 1.36567399e+00  3.16432601e-02 
 1.36864497e+00  3.17135503e-02 
 1.37161592e+00  3.17838408e-02 
 1.37458684e+00  3.18541316e-02 
 1.37755772e+00  3.19244228e-02 
 1.38052857e+00  3.19947143e-02 
 1.38349939e+00  3.20650061e-02 
 1.38647018e+00  3.21352982e-02 
 1.38944093e+00  3.22055907e-02 
 1.39241165e+00  3.22758835e-02 
 1.39538234e+00  3.23461766e-02 
 1.39835300e+00  3.24164700e-02 
 1.40132362e+00  3.24867638e-02 
 1.40429422e+00  3.25570578e-02 
 1.40726479e+00  3.26273521e-02 
 1.41023532e+00  3.26976468e-02 
 1.41320583e+00  3.27679417e-02 
 1.41617630e+00  3.28382370e-02 
 1.41914675e+00  3.29085325e-02 
 1.42211717e+00  3.29788283e-02 
 1.42508756e+00  3.30491244e-02 
 1.42805793e+00  3.31194207e-02 
 1.43102826e+00  3.31897174e-02 
 1.43399857e+00  3.32600143e-02 
 1.43696885e+00  3.33303115e-02 
 1.43993910e+00  3.34006090e-02 
 1.44290933e+00  3.34709067e-02 
 1.44587953e+00  3.35412047e-02 
 1.44884970e+00  3.36115030e-02 
 1.45181985e+00  3.36818015e-02 
 1.45478997e+00  3.37521003e-02 
 1.45776007e+00  3.38223993e-02 
 1.46073014e+00  3.38926986e-02 
 1.46370019e+00  3.39629981e-02 
 1.46667022e+00  3.40332978e-02 
 1.46964022e+00  3.41035978e-02 
 1.47261019e+00  3.41738981e-02 
 1.47558015e+00  3.42441985e-02 
 1.47855008e+00  3.43144992e-02 
 1.48151998e+00  3.43848002e-02 
 1.48448987e+00  3.44551013e-02 
 1.48745973e+00  3.45254027e-02 
 1.49042957e+00  3.45957043e-02 
 1.49339939e+00  3.46660061e-02 
 1.49636919e+00  3.47363081e-02 
 1.49933896e+00  3.48066104e-02 
 1.50230872e+00  3.48769128e-02 
 1.50527846e+00  3.49472154e-02 
 1.50824817e+00  3.50175183e-02 
 1.51121787e+00  3.50878213e-02 
 1.51418754e+00  3.51581246e-02 
 1.51715720e+00  3.52284280e-02 
 1.52012684e+00  3.52987316e-02 
 1.52309645e+00  3.53690355e-02 
 1.52606605e+00  3.54393395e-02 
 1.52903564e+00  3.55096436e-02 
 1.53200520e+00  3.55799480e-02 
 1.53497475e+00  3.56502525e-02 
 1.53794427e+00  3.57205573e-02 
 1.54091379e+00  3.57908621e-02 
 1.54388328e+00  3.58611672e-02 
 1.54685276e+00  3.59314724e-02 
 1.54982222e+00  3.60017778e-02 
 1.55279167e+00  3.60720833e-02 
 1.55576110e+00  3.61423890e-02 
 1.55873051e+00  3.62126949e-02 
 1.56169991e+00  3.62830009e-02 
 1.56466930e+00  3.63533070e-02 
 1.56763867e+00  3.64236133e-02 
 1.57060803e+00  3.64939197e-02 
 1.57357737e+00  3.65642263e-02 
 1.57654670e+00  3.66345330e-02 
 1.57951601e+00  3.67048399e-02 
 1.58248532e+00  3.67751468e-02 
 1.58545460e+00  3.68454540e-02 
 1.58842388e+00  3.69157612e-02 
 1.59139315e+00  3.69860685e-02 
 1.59436240e+00  3.70563760e-02 
 1.59733164e+00  3.71266836e-02 
 1.60030087e+00  3.71969913e-02 
 1.60327008e+00  3.72672992e-02 
 1.60623929e+00  3.73376071e-02 
 1.60920849e+00  3.74079151e-02 
 1.61217767e+00  3.74782233e-02 
 1.61514685e+00  3.75485315e-02 
 1.61811601e+00  3.76188399e-02 
 1.62108517e+00  3.76891483e-02 
 1.62405431e+00  3.77594569e-02 
 1.62702345e+00  3.78297655e-02 
 1.62999258e+00  3.79000742e-02 
 1.63296170e+00  3.79703830e-02 
 1.63593081e+00  3.80406919e-02 
 1.63889992e+00  3.81110008e-02 
 1.64186901e+00  3.81813099e-02 
 1.64483810e+00  3.82516190e-02 
 1.64780718e+00  3.83219282e-02 
 1.65077626e+00  3.83922374e-02 
 1.65374532e+00  3.84625468e-02 
 1.65671438e+00  3.85328562e-02 
 1.65968344e+00  3.86031656e-02 
 1.66265249e+00  3.86734751e-02 
 1.66562153e+00  3.87437847e-02 
 1.66859057e+00  3.88140943e-02 
 1.67155961e+00  3.88844039e-02 
 1.67452864e+00  3.89547136e-02 
 1.67749766e+00  3.90250234e-02 
 1.68046668e+00  3.90953332e-02 
 1.68343570e+00  3.91656430e-02 
 1.68640471e+00  3.92359529e-02 
 1.68937372e+00  3.93062628e-02 
 1.69234272e+00  3.93765728e-02 
 1.69531173e+00  3.94468827e-02 
 1.69828073e+00  3.95171927e-02 
 1.70124973e+00  3.95875027e-02 
 1.70421872e+00  3.96578128e-02 
 1.70718772e+00  3.97281228e-02 
 1.71015671e+00  3.97984329e-02 
 1.71312570e+00  3.98687430e-02 
 1.71609469e+00  3.99390531e-02 
 1.71906368e+00  4.00093632e-02 
 1.72203267e+00  4.00796733e-02 
 1.72500166e+00  4.01499834e-02 
 1.72797065e+00  4.02202935e-02 
 1.73093964e+00  4.02906036e-02 
 1.73390863e+00  4.03609137e-02 
 1.73687762e+00  4.04312238e-02 
 1.73984662e+00  4.05015338e-02 
 1.74281561e+00  4.05718439e-02 
 1.74578460e+00  4.06421540e-02 
 1.74875360e+00  4.07124640e-02 
 1.75172260e+00  4.07827740e-02 
 1.75469161e+00  4.08530839e-02 
 1.75766061e+00  4.09233939e-02 
 1.76062962e+00  4.09937038e-02 
 1.76359863e+00  4.10640137e-02 
 1.76656765e+00  4.11343235e-02 
 1.76953667e+00  4.12046333e-02 
 1.77250569e+00  4.12749431e-02 
 1.77547472e+00  4.13452528e-02 
 1.77844375e+00  4.14155625e-02 
 1.78141279e+00  4.14858721e-02 
 1.78438183e+00  4.15561817e-02 
 1.78735088e+00  4.16264912e-02 
 1.79031993e+00  4.16968007e-02 
 1.79328899e+00  4.17671101e-02 
 1.79625806e+00  4.18374194e-02 
 1.79922713e+00  4.19077287e-02 
 1.80219621e+00  4.19780379e-02 
 1.80516530e+00  4.20483470e-02 
 1.80813439e+00  4.21186561e-02 
 1.81110349e+00  4.21889651e-02 
 1.81407260e+00  4.22592740e-02 
 1.81704172e+00  4.23295828e-02 
 1.82001085e+00  4.23998915e-02 
 1.82297999e+00  4.24702001e-02 
 1.82594913e+00  4.25405087e-02 
 1.82891828e+00  4.26108172e-02 
 1.83188745e+00  4.26811255e-02 
 1.83485662e+00  4.27514338e-02 
 1.83782580e+00  4.28217420e-02 
 1.84079500e+00  4.28920500e-02 
 1.84376420e+00  4.29623580e-02 
 1.84673342e+00  4.30326658e-02 
 1.84970265e+00  4.31029735e-02 
 1.85267189e+00  4.31732811e-02 
 1.85564114e+00  4.32435886e-02 
 1.85861040e+00  4.33138960e-02 
 1.86157967e+00  4.33842033e-02 
 1.86454896e+00  4.34545104e-02 
 1.86751826e+00  4.35248174e-02 
 1.87048758e+00  4.35951242e-02 
 1.87345690e+00  4.36654310e-02 
 1.87642624e+00  4.37357376e-02 
 1.87939560e+00  4.38060440e-02 
 1.88236497e+00  4.38763503e-02 
 1.88533435e+00  4.39466565e-02 
 1.88830375e+00  4.40169625e-02 
 1.89127317e+00  4.40872683e-02 
 1.89424260e+00  4.41575740e-02 
 1.89721204e+00  4.42278796e-02 
 1.90018151e+00  4.42981849e-02 
 1.90315098e+00  4.43684902e-02 
 1.90612048e+00  4.44387952e-02 
 1.90908999e+00  4.45091001e-02 
 1.91205952e+00  4.45794048e-02 
 1.91502907e+00  4.46497093e-02 
 1.91799863e+00  4.47200137e-02 
 1.92096821e+00  4.47903179e-02 
 1.92393781e+00  4.48606219e-02 
 1.92690743e+00  4.49309257e-02 
 1.92987707e+00  4.50012293e-02 
 1.93284673e+00  4.50715327e-02 
 1.93581641e+00  4.51418359e-02 
 1.93878610e+00  4.52121390e-02 
 1.94175582e+00  4.52824418e-02 
 1.94472556e+00  4.53527444e-02 
 1.94769531e+00  4.54230469e-02 
 1.95066509e+00  4.54933491e-02 
 1.95363489e+00  4.55636511e-02 
 1.95660472e+00  4.56339528e-02 
 1.95957456e+00  4.57042544e-02 
 1.96254443e+00  4.57745557e-02 
 1.96551431e+00  4.58448569e-02 
 1.96848423e+00  4.59151577e-02 
 1.97145416e+00  4.59854584e-02 
 1.97442412e+00  4.60557588e-02 
 1.97739410e+00  4.61260590e-02 
 1.98036411e+00  4.61963589e-02 
 1.98333414e+00  4.62666586e-02 
 1.98630419e+00  4.63369581e-02 
 1.98927427e+00  4.64072573e-02 
 1.99224437e+00  4.64775563e-02 
 1.99521450e+00  4.65478550e-02 
 1.99818466e+00  4.66181534e-02 
 2.00115484e+00  4.66884516e-02 
 2.00412505e+00  4.67587495e-02 
 2.00709529e+00  4.68290471e-02 
 2.01006555e+00  4.68993445e-02 
 2.01303584e+00  4.69696416e-02 
 2.01600616e+00  4.70399384e-02 
 2.01897650e+00  4.71102350e-02 
 2.02194687e+00  4.71805313e-02 
 2.02491728e+00  4.72508272e-02 
 2.02788771e+00  4.73211229e-02 
 2.03085817e+00  4.73914183e-02 
 2.03382866e+00  4.74617134e-02 
 2.03679918e+00  4.75320082e-02 
 2.03976973e+00  4.76023027e-02 
 2.04274031e+00  4.76725969e-02 
 2.04571092e+00  4.77428908e-02 
 2.04868156e+00  4.78131844e-02 
 2.05165224e+00  4.78834776e-02 
 2.05462295e+00  4.79537705e-02 
 2.05759368e+00  4.80240632e-02 
 2.06056445e+00  4.80943555e-02 
 2.06353526e+00  4.81646474e-02 
 2.06650609e+00  4.82349391e-02 
 2.06947697e+00  4.83052303e-02 
 2.07244787e+00  4.83755213e-02 
 2.07541881e+00  4.84458119e-02 
 2.07838978e+00  4.85161022e-02 
 2.08136079e+00  4.85863921e-02 
 2.08433183e+00  4.86566817e-02 
 2.08730291e+00  4.87269709e-02 
 2.09027402e+00  4.87972598e-02 
 2.09324517e+00  4.88675483e-02 
 2.09621636e+00  4.89378364e-02 
 2.09918758e+00  4.90081242e-02 
 2.10215884e+00  4.90784116e-02 
 2.10513014e+00  4.91486986e-02 
 2.10810148e+00  4.92189852e-02 
 2.11107285e+00  4.92892715e-02 
 2.11404426e+00  4.93595574e-02 
 2.11701571e+00  4.94298429e-02 
 2.11998720e+00  4.95001280e-02 
 2.12295874e+00  4.95704126e-02 
 2.12593031e+00  4.96406969e-02 
 2.12890192e+00  4.97109808e-02 
 2.13187357e+00  4.97812643e-02 
 2.13484526e+00  4.98515474e-02 
 2.13781699e+00  4.99218301e-02 
 2.14078877e+00  4.99921123e-02 
 2.14376059e+00  5.00623941e-02 
 2.14673245e+00  5.01326755e-02 
 2.14970435e+00  5.02029565e-02 
 2.15267630e+00  5.02732370e-02 
 2.15564828e+00  5.03435172e-02 
 2.15862032e+00  5.04137968e-02 
 2.16159240e+00  5.04840760e-02 
 2.16456452e+00  5.05543548e-02 
 2.16753669e+00  5.06246331e-02 
 2.17050890e+00  5.06949110e-02 
 2.17348116e+00  5.07651884e-02 
 2.17645346e+00  5.08354654e-02 
 2.17942581e+00  5.09057419e-02 
 2.18239821e+00  5.09760179e-02 
 2.18537066e+00  5.10462934e-02 
 2.18834315e+00  5.11165685e-02 
 2.19131569e+00  5.11868431e-02 
 2.19428828e+00  5.12571172e-02 
 2.19726092e+00  5.13273908e-02 
 2.20023361e+00  5.13976639e-02 
 2.20320635e+00  5.14679365e-02 
 2.20617914e+00  5.15382086e-02 
 2.20915197e+00  5.16084803e-02 
 2.21212486e+00  5.16787514e-02 
 2.21509780e+00  5.17490220e-02 
 2.21807079e+00  5.18192921e-02 
 2.22104384e+00  5.18895616e-02 
 2.22401693e+00  5.19598307e-02 
 2.22699008e+00  5.20300992e-02 
 2.22996329e+00  5.21003671e-02 
 2.23293654e+00  5.21706346e-02 
 2.23590985e+00  5.22409015e-02 
 2.23888322e+00  5.23111678e-02 
 2.24185664e+00  5.23814336e-02 
 2.24483011e+00  5.24516989e-02 
 2.24780364e+00  5.25219636e-02 
 2.25077723e+00  5.25922277e-02 
 2.25375087e+00  5.26624913e-02 
 2.25672457e+00  5.27327543e-02 
 2.25969833e+00  5.28030167e-02 
 2.26267215e+00  5.28732785e-02 
 2.26564602e+00  5.29435398e-02 
 2.26861995e+00  5.30138005e-02 
 2.27159394e+00  5.30840606e-02 
 2.27456800e+00  5.31543200e-02 
 2.27754211e+00  5.32245789e-02 
 2.28051628e+00  5.32948372e-02 
 2.28349051e+00  5.33650949e-02 
 2.28646481e+00  5.34353519e-02 
 2.28943916e+00  5.35056084e-02 
 2.29241358e+00  5.35758642e-02 
 2.29538806e+00  5.36461194e-02 
 2.29836261e+00  5.37163739e-02 
 2.30133722e+00  5.37866278e-02 
 2.30431189e+00  5.38568811e-02 
 2.30728662e+00  5.39271338e-02 
 2.31026143e+00  5.39973857e-02 
 2.31323629e+00  5.40676371e-02 
 2.31621123e+00  5.41378877e-02 
 2.31918623e+00  5.42081377e-02 
 2.32216129e+00  5.42783871e-02 
 2.32513643e+00  5.43486357e-02 
 2.32811163e+00  5.44188837e-02 
 2.33108690e+00  5.44891310e-02 
 2.33406224e+00  5.45593776e-02 
 2.33703765e+00  5.46296235e-02 
 2.34001313e+00  5.46998687e-02 
 2.34298868e+00  5.47701132e-02 
 2.34596430e+00  5.48403570e-02 
 2.34893999e+00  5.49106001e-02 
 2.35191575e+00  5.49808425e-02 
 2.35489159e+00  5.50510841e-02 
 2.35786750e+00  5.51213250e-02 
 2.36084348e+00  5.51915652e-02 
 2.36381954e+00  5.52618046e-02 
 2.36679567e+00  5.53320433e-02 
 2.36977187e+00  5.54022813e-02 
 2.37274815e+00  5.54725185e-02 
 2.37572451e+00  5.55427549e-02 
 2.37870094e+00  5.56129906e-02 
 2.38167745e+00  5.56832255e-02 
 2.38465404e+00  5.57534596e-02 
 2.38763071e+00  5.58236929e-02 
 2.39060745e+00  5.58939255e-02 
 2.39358428e+00  5.59641572e-02 
 2.39656118e+00  5.60343882e-02 
 2.39953816e+00  5.61046184e-02 
 2.40251523e+00  5.61748477e-02 
 2.40549238e+00  5.62450762e-02 
 2.40846960e+00  5.63153040e-02 
 2.41144692e+00  5.63855308e-02 
 2.41442431e+00  5.64557569e-02 
 2.41740179e+00  5.65259821e-02 
 2.42037935e+00  5.65962065e-02 
 2.42335700e+00  5.66664300e-02 
 2.42633473e+00  5.67366527e-02 
 2.42931255e+00  5.68068745e-02 
 2.43229046e+00  5.68770954e-02 
 2.43526845e+00  5.69473155e-02 
 2.43824653e+00  5.70175347e-02 
 2.44122470e+00  5.70877530e-02 
 2.44420296e+00  5.71579704e-02 
 2.44718130e+00  5.72281870e-02 
 2.45015974e+00  5.72984026e-02 
 2.45313827e+00  5.73686173e-02 
 2.45611689e+00  5.74388311e-02 
 2.45909561e+00  5.75090439e-02 
 2.46207441e+00  5.75792559e-02 
 2.46505331e+00  5.76494669e-02 
 2.46803230e+00  5.77196770e-02 
 2.47101139e+00  5.77898861e-02 
 2.47399057e+00  5.78600943e-02 
 2.47696985e+00  5.79303015e-02 
 2.47994923e+00  5.80005077e-02 
 2.48292870e+00  5.80707130e-02 
 2.48590827e+00  5.81409173e-02 
 2.48888794e+00  5.82111206e-02 
 2.49186771e+00  5.82813229e-02 
 2.49484758e+00  5.83515242e-02 
 2.49782755e+00  5.84217245e-02 
 2.50080762e+00  5.84919238e-02 
 2.50378780e+00  5.85621220e-02 
 2.50676807e+00  5.86323193e-02 
 2.50974845e+00  5.87025155e-02 
 2.51272894e+00  5.87727106e-02 
 2.51570953e+00  5.88429047e-02 
 2.51869022e+00  5.89130978e-02 
 2.52167102e+00  5.89832898e-02 
 2.52465193e+00  5.90534807e-02 
 2.52763295e+00  5.91236705e-02 
 2.53061407e+00  5.91938593e-02 
 2.53359530e+00  5.92640470e-02 
 2.53657665e+00  5.93342335e-02 
 2.53955810e+00  5.94044190e-02 
 2.54253967e+00  5.94746033e-02 
 2.54552135e+00  5.95447865e-02 
 2.54850314e+00  5.96149686e-02 
 2.55148504e+00  5.96851496e-02 
 2.55446706e+00  5.97553294e-02 
 2.55744920e+00  5.98255080e-02 
 2.56043145e+00  5.98956855e-02 
 2.56341382e+00  5.99658618e-02 
 2.56639631e+00  6.00360369e-02 
 2.56937891e+00  6.01062109e-02 
 2.57236164e+00  6.01763836e-02 
 2.57534448e+00  6.02465552e-02 
 2.57832745e+00  6.03167255e-02 
 2.58131053e+00  6.03868947e-02 
 2.58429375e+00  6.04570625e-02 
 2.58727708e+00  6.05272292e-02 
 2.59026054e+00  6.05973946e-02 
 2.59324412e+00  6.06675588e-02 
 2.59622783e+00  6.07377217e-02 
 2.59921167e+00  6.08078833e-02 
 2.60219564e+00  6.08780436e-02 
 2.60517973e+00  6.09482027e-02 
 2.60816396e+00  6.10183604e-02 
 2.61114831e+00  6.10885169e-02 
 2.61413280e+00  6.11586720e-02 
 2.61711742e+00  6.12288258e-02 
 2.62010217e+00  6.12989783e-02 
 2.62308706e+00  6.13691294e-02 
 2.62607208e+00  6.14392792e-02 
 2.62905724e+00  6.15094276e-02 
 2.63204254e+00  6.15795746e-02 
 2.63502797e+00  6.16497203e-02 
 2.63801355e+00  6.17198645e-02 
 2.64099926e+00  6.17900074e-02 
 2.64398512e+00  6.18601488e-02 
 2.64697111e+00  6.19302889e-02 
 2.64995725e+00  6.20004275e-02 
 2.65294354e+00  6.20705646e-02 
 2.65592997e+00  6.21407003e-02 
 2.65891654e+00  6.22108346e-02 
 2.66190327e+00  6.22809673e-02 
 2.66489014e+00  6.23510986e-02 
 2.66787716e+00  6.24212284e-02 
 2.67086433e+00  6.24913567e-02 
 2.67385165e+00  6.25614835e-02 
 2.67683913e+00  6.26316087e-02 
 2.67982676e+00  6.27017324e-02 
 2.68281454e+00  6.27718546e-02 
 2.68580248e+00  6.28419752e-02 
 2.68879058e+00  6.29120942e-02 
 2.69177883e+00  6.29822117e-02 
 2.69476725e+00  6.30523275e-02 
 2.69775582e+00  6.31224418e-02 
 2.70074456e+00  6.31925544e-02 
 2.70373346e+00  6.32626654e-02 
 2.70672252e+00  6.33327748e-02 
 2.70971175e+00  6.34028825e-02 
 2.71270114e+00  6.34729886e-02 
 2.71569070e+00  6.35430930e-02 
 2.71868044e+00  6.36131956e-02 
 2.72167034e+00  6.36832966e-02 
 2.72466041e+00  6.37533959e-02 
 2.72765065e+00  6.38234935e-02 
 2.73064107e+00  6.38935893e-02 
 2.73363166e+00  6.39636834e-02 
 2.73662243e+00  6.40337757e-02 
 2.73961338e+00  6.41038662e-02 
 2.74260451e+00  6.41739549e-02 
 2.74559581e+00  6.42440419e-02 
 2.74858730e+00  6.43141270e-02 
 2.75157897e+00  6.43842103e-02 
 2.75457083e+00  6.44542917e-02 
 2.75756287e+00  6.45243713e-02 
 2.76055510e+00  6.45944490e-02 
 2.76354752e+00  6.46645248e-02 
 2.76654012e+00  6.47345988e-02 
 2.76953292e+00  6.48046708e-02 
 2.77252591e+00  6.48747409e-02 
 2.77551910e+00  6.49448090e-02 
 2.77851248e+00  6.50148752e-02 
 2.78150606e+00  6.50849394e-02 
 2.78449984e+00  6.51550016e-02 
 2.78749382e+00  6.52250618e-02 
 2.79048800e+00  6.52951200e-02 
 2.79348238e+00  6.53651762e-02 
 2.79647697e+00  6.54352303e-02 
 2.79947176e+00  6.55052824e-02 
 2.80246677e+00  6.55753323e-02 
 2.80546198e+00  6.56453802e-02 
 2.80845740e+00  6.57154260e-02 
 2.81145304e+00  6.57854696e-02 
 2.81444889e+00  6.58555111e-02 
 2.81744496e+00  6.59255504e-02 
 2.82044124e+00  6.59955876e-02 
 2.82343775e+00  6.60656225e-02 
 2.82643448e+00  6.61356552e-02 
 2.82943143e+00  6.62056857e-02 
 2.83242860e+00  6.62757140e-02 
 2.83542600e+00  6.63457400e-02 
 2.83842364e+00  6.64157636e-02 
 2.84142150e+00  6.64857850e-02 
 2.84441959e+00  6.65558041e-02 
 2.84741792e+00  6.66258208e-02 
 2.85041648e+00  6.66958352e-02 
 2.85341528e+00  6.67658472e-02 
 2.85641432e+00  6.68358568e-02 
 2.85941361e+00  6.69058639e-02 
 2.86241313e+00  6.69758687e-02 
 2.86541290e+00  6.70458710e-02 
 2.86841292e+00  6.71158708e-02 
 2.87141319e+00  6.71858681e-02 
 2.87441371e+00  6.72558629e-02 
 2.87741449e+00  6.73258551e-02 
 2.88041552e+00  6.73958448e-02 
 2.88341681e+00  6.74658319e-02 
 2.88641836e+00  6.75358164e-02 
 2.88942017e+00  6.76057983e-02 
 2.89242225e+00  6.76757775e-02 
 2.89542459e+00  6.77457541e-02 
 2.89842720e+00  6.78157280e-02 
 2.90143008e+00  6.78856992e-02 
 2.90443324e+00  6.79556676e-02 
 2.90743667e+00  6.80256333e-02 
 2.91044038e+00  6.80955962e-02 
 2.91344438e+00  6.81655562e-02 
 2.91644865e+00  6.82355135e-02 
 2.91945321e+00  6.83054679e-02 
 2.92245806e+00  6.83754194e-02 
 2.92546319e+00  6.84453681e-02 
 2.92846862e+00  6.85153138e-02 
 2.93147435e+00  6.85852565e-02 
 2.93448037e+00  6.86551963e-02 
 2.93748670e+00  6.87251330e-02 
 2.94049333e+00  6.87950667e-02 
 2.94350026e+00  6.88649974e-02 
 2.94650750e+00  6.89349250e-02 
 2.94951505e+00  6.90048495e-02 
 2.95252292e+00  6.90747708e-02 
 2.95553110e+00  6.91446890e-02 
 2.95853961e+00  6.92146039e-02 
 2.96154843e+00  6.92845157e-02 
 2.96455758e+00  6.93544242e-02 
 2.96756706e+00  6.94243294e-02 
 2.97057687e+00  6.94942313e-02 
 2.97358702e+00  6.95641298e-02 
 2.97659750e+00  6.96340250e-02 
 2.97960833e+00  6.97039167e-02 
 2.98261949e+00  6.97738051e-02 
 2.98563101e+00  6.98436899e-02 
 2.98864287e+00  6.99135713e-02 
 2.99165509e+00  6.99834491e-02 
 2.99466766e+00  7.00533234e-02 
 2.99768059e+00  7.01231941e-02 
 3.00069389e+00  7.01930611e-02 
 3.00370755e+00  7.02629245e-02 
 3.00672158e+00  7.03327842e-02 
 3.00973599e+00  7.04026401e-02 
 3.01275077e+00  7.04724923e-02 
 3.01576594e+00  7.05423406e-02 
 3.01878148e+00  7.06121852e-02 
 3.02179742e+00  7.06820258e-02 
 3.02481375e+00  7.07518625e-02 
 3.02783047e+00  7.08216953e-02 
 3.03084760e+00  7.08915240e-02 
 3.03386513e+00  7.09613487e-02 
 3.03688306e+00  7.10311694e-02 
 3.03990141e+00  7.11009859e-02 
 3.04292017e+00  7.11707983e-02 
 3.04593935e+00  7.12406065e-02 
 3.04895895e+00  7.13104105e-02 
 3.05197899e+00  7.13802101e-02 
 3.05499945e+00  7.14500055e-02 
 3.05802035e+00  7.15197965e-02 
 3.06104170e+00  7.15895830e-02 
 3.06406348e+00  7.16593652e-02 
 3.06708572e+00  7.17291428e-02 
 3.07010842e+00  7.17989158e-02 
 3.07313157e+00  7.18686843e-02 
 3.07615519e+00  7.19384481e-02 
 3.07917928e+00  7.20082072e-02 
 3.08220384e+00  7.20779616e-02 
 3.08522888e+00  7.21477112e-02 
 3.08825440e+00  7.22174560e-02 
 3.09128041e+00  7.22871959e-02 
 3.09430692e+00  7.23569308e-02 
 3.09733393e+00  7.24266607e-02 
 3.10036144e+00  7.24963856e-02 
 3.10338946e+00  7.25661054e-02 
 3.10641800e+00  7.26358200e-02 
 3.10944706e+00  7.27055294e-02 
 3.11247665e+00  7.27752335e-02 
 3.11550677e+00  7.28449323e-02 
 3.11853743e+00  7.29146257e-02 
 3.12156864e+00  7.29843136e-02 
 3.12460039e+00  7.30539961e-02 
 3.12763271e+00  7.31236729e-02 
 3.13066559e+00  7.31933441e-02 
 3.13369903e+00  7.32630097e-02 
 3.13673306e+00  7.33326694e-02 
 3.13976766e+00  7.34023234e-02 
 3.14280286e+00  7.34719714e-02 
 3.14583865e+00  7.35416135e-02 
 3.14887505e+00  7.36112495e-02 
 3.15191206e+00  7.36808794e-02 
 3.15494968e+00  7.37505032e-02 
 3.15798793e+00  7.38201207e-02 
 3.16102681e+00  7.38897319e-02 
 3.16406633e+00  7.39593367e-02 
 3.16710650e+00  7.40289350e-02 
 3.17014733e+00  7.40985267e-02 
 3.17318881e+00  7.41681119e-02 
 3.17623097e+00  7.42376903e-02 
 3.17927381e+00  7.43072619e-02 
 3.18231734e+00  7.43768266e-02 
 3.18536156e+00  7.44463844e-02 
 3.18840648e+00  7.45159352e-02 
 3.19145212e+00  7.45854788e-02 
 3.19449849e+00  7.46550151e-02 
 3.19754558e+00  7.47245442e-02 
 3.20059342e+00  7.47940658e-02 
 3.20364201e+00  7.48635799e-02 
 3.20669135e+00  7.49330865e-02 
 3.20974147e+00  7.50025853e-02 
 3.21279237e+00  7.50720763e-02 
 3.21584406e+00  7.51415594e-02 
 3.21889654e+00  7.52110346e-02 
 3.22194984e+00  7.52805016e-02 
 3.22500397e+00  7.53499603e-02 
 3.22805892e+00  7.54194108e-02 
 3.23111472e+00  7.54888528e-02 
 3.23417137e+00  7.55582863e-02 
 3.23722889e+00  7.56277111e-02 
 3.24028730e+00  7.56971270e-02 
 3.24334659e+00  7.57665341e-02 
 3.24640678e+00  7.58359322e-02 
 3.24946790e+00  7.59053210e-02 
 3.25252994e+00  7.59747006e-02 
 3.25559292e+00  7.60440708e-02 
 3.25865686e+00  7.61134314e-02 
 3.26172177e+00  7.61827823e-02 
 3.26478766e+00  7.62521234e-02 
 3.26785456e+00  7.63214544e-02 
 3.27092246e+00  7.63907754e-02 
 3.27399139e+00  7.64600861e-02 
 3.27706136e+00  7.65293864e-02 
 3.28013239e+00  7.65986761e-02 
 3.28320450e+00  7.66679550e-02 
 3.28627769e+00  7.67372231e-02 
 3.28935200e+00  7.68064800e-02 
 3.29242742e+00  7.68757258e-02 
 3.29550399e+00  7.69449601e-02 
 3.29858172e+00  7.70141828e-02 
 3.30166062e+00  7.70833938e-02 
 3.30474072e+00  7.71525928e-02 
 3.30782204e+00  7.72217796e-02 
 3.31090458e+00  7.72909542e-02 
 3.31398839e+00  7.73601161e-02 
 3.31707346e+00  7.74292654e-02 
 3.32015984e+00  7.74984016e-02 
 3.32324753e+00  7.75675247e-02 
 3.32633655e+00  7.76366345e-02 
 3.32942694e+00  7.77057306e-02 
 3.33251872e+00  7.77748128e-02 
 3.33561190e+00  7.78438810e-02 
 3.33870651e+00  7.79129349e-02 
 3.34180258e+00  7.79819742e-02 
 3.34490013e+00  7.80509987e-02 
 3.34799919e+00  7.81200081e-02 
 3.35109978e+00  7.81890022e-02 
 3.35420194e+00  7.82579806e-02 
 3.35730568e+00  7.83269432e-02 
 3.36041105e+00  7.83958895e-02 
 3.36351806e+00  7.84648194e-02 
 3.36662676e+00  7.85337324e-02 
 3.36973716e+00  7.86026284e-02 
 3.37284931e+00  7.86715069e-02 
 3.37596323e+00  7.87403677e-02 
 3.37907896e+00  7.88092104e-02 
 3.38219654e+00  7.88780346e-02 
 3.38531600e+00  7.89468400e-02 
 3.38843737e+00  7.90156263e-02 
 3.39156070e+00  7.90843930e-02 
 3.39468603e+00  7.91531397e-02 
 3.39781339e+00  7.92218661e-02 
 3.40094282e+00  7.92905718e-02 
 3.40407438e+00  7.93592562e-02 
 3.40720810e+00  7.94279190e-02 
 3.41034402e+00  7.94965598e-02 
 3.41348221e+00  7.95651779e-02 
 3.41662270e+00  7.96337730e-02 
 3.41976554e+00  7.97023446e-02 
 3.42291078e+00  7.97708922e-02 
 3.42605848e+00  7.98394152e-02 
 3.42920870e+00  7.99079130e-02 
 3.43236149e+00  7.99763851e-02 
 3.43551690e+00  8.00448310e-02 
 3.43867500e+00  8.01132500e-02 
 3.44183586e+00  8.01816414e-02 
 3.44499952e+00  8.02500048e-02 
 3.44816608e+00  8.03183392e-02 
 3.45133558e+00  8.03866442e-02 
 3.45450810e+00  8.04549190e-02 
 3.45768373e+00  8.05231627e-02 
 3.46086253e+00  8.05913747e-02 
 3.46404458e+00  8.06595542e-02 
 3.46722997e+00  8.07277003e-02 
 3.47041878e+00  8.07958122e-02 
 3.47361111e+00  8.08638889e-02 
 3.47680704e+00  8.09319296e-02 
 3.48000667e+00  8.09999333e-02 
 3.48321010e+00  8.10678990e-02 
 3.48641744e+00  8.11358256e-02 
 3.48962879e+00  8.12037121e-02 
 3.49284427e+00  8.12715573e-02 
 3.49606399e+00  8.13393601e-02 
 3.49928808e+00  8.14071192e-02 
 3.50251666e+00  8.14748334e-02 
 3.50574986e+00  8.15425014e-02 
 3.50898783e+00  8.16101217e-02 
 3.51223071e+00  8.16776929e-02 
 3.51547865e+00  8.17452135e-02 
 3.51873181e+00  8.18126819e-02 
 3.52199036e+00  8.18800964e-02 
 3.52525447e+00  8.19474553e-02 
 3.52852431e+00  8.20147569e-02 
 3.53180009e+00  8.20819991e-02 
 3.53508199e+00  8.21491801e-02 
 3.53837024e+00  8.22162976e-02 
 3.54166505e+00  8.22833495e-02 
 3.54496665e+00  8.23503335e-02 
 3.54827529e+00  8.24172471e-02 
 3.55159121e+00  8.24840879e-02 
 3.55491470e+00  8.25508530e-02 
 3.55824604e+00  8.26175396e-02 
 3.56158553e+00  8.26841447e-02 
 3.56493348e+00  8.27506652e-02 
 3.56829024e+00  8.28170976e-02 
 3.57165615e+00  8.28834385e-02 
 3.57503160e+00  8.29496840e-02 
 3.57841698e+00  8.30158302e-02 
 3.58181272e+00  8.30818728e-02 
 3.58521926e+00  8.31478074e-02 
 3.58863710e+00  8.32136290e-02 
 3.59206674e+00  8.32793326e-02 
 3.59550871e+00  8.33449129e-02 
 3.59896362e+00  8.34103638e-02 
 3.60243206e+00  8.34756794e-02 
 3.60591472e+00  8.35408528e-02 
 3.60941230e+00  8.36058770e-02 
 3.61292557e+00  8.36707443e-02 
 3.61645534e+00  8.37354466e-02 
 3.62000250e+00  8.37999750e-02 
 3.62356800e+00  8.38643200e-02 
 3.62715287e+00  8.39284713e-02 
 3.63075822e+00  8.39924178e-02 
 3.63438525e+00  8.40561475e-02 
 3.63803527e+00  8.41196473e-02 
 3.64170969e+00  8.41829031e-02 
 3.64541005e+00  8.42458995e-02 
 3.64913804e+00  8.43086196e-02 
 3.65289549e+00  8.43710451e-02 
 3.65668440e+00  8.44331560e-02 
 3.66050698e+00  8.44949302e-02 
 3.66436564e+00  8.45563436e-02 
 3.66826306e+00  8.46173694e-02 
 3.67220215e+00  8.46779785e-02 
 3.67618617e+00  8.47381383e-02 
 3.68021869e+00  8.47978131e-02 
 3.68430369e+00  8.48569631e-02 
 3.68844558e+00  8.49155442e-02 
 3.69264926e+00  8.49735074e-02 
 3.69692020e+00  8.50307980e-02 
 3.70126446e+00  8.50873554e-02 
 3.70568882e+00  8.51431118e-02 
 3.71020080e+00  8.51979920e-02 
 3.71480878e+00  8.52519122e-02 
 3.71952204e+00  8.53047796e-02 
 3.72435084e+00  8.53564916e-02 
 3.72930642e+00  8.54069358e-02 
 3.73440103e+00  8.54559897e-02 
 3.73964784e+00  8.55035216e-02 
 3.74506078e+00  8.55493922e-02 
 3.75065421e+00  8.55934579e-02 
 3.75644253e+00  8.56355747e-02 
 3.76243949e+00  8.56756051e-02 
 3.76865737e+00  8.57134263e-02 
 3.77510602e+00  8.57489398e-02 
 3.78179182e+00  8.57820818e-02 
 3.78871676e+00  8.58128324e-02 
 3.79587782e+00  8.58412218e-02 
 3.80326682e+00  8.58673318e-02 
 3.81087080e+00  8.58912920e-02 
 3.81867290e+00  8.59132710e-02 
 3.82665368e+00  8.59334632e-02 
 3.83479243e+00  8.59520757e-02 
 3.84306845e+00  8.59693155e-02 
 3.85146206e+00  8.59853794e-02 
 3.85995524e+00  8.60004476e-02 
 3.86853202e+00  8.60146798e-02 
 3.87717852e+00  8.60282148e-02 
 3.88588297e+00  8.60411703e-02 
 3.89463543e+00  8.60536457e-02 
 3.90342765e+00  8.60657235e-02 
 3.91225278e+00  8.60774722e-02 
 3.92110519e+00  8.60889481e-02 
 3.92998022e+00  8.61001978e-02 
 3.93887405e+00  8.61112595e-02 
 3.94778353e+00  8.61221647e-02 
 3.95670605e+00  8.61329395e-02 
 3.96563946e+00  8.61436054e-02 
 3.97458199e+00  8.61541801e-02 
 3.98353214e+00  8.61646786e-02 
 3.99248871e+00  8.61751129e-02 
 4.00145066e+00  8.61854934e-02 
 4.01041713e+00  8.61958287e-02 
 4.01938741e+00  8.62061259e-02 
 4.02836090e+00  8.62163910e-02 
 4.03733710e+00  8.62266290e-02 
 4.04631559e+00  8.62368441e-02 
 4.05529600e+00  8.62470400e-02 
 4.06427804e+00  8.62572196e-02 
 4.07326147e+00  8.62673853e-02 
 4.08224605e+00  8.62775395e-02 
 4.09123162e+00  8.62876838e-02 
 4.10021802e+00  8.62978198e-02 
 4.10920513e+00  8.63079487e-02 
 4.11819284e+00  8.63180716e-02 
 4.12718105e+00  8.63281895e-02 
 4.13616969e+00  8.63383031e-02 
 4.14515869e+00  8.63484131e-02 
 4.15414799e+00  8.63585201e-02 
 4.16313756e+00  8.63686244e-02 
 4.17212735e+00  8.63787265e-02 
 4.18111732e+00  8.63888268e-02 
 4.19010745e+00  8.63989255e-02 
 4.19909771e+00  8.64090229e-02 
 4.20808809e+00  8.64191191e-02 
 4.21707856e+00  8.64292144e-02 
 4.22606912e+00  8.64393088e-02 
 4.23505974e+00  8.64494026e-02 
 4.24405042e+00  8.64594958e-02 
 4.25304115e+00  8.64695885e-02 
 4.26203193e+00  8.64796807e-02 
 4.27102273e+00  8.64897727e-02 
 4.28001357e+00  8.64998643e-02 
 4.28900444e+00  8.65099556e-02 
 4.29799532e+00  8.65200468e-02 
 4.30698623e+00  8.65301377e-02 
 4.31597714e+00  8.65402286e-02 
 4.32496808e+00  8.65503192e-02 
 4.33395902e+00  8.65604098e-02 
 4.34294997e+00  8.65705003e-02 
 4.35194093e+00  8.65805907e-02 
 4.36093190e+00  8.65906810e-02 
 4.36992287e+00  8.66007713e-02 
 4.37891385e+00  8.66108615e-02 
 4.38790483e+00  8.66209517e-02 
 4.39689582e+00  8.66310418e-02 
 4.40588681e+00  8.66411319e-02 
 4.41487780e+00  8.66512220e-02 
 4.42386879e+00  8.66613121e-02 
 4.43285979e+00  8.66714021e-02 
 4.44185079e+00  8.66814921e-02 
 4.45084178e+00  8.66915822e-02 
 4.45983278e+00  8.67016722e-02 
 4.46882378e+00  8.67117622e-02 
 4.47781478e+00  8.67218522e-02 
 4.48680578e+00  8.67319422e-02 
 4.49579679e+00  8.67420321e-02 
 4.50478779e+00  8.67521221e-02 
 4.51377879e+00  8.67622121e-02 
 4.52276979e+00  8.67723021e-02 
 4.53176080e+00  8.67823920e-02 
 4.54075180e+00  8.67924820e-02 
 4.54974281e+00  8.68025719e-02 
 4.55873381e+00  8.68126619e-02 
 4.56772481e+00  8.68227519e-02 
 4.57671582e+00  8.68328418e-02 
 4.58570682e+00  8.68429318e-02 
 4.59469783e+00  8.68530217e-02 
 4.60368883e+00  8.68631117e-02 
 4.61267984e+00  8.68732016e-02 
 4.62167084e+00  8.68832916e-02 
 4.63066185e+00  8.68933815e-02 
 4.63965285e+00  8.69034715e-02 
 4.64864386e+00  8.69135614e-02 
 4.65763486e+00  8.69236514e-02 
 4.66662587e+00  8.69337413e-02 
 4.67561687e+00  8.69438313e-02 
 4.68460788e+00  8.69539212e-02 
 4.69359888e+00  8.69640112e-02 
 4.70258989e+00  8.69741011e-02 
 4.71158089e+00  8.69841911e-02 
 4.72057190e+00  8.69942810e-02 
 4.72956290e+00  8.70043710e-02 
 4.73855391e+00  8.70144609e-02 
 4.74754491e+00  8.70245509e-02 
 4.75653592e+00  8.70346408e-02 
 4.76552692e+00  8.70447308e-02 
 4.77451793e+00  8.70548207e-02 
 4.78350893e+00  8.70649107e-02 
 4.79249994e+00  8.70750006e-02 
 4.80149094e+00  8.70850906e-02 
 4.81048195e+00  8.70951805e-02 
 4.81947295e+00  8.71052705e-02 
 4.82846396e+00  8.71153604e-02 
 4.83745496e+00  8.71254504e-02 
 4.84644597e+00  8.71355403e-02 
 4.85543697e+00  8.71456303e-02 
 4.86442798e+00  8.71557202e-02 
 4.87341898e+00  8.71658102e-02 
 4.88240999e+00  8.71759001e-02 
 4.89140099e+00  8.71859901e-02 
 4.90039200e+00  8.71960800e-02 
 4.90938300e+00  8.72061700e-02 
 4.91837401e+00  8.72162599e-02 
 4.92736501e+00  8.72263499e-02 
 4.93635602e+00  8.72364398e-02 
 4.94534702e+00  8.72465298e-02 
 4.95433803e+00  8.72566197e-02 
 4.96332903e+00  8.72667097e-02 
 4.97232004e+00  8.72767996e-02 
 4.98131104e+00  8.72868896e-02 
 4.99030205e+00  8.72969795e-02 
 4.99929305e+00  8.73070695e-02 
 5.00828406e+00  8.73171594e-02 
 5.01727506e+00  8.73272494e-02 
 5.02626607e+00  8.73373393e-02 
 5.03525707e+00  8.73474293e-02 
 5.04424808e+00  8.73575192e-02 
 5.05323908e+00  8.73676092e-02 
 5.06223009e+00  8.73776991e-02 
 5.07122109e+00  8.73877891e-02 
 5.08021210e+00  8.73978790e-02 
 5.08920310e+00  8.74079690e-02 
 5.09819411e+00  8.74180589e-02 
 5.10718511e+00  8.74281489e-02 
 5.11617612e+00  8.74382388e-02 
 5.12516712e+00  8.74483288e-02 
 5.13415813e+00  8.74584187e-02 
 5.14314913e+00  8.74685087e-02 
 5.15214014e+00  8.74785986e-02 
 5.16113114e+00  8.74886886e-02 
 5.17012215e+00  8.74987785e-02 
 5.17911315e+00  8.75088685e-02 
 5.18810416e+00  8.75189584e-02 
 5.19709516e+00  8.75290484e-02 
 5.20608617e+00  8.75391383e-02 
 5.21507717e+00  8.75492283e-02 
 5.22406818e+00  8.75593182e-02 
 5.23305918e+00  8.75694082e-02 
 5.24205019e+00  8.75794981e-02 
 5.25104119e+00  8.75895881e-02 
 5.26003220e+00  8.75996780e-02 
 5.26902320e+00  8.76097680e-02 
 5.27801421e+00  8.76198579e-02 
 5.28700521e+00  8.76299479e-02 
 5.29599622e+00  8.76400378e-02 
 5.30498722e+00  8.76501278e-02 
 5.31397823e+00  8.76602177e-02 
 5.32296923e+00  8.76703077e-02 
 5.33196024e+00  8.76803976e-02 
 5.34095124e+00  8.76904876e-02 
 5.34994225e+00  8.77005775e-02 
 5.35893325e+00  8.77106675e-02 
 5.36792426e+00  8.77207574e-02 
 5.37691526e+00  8.77308474e-02 
 5.38590627e+00  8.77409373e-02 
 5.39489727e+00  8.77510273e-02 
 5.40388828e+00  8.77611172e-02 
 5.41287928e+00  8.77712072e-02 
 5.42187029e+00  8.77812971e-02 
 5.43086129e+00  8.77913871e-02 
 5.43985230e+00  8.78014770e-02 
 5.44884330e+00  8.78115670e-02 
 5.45783431e+00  8.78216569e-02 
 5.46682531e+00  8.78317469e-02 
 5.47581632e+00  8.78418368e-02 
 5.48480732e+00  8.78519268e-02 
 5.49379833e+00  8.78620167e-02 
 5.50278933e+00  8.78721067e-02 
 5.51178034e+00  8.78821966e-02 
 5.52077134e+00  8.78922866e-02 
 5.52976235e+00  8.79023765e-02 
 5.53875335e+00  8.79124665e-02 
 5.54774436e+00  8.79225564e-02 
 5.55673537e+00  8.79326463e-02 
 5.56572637e+00  8.79427363e-02 
 5.57471738e+00  8.79528262e-02 
 5.58370838e+00  8.79629162e-02 
 5.59269939e+00  8.79730061e-02 
 5.60169039e+00  8.79830961e-02 
 5.61068140e+00  8.79931860e-02 
 5.61967240e+00  8.80032760e-02 
 5.62866341e+00  8.80133659e-02 
 5.63765441e+00  8.80234559e-02 
 5.64664542e+00  8.80335458e-02 
 5.65563642e+00  8.80436358e-02 
 5.66462743e+00  8.80537257e-02 
 5.67361843e+00  8.80638157e-02 
 5.68260944e+00  8.80739056e-02 
 5.69160044e+00  8.80839956e-02 
 5.70059145e+00  8.80940855e-02 
 5.70958245e+00  8.81041755e-02 
 5.71857346e+00  8.81142654e-02 
 5.72756446e+00  8.81243554e-02 
 5.73655547e+00  8.81344453e-02 
 5.74554647e+00  8.81445353e-02 
 5.75453748e+00  8.81546252e-02 
 5.76352848e+00  8.81647152e-02 
 5.77251949e+00  8.81748051e-02 
 5.78151049e+00  8.81848951e-02 
 5.79050150e+00  8.81949850e-02 
 5.79949250e+00  8.82050750e-02 
 5.80848351e+00  8.82151649e-02 
 5.81747451e+00  8.82252549e-02 
 5.82646552e+00  8.82353448e-02 
 5.83545652e+00  8.82454348e-02 
 5.84444753e+00  8.82555247e-02 
 5.85343853e+00  8.82656147e-02 
 5.86242954e+00  8.82757046e-02 
 5.87142054e+00  8.82857946e-02 
 5.88041155e+00  8.82958845e-02 
 5.88940255e+00  8.83059745e-02 
 5.89839356e+00  8.83160644e-02 
 5.90738456e+00  8.83261544e-02 
 5.91637557e+00  8.83362443e-02 
 5.92536657e+00  8.83463343e-02 
 5.93435758e+00  8.83564242e-02 
 5.94334858e+00  8.83665142e-02 
 5.95233959e+00  8.83766041e-02 
 5.96133059e+00  8.83866941e-02 
 5.97032160e+00  8.83967840e-02 
 5.97931260e+00  8.84068740e-02 
 5.98830361e+00  8.84169639e-02 
 5.99729461e+00  8.84270539e-02 
 6.00628562e+00  8.84371438e-02 
 6.01527662e+00  8.84472338e-02 
 6.02426763e+00  8.84573237e-02 
 6.03325863e+00  8.84674137e-02 
 6.04224964e+00  8.84775036e-02 
 6.05124064e+00  8.84875936e-02 
 6.06023165e+00  8.84976835e-02 
 6.06922265e+00  8.85077735e-02 
 6.07821366e+00  8.85178634e-02 
 6.08720466e+00  8.85279534e-02 
 6.09619567e+00  8.85380433e-02 
 6.10518667e+00  8.85481333e-02 
 6.11417768e+00  8.85582232e-02 
 6.12316868e+00  8.85683132e-02 
 6.13215969e+00  8.85784031e-02 
 6.14115069e+00  8.85884931e-02 
