 2.75356056e-02 -2.75356056e-04 
 3.06791696e-02 -2.06791696e-04 
 3.38276958e-02 -1.38276958e-04 
 3.69775494e-02 -6.97754940e-05 
 4.01300195e-02 -1.30019526e-06 
 4.32851685e-02  6.71483152e-05 
 4.64430599e-02  1.35569401e-04 
 4.96037597e-02  2.03962403e-04 
 5.27673363e-02  2.72326637e-04 
 5.59338605e-02  3.40661395e-04 
 5.91034058e-02  4.08965942e-04 
 6.22760484e-02  4.77239516e-04 
 6.54518672e-02  5.45481328e-04 
 6.86309444e-02  6.13690556e-04 
 7.18133651e-02  6.81866349e-04 
 7.49992179e-02  7.50007821e-04 
 7.81885949e-02  8.18114051e-04 
 8.13815917e-02  8.86184083e-04 
 8.45783080e-02  9.54216920e-04 
 8.77788476e-02  1.02221152e-03 
 9.09833183e-02  1.09016682e-03 
 9.41918329e-02  1.15808167e-03 
 9.74045087e-02  1.22595491e-03 
 1.00621468e-01  1.29378532e-03 
 1.03842839e-01  1.36157161e-03 
 1.07068755e-01  1.42931245e-03 
 1.10299356e-01  1.49700644e-03 
 1.13534788e-01  1.56465212e-03 
 1.16775203e-01  1.63224797e-03 
 1.20020762e-01  1.69979238e-03 
 1.23271631e-01  1.76728369e-03 
 1.26527988e-01  1.83472012e-03 
 1.29790017e-01  1.90209983e-03 
 1.33057911e-01  1.96942089e-03 
 1.36331874e-01  2.03668126e-03 
 1.39612120e-01  2.10387880e-03 
 1.42898875e-01  2.17101125e-03 
 1.46192377e-01  2.23807623e-03 
 1.49492875e-01  2.30507125e-03 
 1.52800635e-01  2.37199365e-03 
 1.56115935e-01  2.43884065e-03 
 1.59439071e-01  2.50560929e-03 
 1.62770356e-01  2.57229644e-03 
 1.66110120e-01  2.63889880e-03 
 1.69458715e-01  2.70541285e-03 
 1.72816514e-01  2.77183486e-03 
 1.76183912e-01  2.83816088e-03 
 1.79561333e-01  2.90438667e-03 
 1.82949224e-01  2.97050776e-03 
 1.86348065e-01  3.03651935e-03 
 1.89758368e-01  3.10241632e-03 
 1.93180681e-01  3.16819319e-03 
 1.96615589e-01  3.23384411e-03 
 2.00063722e-01  3.29936278e-03 
 2.03525755e-01  3.36474245e-03 
 2.07002414e-01  3.42997586e-03 
 2.10494483e-01  3.49505517e-03 
 2.14002806e-01  3.55997194e-03 
 2.17528298e-01  3.62471702e-03 
 2.21071947e-01  3.68928053e-03 
 2.24634828e-01  3.75365172e-03 
 2.28218109e-01  3.81781891e-03 
 2.31823061e-01  3.88176939e-03 
 2.35451075e-01  3.94548925e-03 
 2.39103669e-01  4.00896331e-03 
 2.42782513e-01  4.07217487e-03 
 2.46489438e-01  4.13510562e-03 
 2.50226466e-01  4.19773534e-03 
 2.53995830e-01  4.26004170e-03 
 2.57800004e-01  4.32199996e-03 
 2.61641736e-01  4.38358264e-03 
 2.65524091e-01  4.44475909e-03 
 2.69450491e-01  4.50549509e-03 
 2.73424774e-01  4.56575226e-03 
 2.77451256e-01  4.62548744e-03 
 2.81534804e-01  4.68465196e-03 
 2.85680924e-01  4.74319076e-03 
 2.89895865e-01  4.80104135e-03 
 2.94186739e-01  4.85813261e-03 
 2.98561662e-01  4.91438338e-03 
 3.03029912e-01  4.96970088e-03 
 3.07602122e-01  5.02397878e-03 
 3.12290478e-01  5.07709522e-03 
 3.17108943e-01  5.12891057e-03 
 3.22073481e-01  5.17926519e-03 
 3.27202249e-01  5.22797751e-03 
 3.32515724e-01  5.27484276e-03 
 3.38036679e-01  5.31963321e-03 
 3.43789891e-01  5.36210109e-03 
 3.49801437e-01  5.40198563e-03 
 3.56097379e-01  5.43902621e-03 
 3.62701701e-01  5.47298299e-03 
 3.69633487e-01  5.50366513e-03 
 3.76903642e-01  5.53096358e-03 
 3.84511869e-01  5.55488131e-03 
 3.92444919e-01  5.57555081e-03 
 4.00677003e-01  5.59322997e-03 
 4.09172568e-01  5.60827432e-03 
 4.17890667e-01  5.62109333e-03 
 4.26789619e-01  5.63210381e-03 
 4.35830749e-01  5.64169251e-03 
 4.44980633e-01  5.65019367e-03 
 4.54211925e-01  5.65788075e-03 
 4.63503147e-01  5.66496853e-03 
 4.72837946e-01  5.67162054e-03 
 4.82204142e-01  5.67795858e-03 
 4.91592814e-01  5.68407186e-03 
 5.00997503e-01  5.69002497e-03 
 5.10413569e-01  5.69586431e-03 
 5.19837699e-01  5.70162301e-03 
 5.29267537e-01  5.70732463e-03 
 5.38701413e-01  5.71298587e-03 
 5.48138143e-01  5.71861857e-03 
 5.57576890e-01  5.72423110e-03 
 5.67017063e-01  5.72982937e-03 
 5.76458245e-01  5.73541755e-03 
 5.85900140e-01  5.74099860e-03 
 5.95342540e-01  5.74657460e-03 
 6.04785298e-01  5.75214702e-03 
 6.14228309e-01  5.75771691e-03 
 6.23671500e-01  5.76328500e-03 
 6.33114818e-01  5.76885182e-03 
 6.42558227e-01  5.77441773e-03 
 6.52001700e-01  5.77998300e-03 
 6.61445219e-01  5.78554781e-03 
 6.70888771e-01  5.79111229e-03 
 6.80332345e-01  5.79667655e-03 
 6.89775937e-01  5.80224063e-03 
 6.99219541e-01  5.80780459e-03 
 7.08663152e-01  5.81336848e-03 
 7.18106771e-01  5.81893229e-03 
 7.27550393e-01  5.82449607e-03 
 7.36994019e-01  5.83005981e-03 
 7.46437646e-01  5.83562354e-03 
 7.55881276e-01  5.84118724e-03 
 7.65324906e-01  5.84675094e-03 
 7.74768538e-01  5.85231462e-03 
 7.84212170e-01  5.85787830e-03 
 7.93655803e-01  5.86344197e-03 
 8.03099435e-01  5.86900565e-03 
 8.12543069e-01  5.87456931e-03 
 8.21986702e-01  5.88013298e-03 
 8.31430335e-01  5.88569665e-03 
 8.40873969e-01  5.89126031e-03 
 8.50317602e-01  5.89682398e-03 
 8.59761236e-01  5.90238764e-03 
 8.69204870e-01  5.90795130e-03 
 8.78648503e-01  5.91351497e-03 
 8.88092137e-01  5.91907863e-03 
 8.97535771e-01  5.92464229e-03 
 9.06979404e-01  5.93020596e-03 
 9.16423038e-01  5.93576962e-03 
 9.25866672e-01  5.94133328e-03 
 9.35310306e-01  5.94689694e-03 
 9.44753939e-01  5.95246061e-03 
 9.54197573e-01  5.95802427e-03 
 9.63641207e-01  5.96358793e-03 
 9.73084841e-01  5.96915159e-03 
 9.82528474e-01  5.97471526e-03 
 9.91972108e-01  5.98027892e-03 
 1.00141574e+00  5.98584258e-03 
 1.01085938e+00  5.99140624e-03 
 1.02030301e+00  5.99696991e-03 
 1.02974664e+00  6.00253357e-03 
 1.03919028e+00  6.00809723e-03 
 1.04863391e+00  6.01366089e-03 
 1.05807754e+00  6.01922456e-03 
 1.06752118e+00  6.02478822e-03 
 1.07696481e+00  6.03035188e-03 
 1.08640845e+00  6.03591554e-03 
 1.09585208e+00  6.04147921e-03 
 1.10529571e+00  6.04704287e-03 
 1.11473935e+00  6.05260653e-03 
 1.12418298e+00  6.05817019e-03 
 1.13362661e+00  6.06373385e-03 
 1.14307025e+00  6.06929752e-03 
 1.15251388e+00  6.07486118e-03 
 1.16195752e+00  6.08042484e-03 
 1.17140115e+00  6.08598850e-03 
 1.18084478e+00  6.09155217e-03 
 1.19028842e+00  6.09711583e-03 
 1.19973205e+00  6.10267949e-03 
 1.20917568e+00  6.10824315e-03 
 1.21861932e+00  6.11380682e-03 
 1.22806295e+00  6.11937048e-03 
 1.23750659e+00  6.12493414e-03 
 1.24695022e+00  6.13049780e-03 
 1.25639385e+00  6.13606147e-03 
 1.26583749e+00  6.14162513e-03 
 1.27528112e+00  6.14718879e-03 
 1.28472475e+00  6.15275245e-03 
 1.29416839e+00  6.15831612e-03 
 1.30361202e+00  6.16387978e-03 
 1.31305566e+00  6.16944344e-03 
 1.32249929e+00  6.17500710e-03 
 1.33194292e+00  6.18057077e-03 
 1.34138656e+00  6.18613443e-03 
 1.35083019e+00  6.19169809e-03 
 1.36027382e+00  6.19726175e-03 
 1.36971746e+00  6.20282542e-03 
 1.37916109e+00  6.20838908e-03 
 1.38860473e+00  6.21395274e-03 
 1.39804836e+00  6.21951640e-03 
 1.40749199e+00  6.22508007e-03 
 1.41693563e+00  6.23064373e-03 
 1.42637926e+00  6.23620739e-03 
 1.43582289e+00  6.24177105e-03 
 1.44526653e+00  6.24733472e-03 
 1.45471016e+00  6.25289838e-03 
 1.46415380e+00  6.25846204e-03 
 1.47359743e+00  6.26402570e-03 
 1.48304106e+00  6.26958936e-03 
 1.49248470e+00  6.27515303e-03 
 1.50192833e+00  6.28071669e-03 
 1.51137196e+00  6.28628035e-03 
 1.52081560e+00  6.29184401e-03 
 1.53025923e+00  6.29740768e-03 
 1.53970287e+00  6.30297134e-03 
 1.54914650e+00  6.30853500e-03 
 1.55859013e+00  6.31409866e-03 
 1.56803377e+00  6.31966233e-03 
 1.57747740e+00  6.32522599e-03 
 1.58692103e+00  6.33078965e-03 
 1.59636467e+00  6.33635331e-03 
 1.60580830e+00  6.34191698e-03 
 1.61525194e+00  6.34748064e-03 
 1.62469557e+00  6.35304430e-03 
 1.63413920e+00  6.35860796e-03 
 1.64358284e+00  6.36417163e-03 
 1.65302647e+00  6.36973529e-03 
 1.66247010e+00  6.37529895e-03 
 1.67191374e+00  6.38086261e-03 
 1.68135737e+00  6.38642628e-03 
 1.69080101e+00  6.39198994e-03 
 1.70024464e+00  6.39755360e-03 
 1.70968827e+00  6.40311726e-03 
 1.71913191e+00  6.40868093e-03 
 1.72857554e+00  6.41424459e-03 
 1.73801917e+00  6.41980825e-03 
 1.74746281e+00  6.42537191e-03 
 1.75690644e+00  6.43093558e-03 
 1.76635008e+00  6.43649924e-03 
 1.77579371e+00  6.44206290e-03 
 1.78523734e+00  6.44762656e-03 
 1.79468098e+00  6.45319023e-03 
 1.80412461e+00  6.45875389e-03 
 1.81356824e+00  6.46431755e-03 
 1.82301188e+00  6.46988121e-03 
 1.83245551e+00  6.47544487e-03 
 1.84189915e+00  6.48100854e-03 
 1.85134278e+00  6.48657220e-03 
 1.86078641e+00  6.49213586e-03 
 1.87023005e+00  6.49769952e-03 
 1.87967368e+00  6.50326319e-03 
 1.88911732e+00  6.50882685e-03 
 1.89856095e+00  6.51439051e-03 
 1.90800458e+00  6.51995417e-03 
 1.91744822e+00  6.52551784e-03 
 1.92689185e+00  6.53108150e-03 
 1.93633548e+00  6.53664516e-03 
 1.94577912e+00  6.54220882e-03 
 1.95522275e+00  6.54777249e-03 
 1.96466639e+00  6.55333615e-03 
 1.97411002e+00  6.55889981e-03 
 1.98355365e+00  6.56446347e-03 
 1.99299729e+00  6.57002714e-03 
 2.00244092e+00  6.57559080e-03 
 2.01188455e+00  6.58115446e-03 
 2.02132819e+00  6.58671812e-03 
 2.03077182e+00  6.59228179e-03 
 2.04021546e+00  6.59784545e-03 
 2.04965909e+00  6.60340911e-03 
 2.05910272e+00  6.60897277e-03 
 2.06854636e+00  6.61453644e-03 
 2.07798999e+00  6.62010010e-03 
 2.08743362e+00  6.62566376e-03 
 2.09687726e+00  6.63122742e-03 
 2.10632089e+00  6.63679109e-03 
 2.11576453e+00  6.64235475e-03 
 2.12520816e+00  6.64791841e-03 
 2.13465179e+00  6.65348207e-03 
 2.14409543e+00  6.65904574e-03 
 2.15353906e+00  6.66460940e-03 
 2.16298269e+00  6.67017306e-03 
 2.17242633e+00  6.67573672e-03 
 2.18186996e+00  6.68130039e-03 
 2.19131360e+00  6.68686405e-03 
 2.20075723e+00  6.69242771e-03 
 2.21020086e+00  6.69799137e-03 
 2.21964450e+00  6.70355503e-03 
 2.22908813e+00  6.70911870e-03 
 2.23853176e+00  6.71468236e-03 
 2.24797540e+00  6.72024602e-03 
 2.25741903e+00  6.72580968e-03 
 2.26686267e+00  6.73137335e-03 
 2.27630630e+00  6.73693701e-03 
 2.28574993e+00  6.74250067e-03 
 2.29519357e+00  6.74806433e-03 
 2.30463720e+00  6.75362800e-03 
 2.31408083e+00  6.75919166e-03 
 2.32352447e+00  6.76475532e-03 
 2.33296810e+00  6.77031898e-03 
 2.34241174e+00  6.77588265e-03 
 2.35185537e+00  6.78144631e-03 
 2.36129900e+00  6.78700997e-03 
 2.37074264e+00  6.79257363e-03 
 2.38018627e+00  6.79813730e-03 
 2.38962990e+00  6.80370096e-03 
 2.39907354e+00  6.80926462e-03 
 2.40851717e+00  6.81482828e-03 
 2.41796081e+00  6.82039195e-03 
 2.42740444e+00  6.82595561e-03 
 2.43684807e+00  6.83151927e-03 
 2.44629171e+00  6.83708293e-03 
 2.45573534e+00  6.84264660e-03 
 2.46517897e+00  6.84821026e-03 
 2.47462261e+00  6.85377392e-03 
 2.48406624e+00  6.85933758e-03 
 2.49350988e+00  6.86490125e-03 
 2.50295351e+00  6.87046491e-03 
 2.51239714e+00  6.87602857e-03 
 2.52184078e+00  6.88159223e-03 
 2.53128441e+00  6.88715590e-03 
 2.54072804e+00  6.89271956e-03 
 2.55017168e+00  6.89828322e-03 
 2.55961531e+00  6.90384688e-03 
 2.56905895e+00  6.90941055e-03 
 2.57850258e+00  6.91497421e-03 
 2.58794621e+00  6.92053787e-03 
 2.59738985e+00  6.92610153e-03 
 2.60683348e+00  6.93166520e-03 
 2.61627711e+00  6.93722886e-03 
 2.62572075e+00  6.94279252e-03 
 2.63516438e+00  6.94835618e-03 
 2.64460802e+00  6.95391984e-03 
 2.65405165e+00  6.95948351e-03 
 2.66349528e+00  6.96504717e-03 
 2.67293892e+00  6.97061083e-03 
 2.68238255e+00  6.97617449e-03 
 2.69182618e+00  6.98173816e-03 
 2.70126982e+00  6.98730182e-03 
 2.71071345e+00  6.99286548e-03 
 2.72015709e+00  6.99842914e-03 
 2.72960072e+00  7.00399281e-03 
 2.73904435e+00  7.00955647e-03 
 2.74848799e+00  7.01512013e-03 
 2.75793162e+00  7.02068379e-03 
 2.76737525e+00  7.02624746e-03 
 2.77681889e+00  7.03181112e-03 
 2.78626252e+00  7.03737478e-03 
 2.79570616e+00  7.04293844e-03 
 2.80514979e+00  7.04850211e-03 
 2.81459342e+00  7.05406577e-03 
 2.82403706e+00  7.05962943e-03 
 2.83348069e+00  7.06519309e-03 
 2.84292432e+00  7.07075676e-03 
 2.85236796e+00  7.07632042e-03 
 2.86181159e+00  7.08188408e-03 
 2.87125523e+00  7.08744774e-03 
 2.88069886e+00  7.09301141e-03 
 2.89014249e+00  7.09857507e-03 
 2.89958613e+00  7.10413873e-03 
 2.90902976e+00  7.10970239e-03 
 2.91847339e+00  7.11526606e-03 
 2.92791703e+00  7.12082972e-03 
 2.93736066e+00  7.12639338e-03 
 2.94680430e+00  7.13195704e-03 
 2.95624793e+00  7.13752071e-03 
 2.96569156e+00  7.14308437e-03 
 2.97513520e+00  7.14864803e-03 
 2.98457883e+00  7.15421169e-03 
 2.99402246e+00  7.15977536e-03 
 3.00346610e+00  7.16533902e-03 
 3.01290973e+00  7.17090268e-03 
 3.02235337e+00  7.17646634e-03 
 3.03179700e+00  7.18203001e-03 
 3.04124063e+00  7.18759367e-03 
 3.05068427e+00  7.19315733e-03 
 3.06012790e+00  7.19872099e-03 
 3.06957153e+00  7.20428465e-03 
 3.07901517e+00  7.20984832e-03 
 3.08845880e+00  7.21541198e-03 
 3.09790244e+00  7.22097564e-03 
 3.10734607e+00  7.22653930e-03 
 3.11678970e+00  7.23210297e-03 
 3.12623334e+00  7.23766663e-03 
 3.13567697e+00  7.24323029e-03 
 3.14512060e+00  7.24879395e-03 
 3.15456424e+00  7.25435762e-03 
 3.16400787e+00  7.25992128e-03 
 3.17345151e+00  7.26548494e-03 
 3.18289514e+00  7.27104860e-03 
 3.19233877e+00  7.27661227e-03 
 3.20178241e+00  7.28217593e-03 
 3.21122604e+00  7.28773959e-03 
 3.22066967e+00  7.29330325e-03 
 3.23011331e+00  7.29886692e-03 
 3.23955694e+00  7.30443058e-03 
 3.24900058e+00  7.30999424e-03 
 3.25844421e+00  7.31555790e-03 
 3.26788784e+00  7.32112157e-03 
 3.27733148e+00  7.32668523e-03 
 3.28677511e+00  7.33224889e-03 
 3.29621874e+00  7.33781255e-03 
 3.30566238e+00  7.34337622e-03 
 3.31510601e+00  7.34893988e-03 
 3.32454965e+00  7.35450354e-03 
 3.33399328e+00  7.36006720e-03 
 3.34343691e+00  7.36563087e-03 
 3.35288055e+00  7.37119453e-03 
 3.36232418e+00  7.37675819e-03 
 3.37176781e+00  7.38232185e-03 
 3.38121145e+00  7.38788552e-03 
 3.39065508e+00  7.39344918e-03 
 3.40009872e+00  7.39901284e-03 
 3.40954235e+00  7.40457650e-03 
 3.41898598e+00  7.41014017e-03 
 3.42842962e+00  7.41570383e-03 
 3.43787325e+00  7.42126749e-03 
 3.44731688e+00  7.42683115e-03 
 3.45676052e+00  7.43239482e-03 
 3.46620415e+00  7.43795848e-03 
 3.47564779e+00  7.44352214e-03 
 3.48509142e+00  7.44908580e-03 
 3.49453505e+00  7.45464946e-03 
 3.50397869e+00  7.46021313e-03 
 3.51342232e+00  7.46577679e-03 
 3.52286595e+00  7.47134045e-03 
 3.53230959e+00  7.47690411e-03 
 3.54175322e+00  7.48246778e-03 
 3.55119686e+00  7.48803144e-03 
 3.56064049e+00  7.49359510e-03 
 3.57008412e+00  7.49915876e-03 
 3.57952776e+00  7.50472243e-03 
 3.58897139e+00  7.51028609e-03 
 3.59841502e+00  7.51584975e-03 
 3.60785866e+00  7.52141341e-03 
 3.61730229e+00  7.52697708e-03 
 3.62674593e+00  7.53254074e-03 
 3.63618956e+00  7.53810440e-03 
 3.64563319e+00  7.54366806e-03 
 3.65507683e+00  7.54923173e-03 
 3.66452046e+00  7.55479539e-03 
 3.67396409e+00  7.56035905e-03 
 3.68340773e+00  7.56592271e-03 
 3.69285136e+00  7.57148638e-03 
 3.70229500e+00  7.57705004e-03 
 3.71173863e+00  7.58261370e-03 
 3.72118226e+00  7.58817736e-03 
 3.73062590e+00  7.59374103e-03 
 3.74006953e+00  7.59930469e-03 
 3.74951316e+00  7.60486835e-03 
 3.75895680e+00  7.61043201e-03 
 3.76840043e+00  7.61599568e-03 
 3.77784407e+00  7.62155934e-03 
 3.78728770e+00  7.62712300e-03 
 3.79673133e+00  7.63268666e-03 
 3.80617497e+00  7.63825033e-03 
 3.81561860e+00  7.64381399e-03 
 3.82506223e+00  7.64937765e-03 
 3.83450587e+00  7.65494131e-03 
 3.84394950e+00  7.66050498e-03 
 3.85339314e+00  7.66606864e-03 
 3.86283677e+00  7.67163230e-03 
 3.87228040e+00  7.67719596e-03 
 3.88172404e+00  7.68275963e-03 
 3.89116767e+00  7.68832329e-03 
 3.90061130e+00  7.69388695e-03 
 3.91005494e+00  7.69945061e-03 
 3.91949857e+00  7.70501428e-03 
 3.92894221e+00  7.71057794e-03 
 3.93838584e+00  7.71614160e-03 
 3.94782947e+00  7.72170526e-03 
 3.95727311e+00  7.72726893e-03 
 3.96671674e+00  7.73283259e-03 
 3.97616038e+00  7.73839625e-03 
 3.98560401e+00  7.74395991e-03 
 3.99504764e+00  7.74952357e-03 
 4.00449128e+00  7.75508724e-03 
 4.01393491e+00  7.76065090e-03 
 4.02337854e+00  7.76621456e-03 
 4.03282218e+00  7.77177822e-03 
 4.04226581e+00  7.77734189e-03 
 4.05170945e+00  7.78290555e-03 
 4.06115308e+00  7.78846921e-03 
 4.07059671e+00  7.79403287e-03 
 4.08004035e+00  7.79959654e-03 
 4.08948398e+00  7.80516020e-03 
 4.09892761e+00  7.81072386e-03 
 4.10837125e+00  7.81628752e-03 
 4.11781488e+00  7.82185119e-03 
 4.12725852e+00  7.82741485e-03 
 4.13670215e+00  7.83297851e-03 
 4.14614578e+00  7.83854217e-03 
 4.15558942e+00  7.84410584e-03 
 4.16503305e+00  7.84966950e-03 
 4.17447668e+00  7.85523316e-03 
 4.18392032e+00  7.86079682e-03 
 4.19336395e+00  7.86636049e-03 
 4.20280759e+00  7.87192415e-03 
 4.21225122e+00  7.87748781e-03 
 4.22169485e+00  7.88305147e-03 
 4.23113849e+00  7.88861514e-03 
 4.24058212e+00  7.89417880e-03 
 4.25002575e+00  7.89974246e-03 
 4.25946939e+00  7.90530612e-03 
 4.26891302e+00  7.91086979e-03 
 4.27835666e+00  7.91643345e-03 
 4.28780029e+00  7.92199711e-03 
 4.29724392e+00  7.92756077e-03 
 4.30668756e+00  7.93312444e-03 
 4.31613119e+00  7.93868810e-03 
 4.32557482e+00  7.94425176e-03 
 4.33501846e+00  7.94981542e-03 
 4.34446209e+00  7.95537909e-03 
 4.35390573e+00  7.96094275e-03 
 4.36334936e+00  7.96650641e-03 
 4.37279299e+00  7.97207007e-03 
 4.38223663e+00  7.97763374e-03 
 4.39168026e+00  7.98319740e-03 
 4.40112389e+00  7.98876106e-03 
 4.41056753e+00  7.99432472e-03 
 4.42001116e+00  7.99988839e-03 
 4.42945480e+00  8.00545205e-03 
 4.43889843e+00  8.01101571e-03 
 4.44834206e+00  8.01657937e-03 
 4.45778570e+00  8.02214304e-03 
 4.46722933e+00  8.02770670e-03 
 4.47667296e+00  8.03327036e-03 
 4.48611660e+00  8.03883402e-03 
 4.49556023e+00  8.04439768e-03 
 4.50500387e+00  8.04996135e-03 
 4.51444750e+00  8.05552501e-03 
 4.52389113e+00  8.06108867e-03 
 4.53333477e+00  8.06665233e-03 
 4.54277840e+00  8.07221600e-03 
 4.55222203e+00  8.07777966e-03 
 4.56166567e+00  8.08334332e-03 
 4.57110930e+00  8.08890698e-03 
 4.58055294e+00  8.09447065e-03 
 4.58999657e+00  8.10003431e-03 
 4.59944020e+00  8.10559797e-03 
 4.60888384e+00  8.11116163e-03 
 4.61832747e+00  8.11672530e-03 
 4.62777110e+00  8.12228896e-03 
 4.63721474e+00  8.12785262e-03 
 4.64665837e+00  8.13341628e-03 
 4.65610201e+00  8.13897995e-03 
 4.66554564e+00  8.14454361e-03 
 4.67498927e+00  8.15010727e-03 
 4.68443291e+00  8.15567093e-03 
 4.69387654e+00  8.16123460e-03 
 4.70332017e+00  8.16679826e-03 
 4.71276381e+00  8.17236192e-03 
 4.72220744e+00  8.17792558e-03 
 4.73165108e+00  8.18348925e-03 
 4.74109471e+00  8.18905291e-03 
 4.75053834e+00  8.19461657e-03 
 4.75998198e+00  8.20018023e-03 
 4.76942561e+00  8.20574390e-03 
 4.77886924e+00  8.21130756e-03 
 4.78831288e+00  8.21687122e-03 
 4.79775651e+00  8.22243488e-03 
 4.80720015e+00  8.22799855e-03 
 4.81664378e+00  8.23356221e-03 
 4.82608741e+00  8.23912587e-03 
 4.83553105e+00  8.24468953e-03 
 4.84497468e+00  8.25025320e-03 
 4.85441831e+00  8.25581686e-03 
 4.86386195e+00  8.26138052e-03 
 4.87330558e+00  8.26694418e-03 
 4.88274922e+00  8.27250785e-03 
 4.89219285e+00  8.27807151e-03 
 4.90163648e+00  8.28363517e-03 
 4.91108012e+00  8.28919883e-03 
 4.92052375e+00  8.29476250e-03 
 4.92996738e+00  8.30032616e-03 
 4.93941102e+00  8.30588982e-03 
 4.94885465e+00  8.31145348e-03 
 4.95829829e+00  8.31701715e-03 
 4.96774192e+00  8.32258081e-03 
 4.97718555e+00  8.32814447e-03 
 4.98662919e+00  8.33370813e-03 
 4.99607282e+00  8.33927180e-03 
 5.00551645e+00  8.34483546e-03 
 5.01496009e+00  8.35039912e-03 
 5.02440372e+00  8.35596278e-03 
 5.03384736e+00  8.36152645e-03 
 5.04329099e+00  8.36709011e-03 
 5.05273462e+00  8.37265377e-03 
 5.06217826e+00  8.37821743e-03 
 5.07162189e+00  8.38378110e-03 
 5.08106552e+00  8.38934476e-03 
 5.09050916e+00  8.39490842e-03 
 5.09995279e+00  8.40047208e-03 
 5.10939643e+00  8.40603574e-03 
 5.11884006e+00  8.41159941e-03 
 5.12828369e+00  8.41716307e-03 
 5.13772733e+00  8.42272673e-03 
 5.14717096e+00  8.42829039e-03 
 5.15661459e+00  8.43385406e-03 
 5.16605823e+00  8.43941772e-03 
 5.17550186e+00  8.44498138e-03 
 5.18494550e+00  8.45054504e-03 
 5.19438913e+00  8.45610871e-03 
 5.20383276e+00  8.46167237e-03 
 5.21327640e+00  8.46723603e-03 
 5.22272003e+00  8.47279969e-03 
 5.23216366e+00  8.47836336e-03 
 5.24160730e+00  8.48392702e-03 
 5.25105093e+00  8.48949068e-03 
 5.26049457e+00  8.49505434e-03 
 5.26993820e+00  8.50061801e-03 
 5.27938183e+00  8.50618167e-03 
 5.28882547e+00  8.51174533e-03 
 5.29826910e+00  8.51730899e-03 
 5.30771273e+00  8.52287266e-03 
 5.31715637e+00  8.52843632e-03 
 5.32660000e+00  8.53399998e-03 
 5.33604364e+00  8.53956364e-03 
 5.34548727e+00  8.54512731e-03 
 5.35493090e+00  8.55069097e-03 
 5.36437454e+00  8.55625463e-03 
 5.37381817e+00  8.56181829e-03 
 5.38326180e+00  8.56738196e-03 
 5.39270544e+00  8.57294562e-03 
 5.40214907e+00  8.57850928e-03 
 5.41159271e+00  8.58407294e-03 
 5.42103634e+00  8.58963661e-03 
 5.43047997e+00  8.59520027e-03 
 5.43992361e+00  8.60076393e-03 
 5.44936724e+00  8.60632759e-03 
 5.45881087e+00  8.61189126e-03 
 5.46825451e+00  8.61745492e-03 
 5.47769814e+00  8.62301858e-03 
 5.48714178e+00  8.62858224e-03 
 5.49658541e+00  8.63414591e-03 
 5.50602904e+00  8.63970957e-03 
 5.51547268e+00  8.64527323e-03 
 5.52491631e+00  8.65083689e-03 
 5.53435994e+00  8.65640056e-03 
 5.54380358e+00  8.66196422e-03 
 5.55324721e+00  8.66752788e-03 
 5.56269085e+00  8.67309154e-03 
 5.57213448e+00  8.67865521e-03 
 5.58157811e+00  8.68421887e-03 
 5.59102175e+00  8.68978253e-03 
 5.60046538e+00  8.69534619e-03 
 5.60990901e+00  8.70090986e-03 
 5.61935265e+00  8.70647352e-03 
 5.62879628e+00  8.71203718e-03 
 5.63823992e+00  8.71760084e-03 
 5.64768355e+00  8.72316451e-03 
 5.65712718e+00  8.72872817e-03 
 5.66657082e+00  8.73429183e-03 
 5.67601445e+00  8.73985549e-03 
 5.68545808e+00  8.74541916e-03 
 5.69490172e+00  8.75098282e-03 
 5.70434535e+00  8.75654648e-03 
 5.71378899e+00  8.76211014e-03 
 5.72323262e+00  8.76767381e-03 
 5.73267625e+00  8.77323747e-03 
 5.74211989e+00  8.77880113e-03 
 5.75156352e+00  8.78436479e-03 
 5.76100715e+00  8.78992845e-03 
 5.77045079e+00  8.79549212e-03 
 5.77989442e+00  8.80105578e-03 
 5.78933806e+00  8.80661944e-03 
 5.79878169e+00  8.81218310e-03 
 5.80822532e+00  8.81774677e-03 
 5.81766896e+00  8.82331043e-03 
 5.82711259e+00  8.82887409e-03 
 5.83655622e+00  8.83443775e-03 
 5.84599986e+00  8.84000142e-03 
 5.85544349e+00  8.84556508e-03 
 5.86488713e+00  8.85112874e-03 
 5.87433076e+00  8.85669240e-03 
 5.88377439e+00  8.86225607e-03 
 5.89321803e+00  8.86781973e-03 
 5.90266166e+00  8.87338339e-03 
 5.91210529e+00  8.87894705e-03 
 5.92154893e+00  8.88451072e-03 
 5.93099256e+00  8.89007438e-03 
 5.94043620e+00  8.89563804e-03 
 5.94987983e+00  8.90120170e-03 
 5.95932346e+00  8.90676537e-03 
 5.96876710e+00  8.91232903e-03 
 5.97821073e+00  8.91789269e-03 
 5.98765436e+00  8.92345635e-03 
 5.99709800e+00  8.92902002e-03 
 6.00654163e+00  8.93458368e-03 
 6.01598527e+00  8.94014734e-03 
 6.02542890e+00  8.94571100e-03 
 6.03487253e+00  8.95127467e-03 
 6.04431617e+00  8.95683833e-03 
 6.05375980e+00  8.96240199e-03 
 6.06320343e+00  8.96796565e-03 
 6.07264707e+00  8.97352932e-03 
 6.08209070e+00  8.97909298e-03 
 6.09153434e+00  8.98465664e-03 
 6.10097797e+00  8.99022030e-03 
 6.11042160e+00  8.99578397e-03 
 6.11986524e+00  9.00134763e-03 
 6.12930887e+00  9.00691129e-03 
 6.13875250e+00  9.01247495e-03 
 6.14819614e+00  9.01803862e-03 
 6.15763977e+00  9.02360228e-03 
 6.16708341e+00  9.02916594e-03 
 6.17652704e+00  9.03472960e-03 
 6.18597067e+00  9.04029327e-03 
 6.19541431e+00  9.04585693e-03 
 6.20485794e+00  9.05142059e-03 
 6.21430157e+00  9.05698425e-03 
 6.22374521e+00  9.06254792e-03 
 6.23318884e+00  9.06811158e-03 
 6.24263248e+00  9.07367524e-03 
 6.25207611e+00  9.07923890e-03 
 6.26151974e+00  9.08480257e-03 
 6.27096338e+00  9.09036623e-03 
 6.28040701e+00  9.09592989e-03 
 6.28985064e+00  9.10149355e-03 
 6.29929428e+00  9.10705722e-03 
 6.30873791e+00  9.11262088e-03 
 6.31818155e+00  9.11818454e-03 
 6.32762518e+00  9.12374820e-03 
 6.33706881e+00  9.12931187e-03 
 6.34651245e+00  9.13487553e-03 
 6.35595608e+00  9.14043919e-03 
 6.36539971e+00  9.14600285e-03 
 6.37484335e+00  9.15156652e-03 
 6.38428698e+00  9.15713018e-03 
 6.39373062e+00  9.16269384e-03 
 6.40317425e+00  9.16825750e-03 
 6.41261788e+00  9.17382117e-03 
 6.42206152e+00  9.17938483e-03 
 6.43150515e+00  9.18494849e-03 
 6.44094878e+00  9.19051215e-03 
 6.45039242e+00  9.19607582e-03 
 6.45983605e+00  9.20163948e-03 
 6.46927969e+00  9.20720314e-03 
 6.47872332e+00  9.21276680e-03 
 6.48816695e+00  9.21833047e-03 
 6.49761059e+00  9.22389413e-03 
 6.50705422e+00  9.22945779e-03 
 6.51649785e+00  9.23502145e-03 
 6.52594149e+00  9.24058511e-03 
 6.53538512e+00  9.24614878e-03 
 6.54482876e+00  9.25171244e-03 
 6.55427239e+00  9.25727610e-03 
 6.56371602e+00  9.26283976e-03 
 6.57315966e+00  9.26840343e-03 
 6.58260329e+00  9.27396709e-03 
 6.59204692e+00  9.27953075e-03 
 6.60149056e+00  9.28509441e-03 
 6.61093419e+00  9.29065808e-03 
 6.62037783e+00  9.29622174e-03 
 6.62982146e+00  9.30178540e-03 
 6.63926509e+00  9.30734906e-03 
 6.64870873e+00  9.31291273e-03 
 6.65815236e+00  9.31847639e-03 
 6.66759599e+00  9.32404005e-03 
 6.67703963e+00  9.32960371e-03 
 6.68648326e+00  9.33516738e-03 
 6.69592690e+00  9.34073104e-03 
 6.70537053e+00  9.34629470e-03 
 6.71481416e+00  9.35185836e-03 
 6.72425780e+00  9.35742203e-03 
 6.73370143e+00  9.36298569e-03 
 6.74314506e+00  9.36854935e-03 
 6.75258870e+00  9.37411301e-03 
 6.76203233e+00  9.37967668e-03 
 6.77147597e+00  9.38524034e-03 
 6.78091960e+00  9.39080400e-03 
 6.79036323e+00  9.39636766e-03 
 6.79980687e+00  9.40193133e-03 
 6.80925050e+00  9.40749499e-03 
 6.81869413e+00  9.41305865e-03 
 6.82813777e+00  9.41862231e-03 
 6.83758140e+00  9.42418598e-03 
 6.84702504e+00  9.42974964e-03 
 6.85646867e+00  9.43531330e-03 
 6.86591230e+00  9.44087696e-03 
 6.87535594e+00  9.44644063e-03 
 6.88479957e+00  9.45200429e-03 
 6.89424320e+00  9.45756795e-03 
 6.90368684e+00  9.46313161e-03 
 6.91313047e+00  9.46869528e-03 
 6.92257411e+00  9.47425894e-03 
 6.93201774e+00  9.47982260e-03 
 6.94146137e+00  9.48538626e-03 
 6.95090501e+00  9.49094993e-03 
 6.96034864e+00  9.49651359e-03 
 6.96979227e+00  9.50207725e-03 
 6.97923591e+00  9.50764091e-03 
 6.98867954e+00  9.51320458e-03 
 6.99812318e+00  9.51876824e-03 
 7.00756681e+00  9.52433190e-03 
 7.01701044e+00  9.52989556e-03 
 7.02645408e+00  9.53545923e-03 
 7.03589771e+00  9.54102289e-03 
 7.04534134e+00  9.54658655e-03 
 7.05478498e+00  9.55215021e-03 
 7.06422861e+00  9.55771388e-03 
 7.07367225e+00  9.56327754e-03 
 7.08311588e+00  9.56884120e-03 
 7.09255951e+00  9.57440486e-03 
 7.10200315e+00  9.57996853e-03 
 7.11144678e+00  9.58553219e-03 
 7.12089041e+00  9.59109585e-03 
 7.13033405e+00  9.59665951e-03 
 7.13977768e+00  9.60222318e-03 
 7.14922132e+00  9.60778684e-03 
 7.15866495e+00  9.61335050e-03 
 7.16810858e+00  9.61891416e-03 
 7.17755222e+00  9.62447783e-03 
 7.18699585e+00  9.63004149e-03 
 7.19643948e+00  9.63560515e-03 
 7.20588312e+00  9.64116881e-03 
 7.21532675e+00  9.64673248e-03 
 7.22477039e+00  9.65229614e-03 
 7.23421402e+00  9.65785980e-03 
 7.24365765e+00  9.66342346e-03 
 7.25310129e+00  9.66898713e-03 
 7.26254492e+00  9.67455079e-03 
 7.27198855e+00  9.68011445e-03 
 7.28143219e+00  9.68567811e-03 
 7.29087582e+00  9.69124178e-03 
 7.30031946e+00  9.69680544e-03 
 7.30976309e+00  9.70236910e-03 
 7.31920672e+00  9.70793276e-03 
 7.32865036e+00  9.71349643e-03 
 7.33809399e+00  9.71906009e-03 
 7.34753762e+00  9.72462375e-03 
 7.35698126e+00  9.73018741e-03 
 7.36642489e+00  9.73575108e-03 
 7.37586853e+00  9.74131474e-03 
 7.38531216e+00  9.74687840e-03 
 7.39475579e+00  9.75244206e-03 
 7.40419943e+00  9.75800573e-03 
 7.41364306e+00  9.76356939e-03 
 7.42308669e+00  9.76913305e-03 
 7.43253033e+00  9.77469671e-03 
 7.44197396e+00  9.78026038e-03 
 7.45141760e+00  9.78582404e-03 
 7.46086123e+00  9.79138770e-03 
 7.47030486e+00  9.79695136e-03 
 7.47974850e+00  9.80251503e-03 
 7.48919213e+00  9.80807869e-03 
 7.49863577e+00  9.81364235e-03 
 7.50807940e+00  9.81920601e-03 
 7.51752303e+00  9.82476967e-03 
 7.52696667e+00  9.83033334e-03 
 7.53641030e+00  9.83589700e-03 
 7.54585393e+00  9.84146066e-03 
 7.55529757e+00  9.84702432e-03 
 7.56474120e+00  9.85258799e-03 
 7.57418484e+00  9.85815165e-03 
 7.58362847e+00  9.86371531e-03 
 7.59307210e+00  9.86927897e-03 
 7.60251574e+00  9.87484264e-03 
 7.61195937e+00  9.88040630e-03 
 7.62140300e+00  9.88596996e-03 
 7.63084664e+00  9.89153362e-03 
 7.64029027e+00  9.89709729e-03 
 7.64973391e+00  9.90266095e-03 
 7.65917754e+00  9.90822461e-03 
 7.66862117e+00  9.91378827e-03 
 7.67806481e+00  9.91935194e-03 
 7.68750844e+00  9.92491560e-03 
 7.69695207e+00  9.93047926e-03 
 7.70639571e+00  9.93604292e-03 
 7.71583934e+00  9.94160659e-03 
 7.72528298e+00  9.94717025e-03 
 7.73472661e+00  9.95273391e-03 
 7.74417024e+00  9.95829757e-03 
 7.75361388e+00  9.96386124e-03 
 7.76305751e+00  9.96942490e-03 
 7.77250114e+00  9.97498856e-03 
 7.78194478e+00  9.98055222e-03 
 7.79138841e+00  9.98611589e-03 
 7.80083205e+00  9.99167955e-03 
 7.81027568e+00  9.99724321e-03 
 7.81971931e+00  1.00028069e-02 
 7.82916295e+00  1.00083705e-02 
 7.83860658e+00  1.00139342e-02 
 7.84805021e+00  1.00194979e-02 
 7.85749385e+00  1.00250615e-02 
 7.86693748e+00  1.00306252e-02 
 7.87638112e+00  1.00361888e-02 
 7.88582475e+00  1.00417525e-02 
 7.89526838e+00  1.00473162e-02 
 7.90471202e+00  1.00528798e-02 
 7.91415565e+00  1.00584435e-02 
 7.92359928e+00  1.00640072e-02 
 7.93304292e+00  1.00695708e-02 
 7.94248655e+00  1.00751345e-02 
 7.95193019e+00  1.00806981e-02 
 7.96137382e+00  1.00862618e-02 
 7.97081745e+00  1.00918255e-02 
 7.98026109e+00  1.00973891e-02 
 7.98970472e+00  1.01029528e-02 
 7.99914835e+00  1.01085165e-02 
 8.00859199e+00  1.01140801e-02 
 8.01803562e+00  1.01196438e-02 
 8.02747926e+00  1.01252074e-02 
 8.03692289e+00  1.01307711e-02 
 8.04636652e+00  1.01363348e-02 
 8.05581016e+00  1.01418984e-02 
 8.06525379e+00  1.01474621e-02 
 8.07469742e+00  1.01530258e-02 
 8.08414106e+00  1.01585894e-02 
 8.09358469e+00  1.01641531e-02 
 8.10302833e+00  1.01697167e-02 
 8.11247196e+00  1.01752804e-02 
 8.12191559e+00  1.01808441e-02 
 8.13135923e+00  1.01864077e-02 
 8.14080286e+00  1.01919714e-02 
 8.15024649e+00  1.01975351e-02 
 8.15969013e+00  1.02030987e-02 
 8.16913376e+00  1.02086624e-02 
 8.17857740e+00  1.02142260e-02 
 8.18802103e+00  1.02197897e-02 
 8.19746466e+00  1.02253534e-02 
 8.20690830e+00  1.02309170e-02 
 8.21635193e+00  1.02364807e-02 
 8.22579556e+00  1.02420444e-02 
 8.23523920e+00  1.02476080e-02 
 8.24468283e+00  1.02531717e-02 
 8.25412647e+00  1.02587353e-02 
 8.26357010e+00  1.02642990e-02 
 8.27301373e+00  1.02698627e-02 
 8.28245737e+00  1.02754263e-02 
 8.29190100e+00  1.02809900e-02 
 8.30134463e+00  1.02865537e-02 
 8.31078827e+00  1.02921173e-02 
 8.32023190e+00  1.02976810e-02 
 8.32967554e+00  1.03032446e-02 
 8.33911917e+00  1.03088083e-02 
 8.34856280e+00  1.03143720e-02 
 8.35800644e+00  1.03199356e-02 
 8.36745007e+00  1.03254993e-02 
 8.37689370e+00  1.03310630e-02 
 8.38633734e+00  1.03366266e-02 
 8.39578097e+00  1.03421903e-02 
 8.40522461e+00  1.03477539e-02 
 8.41466824e+00  1.03533176e-02 
 8.42411187e+00  1.03588813e-02 
 8.43355551e+00  1.03644449e-02 
 8.44299914e+00  1.03700086e-02 
 8.45244277e+00  1.03755723e-02 
 8.46188641e+00  1.03811359e-02 
 8.47133004e+00  1.03866996e-02 
 8.48077368e+00  1.03922632e-02 
 8.49021731e+00  1.03978269e-02 
 8.49966094e+00  1.04033906e-02 
 8.50910458e+00  1.04089542e-02 
 8.51854821e+00  1.04145179e-02 
 8.52799184e+00  1.04200816e-02 
 8.53743548e+00  1.04256452e-02 
 8.54687911e+00  1.04312089e-02 
 8.55632275e+00  1.04367725e-02 
 8.56576638e+00  1.04423362e-02 
 8.57521001e+00  1.04478999e-02 
 8.58465365e+00  1.04534635e-02 
 8.59409728e+00  1.04590272e-02 
 8.60354091e+00  1.04645909e-02 
 8.61298455e+00  1.04701545e-02 
 8.62242818e+00  1.04757182e-02 
 8.63187182e+00  1.04812818e-02 
 8.64131545e+00  1.04868455e-02 
 8.65075908e+00  1.04924092e-02 
 8.66020272e+00  1.04979728e-02 
 8.66964635e+00  1.05035365e-02 
 8.67908998e+00  1.05091002e-02 
 8.68853362e+00  1.05146638e-02 
 8.69797725e+00  1.05202275e-02 
 8.70742089e+00  1.05257911e-02 
 8.71686452e+00  1.05313548e-02 
 8.72630815e+00  1.05369185e-02 
 8.73575179e+00  1.05424821e-02 
 8.74519542e+00  1.05480458e-02 
 8.75463905e+00  1.05536095e-02 
 8.76408269e+00  1.05591731e-02 
 8.77352632e+00  1.05647368e-02 
 8.78296996e+00  1.05703004e-02 
 8.79241359e+00  1.05758641e-02 
 8.80185722e+00  1.05814278e-02 
 8.81130086e+00  1.05869914e-02 
 8.82074449e+00  1.05925551e-02 
 8.83018812e+00  1.05981188e-02 
 8.83963176e+00  1.06036824e-02 
 8.84907539e+00  1.06092461e-02 
 8.85851903e+00  1.06148097e-02 
 8.86796266e+00  1.06203734e-02 
 8.87740629e+00  1.06259371e-02 
 8.88684993e+00  1.06315007e-02 
 8.89629356e+00  1.06370644e-02 
 8.90573719e+00  1.06426281e-02 
 8.91518083e+00  1.06481917e-02 
 8.92462446e+00  1.06537554e-02 
 8.93406810e+00  1.06593190e-02 
 8.94351173e+00  1.06648827e-02 
 8.95295536e+00  1.06704464e-02 
 8.96239900e+00  1.06760100e-02 
 8.97184263e+00  1.06815737e-02 
 8.98128626e+00  1.06871374e-02 
 8.99072990e+00  1.06927010e-02 
 9.00017353e+00  1.06982647e-02 
 9.00961717e+00  1.07038283e-02 
 9.01906080e+00  1.07093920e-02 
 9.02850443e+00  1.07149557e-02 
 9.03794807e+00  1.07205193e-02 
 9.04739170e+00  1.07260830e-02 
 9.05683533e+00  1.07316467e-02 
 9.06627897e+00  1.07372103e-02 
 9.07572260e+00  1.07427740e-02 
 9.08516624e+00  1.07483376e-02 
 9.09460987e+00  1.07539013e-02 
 9.10405350e+00  1.07594650e-02 
 9.11349714e+00  1.07650286e-02 
 9.12294077e+00  1.07705923e-02 
 9.13238440e+00  1.07761560e-02 
 9.14182804e+00  1.07817196e-02 
 9.15127167e+00  1.07872833e-02 
 9.16071531e+00  1.07928469e-02 
 9.17015894e+00  1.07984106e-02 
 9.17960257e+00  1.08039743e-02 
 9.18904621e+00  1.08095379e-02 
 9.19848984e+00  1.08151016e-02 
 9.20793347e+00  1.08206653e-02 
 9.21737711e+00  1.08262289e-02 
 9.22682074e+00  1.08317926e-02 
 9.23626438e+00  1.08373562e-02 
 9.24570801e+00  1.08429199e-02 
 9.25515164e+00  1.08484836e-02 
 9.26459528e+00  1.08540472e-02 
 9.27403891e+00  1.08596109e-02 
 9.28348254e+00  1.08651746e-02 
 9.29292618e+00  1.08707382e-02 
 9.30236981e+00  1.08763019e-02 
 9.31181345e+00  1.08818655e-02 
 9.32125708e+00  1.08874292e-02 
 9.33070071e+00  1.08929929e-02 
 9.34014435e+00  1.08985565e-02 
 9.34958798e+00  1.09041202e-02 
 9.35903161e+00  1.09096839e-02 
 9.36847525e+00  1.09152475e-02 
 9.37791888e+00  1.09208112e-02 
 9.38736252e+00  1.09263748e-02 
 9.39680615e+00  1.09319385e-02 
 9.40624978e+00  1.09375022e-02 
 9.41569342e+00  1.09430658e-02 
 9.42513705e+00  1.09486295e-02 
 9.43458068e+00  1.09541932e-02 
 9.44402432e+00  1.09597568e-02 
 9.45346795e+00  1.09653205e-02 
 9.46291159e+00  1.09708841e-02 
 9.47235522e+00  1.09764478e-02 
 9.48179885e+00  1.09820115e-02 
 9.49124249e+00  1.09875751e-02 
 9.50068612e+00  1.09931388e-02 
 9.51012975e+00  1.09987025e-02 
 9.51957339e+00  1.10042661e-02 
 9.52901702e+00  1.10098298e-02 
 9.53846066e+00  1.10153934e-02 
 9.54790429e+00  1.10209571e-02 
 9.55734792e+00  1.10265208e-02 
 9.56679156e+00  1.10320844e-02 
 9.57623519e+00  1.10376481e-02 
 9.58567882e+00  1.10432118e-02 
 9.59512246e+00  1.10487754e-02 
 9.60456609e+00  1.10543391e-02 
 9.61400973e+00  1.10599027e-02 
 9.62345336e+00  1.10654664e-02 
 9.63289699e+00  1.10710301e-02 
 9.64234063e+00  1.10765937e-02 
 9.65178426e+00  1.10821574e-02 
 9.66122789e+00  1.10877211e-02 
 9.67067153e+00  1.10932847e-02 
 9.68011516e+00  1.10988484e-02 
 9.68955880e+00  1.11044120e-02 
 9.69900243e+00  1.11099757e-02 
 9.70844606e+00  1.11155394e-02 
 9.71788970e+00  1.11211030e-02 
 9.72733333e+00  1.11266667e-02 
 9.73677696e+00  1.11322304e-02 
 9.74622060e+00  1.11377940e-02 
 9.75566423e+00  1.11433577e-02 
 9.76510787e+00  1.11489213e-02 
 9.77455150e+00  1.11544850e-02 
 9.78399513e+00  1.11600487e-02 
 9.79343877e+00  1.11656123e-02 
 9.80288240e+00  1.11711760e-02 
 9.81232603e+00  1.11767397e-02 
 9.82176967e+00  1.11823033e-02 
 9.83121330e+00  1.11878670e-02 
 9.84065694e+00  1.11934306e-02 
 9.85010057e+00  1.11989943e-02 
 9.85954420e+00  1.12045580e-02 
 9.86898784e+00  1.12101216e-02 
 9.87843147e+00  1.12156853e-02 
 9.88787510e+00  1.12212490e-02 
 9.89731874e+00  1.12268126e-02 
 9.90676237e+00  1.12323763e-02 
 9.91620601e+00  1.12379399e-02 
 9.92564964e+00  1.12435036e-02 
 9.93509327e+00  1.12490673e-02 
 9.94453691e+00  1.12546309e-02 
 9.95398054e+00  1.12601946e-02 
 9.96342417e+00  1.12657583e-02 
 9.97286781e+00  1.12713219e-02 
 9.98231144e+00  1.12768856e-02 
 9.99175508e+00  1.12824492e-02 
 1.00011987e+01  1.12880129e-02 
 1.00106423e+01  1.12935766e-02 
 1.00200860e+01  1.12991402e-02 
 1.00295296e+01  1.13047039e-02 
 1.00389732e+01  1.13102676e-02 
 1.00484169e+01  1.13158312e-02 
 1.00578605e+01  1.13213949e-02 
 1.00673041e+01  1.13269585e-02 
 1.00767478e+01  1.13325222e-02 
 1.00861914e+01  1.13380859e-02 
 1.00956350e+01  1.13436495e-02 
 1.01050787e+01  1.13492132e-02 
 1.01145223e+01  1.13547769e-02 
 1.01239659e+01  1.13603405e-02 
 1.01334096e+01  1.13659042e-02 
 1.01428532e+01  1.13714678e-02 
 1.01522968e+01  1.13770315e-02 
 1.01617405e+01  1.13825952e-02 
 1.01711841e+01  1.13881588e-02 
 1.01806278e+01  1.13937225e-02 
 1.01900714e+01  1.13992862e-02 
 1.01995150e+01  1.14048498e-02 
 1.02089587e+01  1.14104135e-02 
 1.02184023e+01  1.14159771e-02 
 1.02278459e+01  1.14215408e-02 
 1.02372896e+01  1.14271045e-02 
 1.02467332e+01  1.14326681e-02 
 1.02561768e+01  1.14382318e-02 
 1.02656205e+01  1.14437955e-02 
 1.02750641e+01  1.14493591e-02 
 1.02845077e+01  1.14549228e-02 
 1.02939514e+01  1.14604864e-02 
 1.03033950e+01  1.14660501e-02 
 1.03128386e+01  1.14716138e-02 
 1.03222823e+01  1.14771774e-02 
 1.03317259e+01  1.14827411e-02 
 1.03411695e+01  1.14883048e-02 
 1.03506132e+01  1.14938684e-02 
 1.03600568e+01  1.14994321e-02 
 1.03695004e+01  1.15049957e-02 
 1.03789441e+01  1.15105594e-02 
 1.03883877e+01  1.15161231e-02 
 1.03978313e+01  1.15216867e-02 
 1.04072750e+01  1.15272504e-02 
 1.04167186e+01  1.15328141e-02 
 1.04261622e+01  1.15383777e-02 
 1.04356059e+01  1.15439414e-02 
 1.04450495e+01  1.15495050e-02 
 1.04544931e+01  1.15550687e-02 
 1.04639368e+01  1.15606324e-02 
 1.04733804e+01  1.15661960e-02 
 1.04828240e+01  1.15717597e-02 
 1.04922677e+01  1.15773234e-02 
 1.05017113e+01  1.15828870e-02 
 1.05111549e+01  1.15884507e-02 
 1.05205986e+01  1.15940143e-02 
 1.05300422e+01  1.15995780e-02 
 1.05394858e+01  1.16051417e-02 
 1.05489295e+01  1.16107053e-02 
 1.05583731e+01  1.16162690e-02 
 1.05678167e+01  1.16218327e-02 
 1.05772604e+01  1.16273963e-02 
 1.05867040e+01  1.16329600e-02 
 1.05961476e+01  1.16385236e-02 
 1.06055913e+01  1.16440873e-02 
 1.06150349e+01  1.16496510e-02 
 1.06244785e+01  1.16552146e-02 
 1.06339222e+01  1.16607783e-02 
 1.06433658e+01  1.16663420e-02 
 1.06528094e+01  1.16719056e-02 
 1.06622531e+01  1.16774693e-02 
 1.06716967e+01  1.16830329e-02 
 1.06811403e+01  1.16885966e-02 
 1.06905840e+01  1.16941603e-02 
 1.07000276e+01  1.16997239e-02 
 1.07094712e+01  1.17052876e-02 
 1.07189149e+01  1.17108513e-02 
 1.07283585e+01  1.17164149e-02 
 1.07378021e+01  1.17219786e-02 
 1.07472458e+01  1.17275422e-02 
 1.07566894e+01  1.17331059e-02 
 1.07661330e+01  1.17386696e-02 
 1.07755767e+01  1.17442332e-02 
 1.07850203e+01  1.17497969e-02 
 1.07944639e+01  1.17553606e-02 
 1.08039076e+01  1.17609242e-02 
 1.08133512e+01  1.17664879e-02 
 1.08227948e+01  1.17720515e-02 
 1.08322385e+01  1.17776152e-02 
 1.08416821e+01  1.17831789e-02 
 1.08511257e+01  1.17887425e-02 
 1.08605694e+01  1.17943062e-02 
 1.08700130e+01  1.17998699e-02 
 1.08794566e+01  1.18054335e-02 
 1.08889003e+01  1.18109972e-02 
 1.08983439e+01  1.18165608e-02 
 1.09077875e+01  1.18221245e-02 
 1.09172312e+01  1.18276882e-02 
 1.09266748e+01  1.18332518e-02 
 1.09361185e+01  1.18388155e-02 
 1.09455621e+01  1.18443792e-02 
 1.09550057e+01  1.18499428e-02 
 1.09644494e+01  1.18555065e-02 
 1.09738930e+01  1.18610701e-02 
 1.09833366e+01  1.18666338e-02 
 1.09927803e+01  1.18721975e-02 
 1.10022239e+01  1.18777611e-02 
 1.10116675e+01  1.18833248e-02 
 1.10211112e+01  1.18888885e-02 
 1.10305548e+01  1.18944521e-02 
 1.10399984e+01  1.19000158e-02 
 1.10494421e+01  1.19055794e-02 
 1.10588857e+01  1.19111431e-02 
 1.10683293e+01  1.19167068e-02 
 1.10777730e+01  1.19222704e-02 
 1.10872166e+01  1.19278341e-02 
 1.10966602e+01  1.19333978e-02 
 1.11061039e+01  1.19389614e-02 
 1.11155475e+01  1.19445251e-02 
 1.11249911e+01  1.19500887e-02 
 1.11344348e+01  1.19556524e-02 
 1.11438784e+01  1.19612161e-02 
 1.11533220e+01  1.19667797e-02 
 1.11627657e+01  1.19723434e-02 
 1.11722093e+01  1.19779071e-02 
 1.11816529e+01  1.19834707e-02 
 1.11910966e+01  1.19890344e-02 
 1.12005402e+01  1.19945980e-02 
 1.12099838e+01  1.20001617e-02 
 1.12194275e+01  1.20057254e-02 
 1.12288711e+01  1.20112890e-02 
 1.12383147e+01  1.20168527e-02 
 1.12477584e+01  1.20224164e-02 
 1.12572020e+01  1.20279800e-02 
 1.12666456e+01  1.20335437e-02 
 1.12760893e+01  1.20391073e-02 
 1.12855329e+01  1.20446710e-02 
 1.12949765e+01  1.20502347e-02 
 1.13044202e+01  1.20557983e-02 
 1.13138638e+01  1.20613620e-02 
 1.13233074e+01  1.20669257e-02 
 1.13327511e+01  1.20724893e-02 
 1.13421947e+01  1.20780530e-02 
 1.13516383e+01  1.20836166e-02 
 1.13610820e+01  1.20891803e-02 
 1.13705256e+01  1.20947440e-02 
 1.13799692e+01  1.21003076e-02 
 1.13894129e+01  1.21058713e-02 
 1.13988565e+01  1.21114350e-02 
 1.14083001e+01  1.21169986e-02 
 1.14177438e+01  1.21225623e-02 
 1.14271874e+01  1.21281259e-02 
 1.14366310e+01  1.21336896e-02 
 1.14460747e+01  1.21392533e-02 
 1.14555183e+01  1.21448169e-02 
 1.14649619e+01  1.21503806e-02 
 1.14744056e+01  1.21559443e-02 
 1.14838492e+01  1.21615079e-02 
 1.14932928e+01  1.21670716e-02 
 1.15027365e+01  1.21726352e-02 
 1.15121801e+01  1.21781989e-02 
 1.15216237e+01  1.21837626e-02 
 1.15310674e+01  1.21893262e-02 
 1.15405110e+01  1.21948899e-02 
 1.15499546e+01  1.22004536e-02 
 1.15593983e+01  1.22060172e-02 
 1.15688419e+01  1.22115809e-02 
 1.15782855e+01  1.22171445e-02 
 1.15877292e+01  1.22227082e-02 
 1.15971728e+01  1.22282719e-02 
 1.16066164e+01  1.22338355e-02 
 1.16160601e+01  1.22393992e-02 
 1.16255037e+01  1.22449629e-02 
 1.16349473e+01  1.22505265e-02 
 1.16443910e+01  1.22560902e-02 
 1.16538346e+01  1.22616538e-02 
 1.16632782e+01  1.22672175e-02 
 1.16727219e+01  1.22727812e-02 
 1.16821655e+01  1.22783448e-02 
 1.16916092e+01  1.22839085e-02 
 1.17010528e+01  1.22894722e-02 
 1.17104964e+01  1.22950358e-02 
 1.17199401e+01  1.23005995e-02 
 1.17293837e+01  1.23061631e-02 
 1.17388273e+01  1.23117268e-02 
 1.17482710e+01  1.23172905e-02 
 1.17577146e+01  1.23228541e-02 
 1.17671582e+01  1.23284178e-02 
 1.17766019e+01  1.23339815e-02 
 1.17860455e+01  1.23395451e-02 
 1.17954891e+01  1.23451088e-02 
 1.18049328e+01  1.23506724e-02 
 1.18143764e+01  1.23562361e-02 
 1.18238200e+01  1.23617998e-02 
 1.18332637e+01  1.23673634e-02 
 1.18427073e+01  1.23729271e-02 
 1.18521509e+01  1.23784908e-02 
 1.18615946e+01  1.23840544e-02 
 1.18710382e+01  1.23896181e-02 
 1.18804818e+01  1.23951817e-02 
 1.18899255e+01  1.24007454e-02 
 1.18993691e+01  1.24063091e-02 
 1.19088127e+01  1.24118727e-02 
 1.19182564e+01  1.24174364e-02 
 1.19277000e+01  1.24230001e-02 
 1.19371436e+01  1.24285637e-02 
 1.19465873e+01  1.24341274e-02 
 1.19560309e+01  1.24396910e-02 
 1.19654745e+01  1.24452547e-02 
 1.19749182e+01  1.24508184e-02 
 1.19843618e+01  1.24563820e-02 
 1.19938054e+01  1.24619457e-02 
 1.20032491e+01  1.24675094e-02 
 1.20126927e+01  1.24730730e-02 
 1.20221363e+01  1.24786367e-02 
 1.20315800e+01  1.24842003e-02 
 1.20410236e+01  1.24897640e-02 
 1.20504672e+01  1.24953277e-02 
 1.20599109e+01  1.25008913e-02 
 1.20693545e+01  1.25064550e-02 
 1.20787981e+01  1.25120187e-02 
 1.20882418e+01  1.25175823e-02 
 1.20976854e+01  1.25231460e-02 
 1.21071290e+01  1.25287096e-02 
 1.21165727e+01  1.25342733e-02 
 1.21260163e+01  1.25398370e-02 
 1.21354599e+01  1.25454006e-02 
 1.21449036e+01  1.25509643e-02 
 1.21543472e+01  1.25565280e-02 
 1.21637908e+01  1.25620916e-02 
 1.21732345e+01  1.25676553e-02 
 1.21826781e+01  1.25732189e-02 
 1.21921217e+01  1.25787826e-02 
 1.22015654e+01  1.25843463e-02 
 1.22110090e+01  1.25899099e-02 
 1.22204526e+01  1.25954736e-02 
 1.22298963e+01  1.26010373e-02 
 1.22393399e+01  1.26066009e-02 
 1.22487835e+01  1.26121646e-02 
 1.22582272e+01  1.26177282e-02 
 1.22676708e+01  1.26232919e-02 
 1.22771144e+01  1.26288556e-02 
 1.22865581e+01  1.26344192e-02 
 1.22960017e+01  1.26399829e-02 
 1.23054453e+01  1.26455466e-02 
 1.23148890e+01  1.26511102e-02 
 1.23243326e+01  1.26566739e-02 
 1.23337762e+01  1.26622375e-02 
 1.23432199e+01  1.26678012e-02 
 1.23526635e+01  1.26733649e-02 
 1.23621071e+01  1.26789285e-02 
 1.23715508e+01  1.26844922e-02 
 1.23809944e+01  1.26900559e-02 
 1.23904380e+01  1.26956195e-02 
 1.23998817e+01  1.27011832e-02 
 1.24093253e+01  1.27067468e-02 
 1.24187689e+01  1.27123105e-02 
 1.24282126e+01  1.27178742e-02 
 1.24376562e+01  1.27234378e-02 
 1.24470999e+01  1.27290015e-02 
 1.24565435e+01  1.27345652e-02 
 1.24659871e+01  1.27401288e-02 
 1.24754308e+01  1.27456925e-02 
 1.24848744e+01  1.27512561e-02 
 1.24943180e+01  1.27568198e-02 
 1.25037617e+01  1.27623835e-02 
 1.25132053e+01  1.27679471e-02 
 1.25226489e+01  1.27735108e-02 
 1.25320926e+01  1.27790745e-02 
 1.25415362e+01  1.27846381e-02 
 1.25509798e+01  1.27902018e-02 
 1.25604235e+01  1.27957654e-02 
 1.25698671e+01  1.28013291e-02 
 1.25793107e+01  1.28068928e-02 
 1.25887544e+01  1.28124564e-02 
 1.25981980e+01  1.28180201e-02 
 1.26076416e+01  1.28235838e-02 
 1.26170853e+01  1.28291474e-02 
 1.26265289e+01  1.28347111e-02 
 1.26359725e+01  1.28402747e-02 
 1.26454162e+01  1.28458384e-02 
 1.26548598e+01  1.28514021e-02 
 1.26643034e+01  1.28569657e-02 
 1.26737471e+01  1.28625294e-02 
 1.26831907e+01  1.28680931e-02 
 1.26926343e+01  1.28736567e-02 
 1.27020780e+01  1.28792204e-02 
 1.27115216e+01  1.28847841e-02 
 1.27209652e+01  1.28903477e-02 
 1.27304089e+01  1.28959114e-02 
 1.27398525e+01  1.29014750e-02 
 1.27492961e+01  1.29070387e-02 
 1.27587398e+01  1.29126024e-02 
 1.27681834e+01  1.29181660e-02 
 1.27776270e+01  1.29237297e-02 
 1.27870707e+01  1.29292934e-02 
 1.27965143e+01  1.29348570e-02 
 1.28059579e+01  1.29404207e-02 
 1.28154016e+01  1.29459843e-02 
 1.28248452e+01  1.29515480e-02 
 1.28342888e+01  1.29571117e-02 
 1.28437325e+01  1.29626753e-02 
 1.28531761e+01  1.29682390e-02 
 1.28626197e+01  1.29738027e-02 
 1.28720634e+01  1.29793663e-02 
 1.28815070e+01  1.29849300e-02 
 1.28909506e+01  1.29904936e-02 
 1.29003943e+01  1.29960573e-02 
 1.29098379e+01  1.30016210e-02 
 1.29192815e+01  1.30071846e-02 
 1.29287252e+01  1.30127483e-02 
 1.29381688e+01  1.30183120e-02 
 1.29476124e+01  1.30238756e-02 
 1.29570561e+01  1.30294393e-02 
 1.29664997e+01  1.30350029e-02 
 1.29759433e+01  1.30405666e-02 
 1.29853870e+01  1.30461303e-02 
 1.29948306e+01  1.30516939e-02 
 1.30042742e+01  1.30572576e-02 
 1.30137179e+01  1.30628213e-02 
 1.30231615e+01  1.30683849e-02 
 1.30326051e+01  1.30739486e-02 
 1.30420488e+01  1.30795122e-02 
 1.30514924e+01  1.30850759e-02 
 1.30609360e+01  1.30906396e-02 
 1.30703797e+01  1.30962032e-02 
 1.30798233e+01  1.31017669e-02 
 1.30892669e+01  1.31073306e-02 
 1.30987106e+01  1.31128942e-02 
 1.31081542e+01  1.31184579e-02 
 1.31175978e+01  1.31240215e-02 
 1.31270415e+01  1.31295852e-02 
 1.31364851e+01  1.31351489e-02 
 1.31459287e+01  1.31407125e-02 
 1.31553724e+01  1.31462762e-02 
 1.31648160e+01  1.31518399e-02 
 1.31742596e+01  1.31574035e-02 
 1.31837033e+01  1.31629672e-02 
 1.31931469e+01  1.31685308e-02 
 1.32025905e+01  1.31740945e-02 
 1.32120342e+01  1.31796582e-02 
 1.32214778e+01  1.31852218e-02 
 1.32309215e+01  1.31907855e-02 
 1.32403651e+01  1.31963492e-02 
 1.32498087e+01  1.32019128e-02 
 1.32592524e+01  1.32074765e-02 
 1.32686960e+01  1.32130401e-02 
 1.32781396e+01  1.32186038e-02 
 1.32875833e+01  1.32241675e-02 
 1.32970269e+01  1.32297311e-02 
 1.33064705e+01  1.32352948e-02 
 1.33159142e+01  1.32408585e-02 
 1.33253578e+01  1.32464221e-02 
 1.33348014e+01  1.32519858e-02 
 1.33442451e+01  1.32575494e-02 
 1.33536887e+01  1.32631131e-02 
 1.33631323e+01  1.32686768e-02 
 1.33725760e+01  1.32742404e-02 
 1.33820196e+01  1.32798041e-02 
 1.33914632e+01  1.32853678e-02 
 1.34009069e+01  1.32909314e-02 
 1.34103505e+01  1.32964951e-02 
 1.34197941e+01  1.33020587e-02 
 1.34292378e+01  1.33076224e-02 
 1.34386814e+01  1.33131861e-02 
 1.34481250e+01  1.33187497e-02 
 1.34575687e+01  1.33243134e-02 
 1.34670123e+01  1.33298771e-02 
 1.34764559e+01  1.33354407e-02 
 1.34858996e+01  1.33410044e-02 
 1.34953432e+01  1.33465680e-02 
 1.35047868e+01  1.33521317e-02 
 1.35142305e+01  1.33576954e-02 
 1.35236741e+01  1.33632590e-02 
 1.35331177e+01  1.33688227e-02 
 1.35425614e+01  1.33743864e-02 
 1.35520050e+01  1.33799500e-02 
 1.35614486e+01  1.33855137e-02 
 1.35708923e+01  1.33910773e-02 
 1.35803359e+01  1.33966410e-02 
 1.35897795e+01  1.34022047e-02 
 1.35992232e+01  1.34077683e-02 
 1.36086668e+01  1.34133320e-02 
 1.36181104e+01  1.34188957e-02 
 1.36275541e+01  1.34244593e-02 
 1.36369977e+01  1.34300230e-02 
 1.36464413e+01  1.34355866e-02 
 1.36558850e+01  1.34411503e-02 
