 2.33240386e-03 -2.33240386e-05 
 6.76376628e-03  3.23623372e-05 
 1.12887359e-02  8.71126408e-05 
 1.59185863e-02  1.40814137e-04 
 2.06660086e-02  1.93339914e-04 
 2.55458090e-02  2.44541910e-04 
 3.05751119e-02  2.94248881e-04 
 3.57736641e-02  3.42263359e-04 
 4.11640974e-02  3.88359026e-04 
 4.67720667e-02  4.32279333e-04 
 5.26261309e-02  4.73738691e-04 
 5.87571755e-02  5.12428245e-04 
 6.51971087e-02  5.48028913e-04 
 7.19765538e-02  5.80234462e-04 
 7.91213858e-02  6.08786142e-04 
 8.66483498e-02  6.33516502e-04 
 9.45606379e-02  6.54393621e-04 
 1.02844923e-01  6.71550767e-04 
 1.11471370e-01  6.85286302e-04 
 1.20397148e-01  6.96028519e-04 
 1.29572429e-01  7.04275709e-04 
 1.38946797e-01  7.10532031e-04 
 1.48474237e-01  7.15257635e-04 
 1.58115895e-01  7.18841048e-04 
 1.67840831e-01  7.21591691e-04 
 1.77625444e-01  7.23745559e-04 
 1.87452291e-01  7.25477090e-04 
 1.97308763e-01  7.26912368e-04 
 2.07185890e-01  7.28141101e-04 
 2.17077357e-01  7.29226427e-04 
 2.26978755e-01  7.30212451e-04 
 2.36887017e-01  7.31129828e-04 
 2.46800020e-01  7.31999795e-04 
 2.56716297e-01  7.32837032e-04 
 2.66634833e-01  7.33651675e-04 
 2.76554928e-01  7.34450716e-04 
 2.86476102e-01  7.35238981e-04 
 2.96398020e-01  7.36019796e-04 
 3.06320454e-01  7.36795457e-04 
 3.16243245e-01  7.37567551e-04 
 3.26166283e-01  7.38337173e-04 
 3.36089492e-01  7.39105079e-04 
 3.46012821e-01  7.39871794e-04 
 3.55936232e-01  7.40637681e-04 
 3.65859701e-01  7.41402992e-04 
 3.75783210e-01  7.42167900e-04 
 3.85706747e-01  7.42932528e-04 
 3.95630304e-01  7.43696959e-04 
 4.05553875e-01  7.44461253e-04 
 4.15477455e-01  7.45225450e-04 
 4.25401042e-01  7.45989580e-04 
 4.35324634e-01  7.46753663e-04 
 4.45248229e-01  7.47517711e-04 
 4.55171826e-01  7.48281736e-04 
 4.65095426e-01  7.49045744e-04 
 4.75019026e-01  7.49809740e-04 
 4.84942627e-01  7.50573728e-04 
 4.94866229e-01  7.51337710e-04 
 5.04789831e-01  7.52101687e-04 
 5.14713434e-01  7.52865661e-04 
 5.24637037e-01  7.53629633e-04 
 5.34560640e-01  7.54393604e-04 
 5.44484243e-01  7.55157573e-04 
 5.54407846e-01  7.55921542e-04 
 5.64331449e-01  7.56685510e-04 
 5.74255052e-01  7.57449478e-04 
 5.84178656e-01  7.58213445e-04 
 5.94102259e-01  7.58977412e-04 
 6.04025862e-01  7.59741379e-04 
 6.13949465e-01  7.60505346e-04 
 6.23873069e-01  7.61269312e-04 
 6.33796672e-01  7.62033279e-04 
 6.43720275e-01  7.62797246e-04 
 6.53643879e-01  7.63561212e-04 
 6.63567482e-01  7.64325179e-04 
 6.73491085e-01  7.65089145e-04 
 6.83414689e-01  7.65853112e-04 
 6.93338292e-01  7.66617078e-04 
 7.03261896e-01  7.67381045e-04 
 7.13185499e-01  7.68145011e-04 
 7.23109102e-01  7.68908978e-04 
 7.33032706e-01  7.69672944e-04 
 7.42956309e-01  7.70436911e-04 
 7.52879912e-01  7.71200877e-04 
 7.62803516e-01  7.71964844e-04 
 7.72727119e-01  7.72728810e-04 
 7.82650722e-01  7.73492777e-04 
 7.92574326e-01  7.74256743e-04 
 8.02497929e-01  7.75020709e-04 
 8.12421532e-01  7.75784676e-04 
 8.22345136e-01  7.76548642e-04 
 8.32268739e-01  7.77312609e-04 
 8.42192342e-01  7.78076575e-04 
 8.52115946e-01  7.78840542e-04 
 8.62039549e-01  7.79604508e-04 
 8.71963153e-01  7.80368475e-04 
 8.81886756e-01  7.81132441e-04 
 8.91810359e-01  7.81896408e-04 
 9.01733963e-01  7.82660374e-04 
 9.11657566e-01  7.83424341e-04 
 9.21581169e-01  7.84188307e-04 
 9.31504773e-01  7.84952274e-04 
 9.41428376e-01  7.85716240e-04 
 9.51351979e-01  7.86480207e-04 
 9.61275583e-01  7.87244173e-04 
 9.71199186e-01  7.88008140e-04 
 9.81122789e-01  7.88772106e-04 
 9.91046393e-01  7.89536072e-04 
 1.00097000e+00  7.90300039e-04 
 1.01089360e+00  7.91064005e-04 
 1.02081720e+00  7.91827972e-04 
 1.03074081e+00  7.92591938e-04 
 1.04066441e+00  7.93355905e-04 
 1.05058801e+00  7.94119871e-04 
 1.06051162e+00  7.94883838e-04 
 1.07043522e+00  7.95647804e-04 
 1.08035882e+00  7.96411771e-04 
 1.09028243e+00  7.97175737e-04 
 1.10020603e+00  7.97939704e-04 
 1.11012963e+00  7.98703670e-04 
 1.12005324e+00  7.99467637e-04 
 1.12997684e+00  8.00231603e-04 
 1.13990044e+00  8.00995570e-04 
 1.14982405e+00  8.01759536e-04 
 1.15974765e+00  8.02523503e-04 
 1.16967125e+00  8.03287469e-04 
 1.17959486e+00  8.04051436e-04 
 1.18951846e+00  8.04815402e-04 
 1.19944206e+00  8.05579368e-04 
 1.20936567e+00  8.06343335e-04 
 1.21928927e+00  8.07107301e-04 
 1.22921287e+00  8.07871268e-04 
 1.23913648e+00  8.08635234e-04 
 1.24906008e+00  8.09399201e-04 
 1.25898368e+00  8.10163167e-04 
 1.26890729e+00  8.10927134e-04 
 1.27883089e+00  8.11691100e-04 
 1.28875449e+00  8.12455067e-04 
 1.29867810e+00  8.13219033e-04 
 1.30860170e+00  8.13983000e-04 
 1.31852530e+00  8.14746966e-04 
 1.32844891e+00  8.15510933e-04 
 1.33837251e+00  8.16274899e-04 
 1.34829611e+00  8.17038866e-04 
 1.35821972e+00  8.17802832e-04 
 1.36814332e+00  8.18566799e-04 
 1.37806692e+00  8.19330765e-04 
 1.38799053e+00  8.20094732e-04 
 1.39791413e+00  8.20858698e-04 
 1.40783773e+00  8.21622665e-04 
 1.41776134e+00  8.22386631e-04 
 1.42768494e+00  8.23150598e-04 
 1.43760854e+00  8.23914564e-04 
 1.44753215e+00  8.24678531e-04 
 1.45745575e+00  8.25442497e-04 
 1.46737935e+00  8.26206463e-04 
 1.47730296e+00  8.26970430e-04 
 1.48722656e+00  8.27734396e-04 
 1.49715016e+00  8.28498363e-04 
 1.50707377e+00  8.29262329e-04 
 1.51699737e+00  8.30026296e-04 
 1.52692097e+00  8.30790262e-04 
 1.53684458e+00  8.31554229e-04 
 1.54676818e+00  8.32318195e-04 
 1.55669178e+00  8.33082162e-04 
 1.56661539e+00  8.33846128e-04 
 1.57653899e+00  8.34610095e-04 
 1.58646259e+00  8.35374061e-04 
 1.59638620e+00  8.36138028e-04 
 1.60630980e+00  8.36901994e-04 
 1.61623340e+00  8.37665961e-04 
 1.62615701e+00  8.38429927e-04 
 1.63608061e+00  8.39193894e-04 
 1.64600421e+00  8.39957860e-04 
 1.65592782e+00  8.40721827e-04 
 1.66585142e+00  8.41485793e-04 
 1.67577502e+00  8.42249760e-04 
 1.68569863e+00  8.43013726e-04 
 1.69562223e+00  8.43777693e-04 
 1.70554583e+00  8.44541659e-04 
 1.71546944e+00  8.45305626e-04 
 1.72539304e+00  8.46069592e-04 
 1.73531664e+00  8.46833559e-04 
 1.74524025e+00  8.47597525e-04 
 1.75516385e+00  8.48361492e-04 
 1.76508745e+00  8.49125458e-04 
 1.77501106e+00  8.49889425e-04 
 1.78493466e+00  8.50653391e-04 
 1.79485826e+00  8.51417357e-04 
 1.80478187e+00  8.52181324e-04 
 1.81470547e+00  8.52945290e-04 
 1.82462907e+00  8.53709257e-04 
 1.83455268e+00  8.54473223e-04 
 1.84447628e+00  8.55237190e-04 
 1.85439988e+00  8.56001156e-04 
 1.86432349e+00  8.56765123e-04 
 1.87424709e+00  8.57529089e-04 
 1.88417069e+00  8.58293056e-04 
 1.89409430e+00  8.59057022e-04 
 1.90401790e+00  8.59820989e-04 
 1.91394150e+00  8.60584955e-04 
 1.92386511e+00  8.61348922e-04 
 1.93378871e+00  8.62112888e-04 
 1.94371231e+00  8.62876855e-04 
 1.95363592e+00  8.63640821e-04 
 1.96355952e+00  8.64404788e-04 
 1.97348312e+00  8.65168754e-04 
 1.98340673e+00  8.65932721e-04 
 1.99333033e+00  8.66696687e-04 
 2.00325393e+00  8.67460654e-04 
 2.01317754e+00  8.68224620e-04 
 2.02310114e+00  8.68988587e-04 
 2.03302474e+00  8.69752553e-04 
 2.04294835e+00  8.70516520e-04 
 2.05287195e+00  8.71280486e-04 
 2.06279555e+00  8.72044453e-04 
 2.07271916e+00  8.72808419e-04 
 2.08264276e+00  8.73572386e-04 
 2.09256636e+00  8.74336352e-04 
 2.10248997e+00  8.75100319e-04 
 2.11241357e+00  8.75864285e-04 
 2.12233717e+00  8.76628252e-04 
 2.13226078e+00  8.77392218e-04 
 2.14218438e+00  8.78156185e-04 
 2.15210798e+00  8.78920151e-04 
 2.16203159e+00  8.79684118e-04 
 2.17195519e+00  8.80448084e-04 
 2.18187879e+00  8.81212051e-04 
 2.19180240e+00  8.81976017e-04 
 2.20172600e+00  8.82739984e-04 
 2.21164960e+00  8.83503950e-04 
 2.22157321e+00  8.84267917e-04 
 2.23149681e+00  8.85031883e-04 
 2.24142042e+00  8.85795850e-04 
 2.25134402e+00  8.86559816e-04 
 2.26126762e+00  8.87323783e-04 
 2.27119123e+00  8.88087749e-04 
 2.28111483e+00  8.88851716e-04 
 2.29103843e+00  8.89615682e-04 
 2.30096204e+00  8.90379649e-04 
 2.31088564e+00  8.91143615e-04 
 2.32080924e+00  8.91907582e-04 
 2.33073285e+00  8.92671548e-04 
 2.34065645e+00  8.93435515e-04 
 2.35058005e+00  8.94199481e-04 
 2.36050366e+00  8.94963448e-04 
 2.37042726e+00  8.95727414e-04 
 2.38035086e+00  8.96491381e-04 
 2.39027447e+00  8.97255347e-04 
 2.40019807e+00  8.98019314e-04 
 2.41012167e+00  8.98783280e-04 
 2.42004528e+00  8.99547246e-04 
 2.42996888e+00  9.00311213e-04 
 2.43989248e+00  9.01075179e-04 
 2.44981609e+00  9.01839146e-04 
 2.45973969e+00  9.02603112e-04 
 2.46966329e+00  9.03367079e-04 
 2.47958690e+00  9.04131045e-04 
 2.48951050e+00  9.04895012e-04 
 2.49943410e+00  9.05658978e-04 
 2.50935771e+00  9.06422945e-04 
 2.51928131e+00  9.07186911e-04 
 2.52920491e+00  9.07950878e-04 
 2.53912852e+00  9.08714844e-04 
 2.54905212e+00  9.09478811e-04 
 2.55897572e+00  9.10242777e-04 
 2.56889933e+00  9.11006744e-04 
 2.57882293e+00  9.11770710e-04 
 2.58874653e+00  9.12534677e-04 
 2.59867014e+00  9.13298643e-04 
 2.60859374e+00  9.14062610e-04 
 2.61851734e+00  9.14826576e-04 
 2.62844095e+00  9.15590543e-04 
 2.63836455e+00  9.16354509e-04 
 2.64828815e+00  9.17118476e-04 
 2.65821176e+00  9.17882442e-04 
 2.66813536e+00  9.18646409e-04 
 2.67805896e+00  9.19410375e-04 
 2.68798257e+00  9.20174342e-04 
 2.69790617e+00  9.20938308e-04 
 2.70782977e+00  9.21702275e-04 
 2.71775338e+00  9.22466241e-04 
 2.72767698e+00  9.23230208e-04 
 2.73760058e+00  9.23994174e-04 
 2.74752419e+00  9.24758141e-04 
 2.75744779e+00  9.25522107e-04 
 2.76737139e+00  9.26286074e-04 
 2.77729500e+00  9.27050040e-04 
 2.78721860e+00  9.27814007e-04 
 2.79714220e+00  9.28577973e-04 
 2.80706581e+00  9.29341940e-04 
 2.81698941e+00  9.30105907e-04 
 2.82691301e+00  9.30869873e-04 
 2.83683662e+00  9.31633840e-04 
 2.84676022e+00  9.32397806e-04 
 2.85668382e+00  9.33161773e-04 
 2.86660743e+00  9.33925739e-04 
 2.87653103e+00  9.34689706e-04 
 2.88645463e+00  9.35453672e-04 
 2.89637824e+00  9.36217639e-04 
 2.90630184e+00  9.36981605e-04 
 2.91622544e+00  9.37745572e-04 
 2.92614905e+00  9.38509538e-04 
 2.93607265e+00  9.39273505e-04 
 2.94599625e+00  9.40037471e-04 
 2.95591986e+00  9.40801438e-04 
 2.96584346e+00  9.41565404e-04 
 2.97576706e+00  9.42329371e-04 
 2.98569067e+00  9.43093337e-04 
 2.99561427e+00  9.43857304e-04 
 3.00553787e+00  9.44621270e-04 
 3.01546148e+00  9.45385237e-04 
 3.02538508e+00  9.46149203e-04 
 3.03530868e+00  9.46913170e-04 
 3.04523229e+00  9.47677136e-04 
 3.05515589e+00  9.48441103e-04 
 3.06507949e+00  9.49205069e-04 
 3.07500310e+00  9.49969036e-04 
 3.08492670e+00  9.50733002e-04 
 3.09485030e+00  9.51496969e-04 
 3.10477391e+00  9.52260935e-04 
 3.11469751e+00  9.53024902e-04 
 3.12462111e+00  9.53788868e-04 
 3.13454472e+00  9.54552835e-04 
 3.14446832e+00  9.55316801e-04 
 3.15439192e+00  9.56080768e-04 
 3.16431553e+00  9.56844734e-04 
 3.17423913e+00  9.57608701e-04 
 3.18416273e+00  9.58372667e-04 
 3.19408634e+00  9.59136634e-04 
 3.20400994e+00  9.59900600e-04 
 3.21393354e+00  9.60664567e-04 
 3.22385715e+00  9.61428533e-04 
 3.23378075e+00  9.62192500e-04 
 3.24370435e+00  9.62956466e-04 
 3.25362796e+00  9.63720433e-04 
 3.26355156e+00  9.64484399e-04 
 3.27347516e+00  9.65248366e-04 
 3.28339877e+00  9.66012332e-04 
 3.29332237e+00  9.66776299e-04 
 3.30324597e+00  9.67540265e-04 
 3.31316958e+00  9.68304232e-04 
 3.32309318e+00  9.69068198e-04 
 3.33301678e+00  9.69832165e-04 
 3.34294039e+00  9.70596131e-04 
 3.35286399e+00  9.71360098e-04 
 3.36278759e+00  9.72124064e-04 
 3.37271120e+00  9.72888031e-04 
 3.38263480e+00  9.73651997e-04 
 3.39255840e+00  9.74415964e-04 
 3.40248201e+00  9.75179930e-04 
 3.41240561e+00  9.75943897e-04 
 3.42232921e+00  9.76707863e-04 
 3.43225282e+00  9.77471830e-04 
 3.44217642e+00  9.78235797e-04 
 3.45210002e+00  9.78999763e-04 
 3.46202363e+00  9.79763730e-04 
 3.47194723e+00  9.80527696e-04 
 3.48187083e+00  9.81291663e-04 
 3.49179444e+00  9.82055629e-04 
 3.50171804e+00  9.82819596e-04 
 3.51164164e+00  9.83583562e-04 
 3.52156525e+00  9.84347529e-04 
 3.53148885e+00  9.85111495e-04 
 3.54141245e+00  9.85875462e-04 
 3.55133606e+00  9.86639428e-04 
 3.56125966e+00  9.87403395e-04 
 3.57118326e+00  9.88167361e-04 
 3.58110687e+00  9.88931328e-04 
 3.59103047e+00  9.89695294e-04 
 3.60095407e+00  9.90459261e-04 
 3.61087768e+00  9.91223227e-04 
 3.62080128e+00  9.91987194e-04 
 3.63072488e+00  9.92751160e-04 
 3.64064849e+00  9.93515127e-04 
 3.65057209e+00  9.94279093e-04 
 3.66049569e+00  9.95043060e-04 
 3.67041930e+00  9.95807026e-04 
 3.68034290e+00  9.96570993e-04 
 3.69026650e+00  9.97334959e-04 
 3.70019011e+00  9.98098926e-04 
 3.71011371e+00  9.98862892e-04 
 3.72003731e+00  9.99626859e-04 
 3.72996092e+00  1.00039083e-03 
 3.73988452e+00  1.00115479e-03 
 3.74980812e+00  1.00191876e-03 
 3.75973173e+00  1.00268272e-03 
 3.76965533e+00  1.00344669e-03 
 3.77957893e+00  1.00421066e-03 
 3.78950254e+00  1.00497462e-03 
 3.79942614e+00  1.00573859e-03 
 3.80934974e+00  1.00650256e-03 
 3.81927335e+00  1.00726652e-03 
 3.82919695e+00  1.00803049e-03 
 3.83912055e+00  1.00879446e-03 
 3.84904416e+00  1.00955842e-03 
 3.85896776e+00  1.01032239e-03 
 3.86889136e+00  1.01108636e-03 
 3.87881497e+00  1.01185032e-03 
 3.88873857e+00  1.01261429e-03 
 3.89866217e+00  1.01337826e-03 
 3.90858578e+00  1.01414222e-03 
 3.91850938e+00  1.01490619e-03 
 3.92843298e+00  1.01567016e-03 
 3.93835659e+00  1.01643412e-03 
 3.94828019e+00  1.01719809e-03 
 3.95820379e+00  1.01796206e-03 
 3.96812740e+00  1.01872602e-03 
 3.97805100e+00  1.01948999e-03 
 3.98797460e+00  1.02025395e-03 
 3.99789821e+00  1.02101792e-03 
 4.00782181e+00  1.02178189e-03 
 4.01774541e+00  1.02254585e-03 
 4.02766902e+00  1.02330982e-03 
 4.03759262e+00  1.02407379e-03 
 4.04751622e+00  1.02483775e-03 
 4.05743983e+00  1.02560172e-03 
 4.06736343e+00  1.02636569e-03 
 4.07728703e+00  1.02712965e-03 
 4.08721064e+00  1.02789362e-03 
 4.09713424e+00  1.02865759e-03 
 4.10705784e+00  1.02942155e-03 
 4.11698145e+00  1.03018552e-03 
 4.12690505e+00  1.03094949e-03 
 4.13682865e+00  1.03171345e-03 
 4.14675226e+00  1.03247742e-03 
 4.15667586e+00  1.03324139e-03 
 4.16659946e+00  1.03400535e-03 
 4.17652307e+00  1.03476932e-03 
 4.18644667e+00  1.03553329e-03 
 4.19637027e+00  1.03629725e-03 
 4.20629388e+00  1.03706122e-03 
 4.21621748e+00  1.03782518e-03 
 4.22614108e+00  1.03858915e-03 
 4.23606469e+00  1.03935312e-03 
 4.24598829e+00  1.04011708e-03 
 4.25591189e+00  1.04088105e-03 
 4.26583550e+00  1.04164502e-03 
 4.27575910e+00  1.04240898e-03 
 4.28568270e+00  1.04317295e-03 
 4.29560631e+00  1.04393692e-03 
 4.30552991e+00  1.04470088e-03 
 4.31545351e+00  1.04546485e-03 
 4.32537712e+00  1.04622882e-03 
 4.33530072e+00  1.04699278e-03 
 4.34522433e+00  1.04775675e-03 
 4.35514793e+00  1.04852072e-03 
 4.36507153e+00  1.04928468e-03 
 4.37499514e+00  1.05004865e-03 
 4.38491874e+00  1.05081262e-03 
 4.39484234e+00  1.05157658e-03 
 4.40476595e+00  1.05234055e-03 
 4.41468955e+00  1.05310452e-03 
 4.42461315e+00  1.05386848e-03 
 4.43453676e+00  1.05463245e-03 
 4.44446036e+00  1.05539642e-03 
 4.45438396e+00  1.05616038e-03 
 4.46430757e+00  1.05692435e-03 
 4.47423117e+00  1.05768831e-03 
 4.48415477e+00  1.05845228e-03 
 4.49407838e+00  1.05921625e-03 
 4.50400198e+00  1.05998021e-03 
 4.51392558e+00  1.06074418e-03 
 4.52384919e+00  1.06150815e-03 
 4.53377279e+00  1.06227211e-03 
 4.54369639e+00  1.06303608e-03 
 4.55362000e+00  1.06380005e-03 
 4.56354360e+00  1.06456401e-03 
 4.57346720e+00  1.06532798e-03 
 4.58339081e+00  1.06609195e-03 
 4.59331441e+00  1.06685591e-03 
 4.60323801e+00  1.06761988e-03 
 4.61316162e+00  1.06838385e-03 
 4.62308522e+00  1.06914781e-03 
 4.63300882e+00  1.06991178e-03 
 4.64293243e+00  1.07067575e-03 
 4.65285603e+00  1.07143971e-03 
 4.66277963e+00  1.07220368e-03 
 4.67270324e+00  1.07296765e-03 
 4.68262684e+00  1.07373161e-03 
 4.69255044e+00  1.07449558e-03 
 4.70247405e+00  1.07525954e-03 
 4.71239765e+00  1.07602351e-03 
 4.72232125e+00  1.07678748e-03 
 4.73224486e+00  1.07755144e-03 
 4.74216846e+00  1.07831541e-03 
 4.75209206e+00  1.07907938e-03 
 4.76201567e+00  1.07984334e-03 
 4.77193927e+00  1.08060731e-03 
 4.78186287e+00  1.08137128e-03 
 4.79178648e+00  1.08213524e-03 
 4.80171008e+00  1.08289921e-03 
 4.81163368e+00  1.08366318e-03 
 4.82155729e+00  1.08442714e-03 
 4.83148089e+00  1.08519111e-03 
 4.84140449e+00  1.08595508e-03 
 4.85132810e+00  1.08671904e-03 
 4.86125170e+00  1.08748301e-03 
 4.87117530e+00  1.08824698e-03 
 4.88109891e+00  1.08901094e-03 
 4.89102251e+00  1.08977491e-03 
 4.90094611e+00  1.09053888e-03 
 4.91086972e+00  1.09130284e-03 
 4.92079332e+00  1.09206681e-03 
 4.93071692e+00  1.09283078e-03 
 4.94064053e+00  1.09359474e-03 
 4.95056413e+00  1.09435871e-03 
 4.96048773e+00  1.09512267e-03 
 4.97041134e+00  1.09588664e-03 
 4.98033494e+00  1.09665061e-03 
 4.99025854e+00  1.09741457e-03 
 5.00018215e+00  1.09817854e-03 
 5.01010575e+00  1.09894251e-03 
 5.02002935e+00  1.09970647e-03 
 5.02995296e+00  1.10047044e-03 
 5.03987656e+00  1.10123441e-03 
 5.04980016e+00  1.10199837e-03 
 5.05972377e+00  1.10276234e-03 
 5.06964737e+00  1.10352631e-03 
 5.07957097e+00  1.10429027e-03 
 5.08949458e+00  1.10505424e-03 
 5.09941818e+00  1.10581821e-03 
 5.10934178e+00  1.10658217e-03 
 5.11926539e+00  1.10734614e-03 
 5.12918899e+00  1.10811011e-03 
 5.13911259e+00  1.10887407e-03 
 5.14903620e+00  1.10963804e-03 
 5.15895980e+00  1.11040201e-03 
 5.16888340e+00  1.11116597e-03 
 5.17880701e+00  1.11192994e-03 
 5.18873061e+00  1.11269391e-03 
 5.19865421e+00  1.11345787e-03 
 5.20857782e+00  1.11422184e-03 
 5.21850142e+00  1.11498580e-03 
 5.22842502e+00  1.11574977e-03 
 5.23834863e+00  1.11651374e-03 
 5.24827223e+00  1.11727770e-03 
 5.25819583e+00  1.11804167e-03 
 5.26811944e+00  1.11880564e-03 
 5.27804304e+00  1.11956960e-03 
 5.28796664e+00  1.12033357e-03 
 5.29789025e+00  1.12109754e-03 
 5.30781385e+00  1.12186150e-03 
 5.31773745e+00  1.12262547e-03 
 5.32766106e+00  1.12338944e-03 
 5.33758466e+00  1.12415340e-03 
 5.34750826e+00  1.12491737e-03 
 5.35743187e+00  1.12568134e-03 
 5.36735547e+00  1.12644530e-03 
 5.37727907e+00  1.12720927e-03 
 5.38720268e+00  1.12797324e-03 
 5.39712628e+00  1.12873720e-03 
 5.40704988e+00  1.12950117e-03 
 5.41697349e+00  1.13026514e-03 
 5.42689709e+00  1.13102910e-03 
 5.43682069e+00  1.13179307e-03 
 5.44674430e+00  1.13255704e-03 
 5.45666790e+00  1.13332100e-03 
 5.46659150e+00  1.13408497e-03 
 5.47651511e+00  1.13484893e-03 
 5.48643871e+00  1.13561290e-03 
 5.49636231e+00  1.13637687e-03 
 5.50628592e+00  1.13714083e-03 
 5.51620952e+00  1.13790480e-03 
 5.52613312e+00  1.13866877e-03 
 5.53605673e+00  1.13943273e-03 
 5.54598033e+00  1.14019670e-03 
 5.55590393e+00  1.14096067e-03 
 5.56582754e+00  1.14172463e-03 
 5.57575114e+00  1.14248860e-03 
 5.58567474e+00  1.14325257e-03 
 5.59559835e+00  1.14401653e-03 
 5.60552195e+00  1.14478050e-03 
 5.61544555e+00  1.14554447e-03 
 5.62536916e+00  1.14630843e-03 
 5.63529276e+00  1.14707240e-03 
 5.64521636e+00  1.14783637e-03 
 5.65513997e+00  1.14860033e-03 
 5.66506357e+00  1.14936430e-03 
 5.67498717e+00  1.15012827e-03 
 5.68491078e+00  1.15089223e-03 
 5.69483438e+00  1.15165620e-03 
 5.70475798e+00  1.15242017e-03 
 5.71468159e+00  1.15318413e-03 
 5.72460519e+00  1.15394810e-03 
 5.73452879e+00  1.15471206e-03 
 5.74445240e+00  1.15547603e-03 
 5.75437600e+00  1.15624000e-03 
 5.76429960e+00  1.15700396e-03 
 5.77422321e+00  1.15776793e-03 
 5.78414681e+00  1.15853190e-03 
 5.79407041e+00  1.15929586e-03 
 5.80399402e+00  1.16005983e-03 
 5.81391762e+00  1.16082380e-03 
 5.82384122e+00  1.16158776e-03 
 5.83376483e+00  1.16235173e-03 
 5.84368843e+00  1.16311570e-03 
 5.85361203e+00  1.16387966e-03 
 5.86353564e+00  1.16464363e-03 
 5.87345924e+00  1.16540760e-03 
 5.88338284e+00  1.16617156e-03 
 5.89330645e+00  1.16693553e-03 
 5.90323005e+00  1.16769950e-03 
 5.91315365e+00  1.16846346e-03 
 5.92307726e+00  1.16922743e-03 
 5.93300086e+00  1.16999140e-03 
 5.94292446e+00  1.17075536e-03 
 5.95284807e+00  1.17151933e-03 
 5.96277167e+00  1.17228330e-03 
 5.97269527e+00  1.17304726e-03 
 5.98261888e+00  1.17381123e-03 
 5.99254248e+00  1.17457520e-03 
 6.00246608e+00  1.17533916e-03 
 6.01238969e+00  1.17610313e-03 
 6.02231329e+00  1.17686709e-03 
 6.03223689e+00  1.17763106e-03 
 6.04216050e+00  1.17839503e-03 
 6.05208410e+00  1.17915899e-03 
 6.06200770e+00  1.17992296e-03 
 6.07193131e+00  1.18068693e-03 
 6.08185491e+00  1.18145089e-03 
 6.09177851e+00  1.18221486e-03 
 6.10170212e+00  1.18297883e-03 
 6.11162572e+00  1.18374279e-03 
 6.12154932e+00  1.18450676e-03 
 6.13147293e+00  1.18527073e-03 
 6.14139653e+00  1.18603469e-03 
 6.15132013e+00  1.18679866e-03 
 6.16124374e+00  1.18756263e-03 
 6.17116734e+00  1.18832659e-03 
 6.18109094e+00  1.18909056e-03 
 6.19101455e+00  1.18985453e-03 
 6.20093815e+00  1.19061849e-03 
 6.21086175e+00  1.19138246e-03 
 6.22078536e+00  1.19214643e-03 
 6.23070896e+00  1.19291039e-03 
 6.24063256e+00  1.19367436e-03 
 6.25055617e+00  1.19443833e-03 
 6.26047977e+00  1.19520229e-03 
 6.27040337e+00  1.19596626e-03 
 6.28032698e+00  1.19673023e-03 
 6.29025058e+00  1.19749419e-03 
 6.30017418e+00  1.19825816e-03 
 6.31009779e+00  1.19902212e-03 
 6.32002139e+00  1.19978609e-03 
 6.32994499e+00  1.20055006e-03 
 6.33986860e+00  1.20131402e-03 
 6.34979220e+00  1.20207799e-03 
 6.35971580e+00  1.20284196e-03 
 6.36963941e+00  1.20360592e-03 
 6.37956301e+00  1.20436989e-03 
 6.38948661e+00  1.20513386e-03 
 6.39941022e+00  1.20589782e-03 
 6.40933382e+00  1.20666179e-03 
 6.41925742e+00  1.20742576e-03 
 6.42918103e+00  1.20818972e-03 
 6.43910463e+00  1.20895369e-03 
 6.44902823e+00  1.20971766e-03 
 6.45895184e+00  1.21048162e-03 
 6.46887544e+00  1.21124559e-03 
 6.47879904e+00  1.21200956e-03 
 6.48872265e+00  1.21277352e-03 
 6.49864625e+00  1.21353749e-03 
 6.50856985e+00  1.21430146e-03 
 6.51849346e+00  1.21506542e-03 
 6.52841706e+00  1.21582939e-03 
 6.53834066e+00  1.21659336e-03 
 6.54826427e+00  1.21735732e-03 
 6.55818787e+00  1.21812129e-03 
 6.56811147e+00  1.21888526e-03 
 6.57803508e+00  1.21964922e-03 
 6.58795868e+00  1.22041319e-03 
 6.59788228e+00  1.22117716e-03 
 6.60780589e+00  1.22194112e-03 
 6.61772949e+00  1.22270509e-03 
 6.62765309e+00  1.22346905e-03 
 6.63757670e+00  1.22423302e-03 
 6.64750030e+00  1.22499699e-03 
 6.65742390e+00  1.22576095e-03 
 6.66734751e+00  1.22652492e-03 
 6.67727111e+00  1.22728889e-03 
 6.68719471e+00  1.22805285e-03 
 6.69711832e+00  1.22881682e-03 
 6.70704192e+00  1.22958079e-03 
 6.71696552e+00  1.23034475e-03 
 6.72688913e+00  1.23110872e-03 
 6.73681273e+00  1.23187269e-03 
 6.74673633e+00  1.23263665e-03 
 6.75665994e+00  1.23340062e-03 
 6.76658354e+00  1.23416459e-03 
 6.77650714e+00  1.23492855e-03 
 6.78643075e+00  1.23569252e-03 
 6.79635435e+00  1.23645649e-03 
 6.80627795e+00  1.23722045e-03 
 6.81620156e+00  1.23798442e-03 
 6.82612516e+00  1.23874839e-03 
 6.83604876e+00  1.23951235e-03 
 6.84597237e+00  1.24027632e-03 
 6.85589597e+00  1.24104029e-03 
 6.86581957e+00  1.24180425e-03 
 6.87574318e+00  1.24256822e-03 
 6.88566678e+00  1.24333219e-03 
 6.89559038e+00  1.24409615e-03 
 6.90551399e+00  1.24486012e-03 
 6.91543759e+00  1.24562409e-03 
 6.92536119e+00  1.24638805e-03 
 6.93528480e+00  1.24715202e-03 
 6.94520840e+00  1.24791598e-03 
 6.95513200e+00  1.24867995e-03 
 6.96505561e+00  1.24944392e-03 
 6.97497921e+00  1.25020788e-03 
 6.98490281e+00  1.25097185e-03 
 6.99482642e+00  1.25173582e-03 
 7.00475002e+00  1.25249978e-03 
 7.01467362e+00  1.25326375e-03 
 7.02459723e+00  1.25402772e-03 
 7.03452083e+00  1.25479168e-03 
 7.04444443e+00  1.25555565e-03 
 7.05436804e+00  1.25631962e-03 
 7.06429164e+00  1.25708358e-03 
 7.07421524e+00  1.25784755e-03 
 7.08413885e+00  1.25861152e-03 
 7.09406245e+00  1.25937548e-03 
 7.10398606e+00  1.26013945e-03 
 7.11390966e+00  1.26090342e-03 
 7.12383326e+00  1.26166738e-03 
 7.13375687e+00  1.26243135e-03 
 7.14368047e+00  1.26319532e-03 
 7.15360407e+00  1.26395928e-03 
 7.16352768e+00  1.26472325e-03 
 7.17345128e+00  1.26548722e-03 
 7.18337488e+00  1.26625118e-03 
 7.19329849e+00  1.26701515e-03 
 7.20322209e+00  1.26777912e-03 
 7.21314569e+00  1.26854308e-03 
 7.22306930e+00  1.26930705e-03 
 7.23299290e+00  1.27007102e-03 
 7.24291650e+00  1.27083498e-03 
 7.25284011e+00  1.27159895e-03 
 7.26276371e+00  1.27236292e-03 
 7.27268731e+00  1.27312688e-03 
 7.28261092e+00  1.27389085e-03 
 7.29253452e+00  1.27465481e-03 
 7.30245812e+00  1.27541878e-03 
 7.31238173e+00  1.27618275e-03 
 7.32230533e+00  1.27694671e-03 
 7.33222893e+00  1.27771068e-03 
 7.34215254e+00  1.27847465e-03 
 7.35207614e+00  1.27923861e-03 
 7.36199974e+00  1.28000258e-03 
 7.37192335e+00  1.28076655e-03 
 7.38184695e+00  1.28153051e-03 
 7.39177055e+00  1.28229448e-03 
 7.40169416e+00  1.28305845e-03 
 7.41161776e+00  1.28382241e-03 
 7.42154136e+00  1.28458638e-03 
 7.43146497e+00  1.28535035e-03 
 7.44138857e+00  1.28611431e-03 
 7.45131217e+00  1.28687828e-03 
 7.46123578e+00  1.28764225e-03 
 7.47115938e+00  1.28840621e-03 
 7.48108298e+00  1.28917018e-03 
 7.49100659e+00  1.28993415e-03 
 7.50093019e+00  1.29069811e-03 
 7.51085379e+00  1.29146208e-03 
 7.52077740e+00  1.29222605e-03 
 7.53070100e+00  1.29299001e-03 
 7.54062460e+00  1.29375398e-03 
 7.55054821e+00  1.29451795e-03 
 7.56047181e+00  1.29528191e-03 
 7.57039541e+00  1.29604588e-03 
 7.58031902e+00  1.29680985e-03 
 7.59024262e+00  1.29757381e-03 
 7.60016622e+00  1.29833778e-03 
 7.61008983e+00  1.29910175e-03 
 7.62001343e+00  1.29986571e-03 
 7.62993703e+00  1.30062968e-03 
 7.63986064e+00  1.30139364e-03 
 7.64978424e+00  1.30215761e-03 
 7.65970784e+00  1.30292158e-03 
 7.66963145e+00  1.30368554e-03 
 7.67955505e+00  1.30444951e-03 
 7.68947865e+00  1.30521348e-03 
 7.69940226e+00  1.30597744e-03 
 7.70932586e+00  1.30674141e-03 
 7.71924946e+00  1.30750538e-03 
 7.72917307e+00  1.30826934e-03 
 7.73909667e+00  1.30903331e-03 
 7.74902027e+00  1.30979728e-03 
 7.75894388e+00  1.31056124e-03 
 7.76886748e+00  1.31132521e-03 
 7.77879108e+00  1.31208918e-03 
 7.78871469e+00  1.31285314e-03 
 7.79863829e+00  1.31361711e-03 
 7.80856189e+00  1.31438108e-03 
 7.81848550e+00  1.31514504e-03 
 7.82840910e+00  1.31590901e-03 
 7.83833270e+00  1.31667298e-03 
 7.84825631e+00  1.31743694e-03 
 7.85817991e+00  1.31820091e-03 
 7.86810351e+00  1.31896488e-03 
 7.87802712e+00  1.31972884e-03 
 7.88795072e+00  1.32049281e-03 
 7.89787432e+00  1.32125678e-03 
 7.90779793e+00  1.32202074e-03 
 7.91772153e+00  1.32278471e-03 
 7.92764513e+00  1.32354868e-03 
 7.93756874e+00  1.32431264e-03 
 7.94749234e+00  1.32507661e-03 
 7.95741594e+00  1.32584058e-03 
 7.96733955e+00  1.32660454e-03 
 7.97726315e+00  1.32736851e-03 
 7.98718675e+00  1.32813248e-03 
 7.99711036e+00  1.32889644e-03 
 8.00703396e+00  1.32966041e-03 
 8.01695756e+00  1.33042437e-03 
 8.02688117e+00  1.33118834e-03 
 8.03680477e+00  1.33195231e-03 
 8.04672837e+00  1.33271627e-03 
 8.05665198e+00  1.33348024e-03 
 8.06657558e+00  1.33424421e-03 
 8.07649918e+00  1.33500817e-03 
 8.08642279e+00  1.33577214e-03 
 8.09634639e+00  1.33653611e-03 
 8.10626999e+00  1.33730007e-03 
 8.11619360e+00  1.33806404e-03 
 8.12611720e+00  1.33882801e-03 
 8.13604080e+00  1.33959197e-03 
 8.14596441e+00  1.34035594e-03 
 8.15588801e+00  1.34111991e-03 
 8.16581161e+00  1.34188387e-03 
 8.17573522e+00  1.34264784e-03 
 8.18565882e+00  1.34341181e-03 
 8.19558242e+00  1.34417577e-03 
 8.20550603e+00  1.34493974e-03 
 8.21542963e+00  1.34570371e-03 
 8.22535323e+00  1.34646767e-03 
 8.23527684e+00  1.34723164e-03 
 8.24520044e+00  1.34799561e-03 
 8.25512404e+00  1.34875957e-03 
 8.26504765e+00  1.34952354e-03 
 8.27497125e+00  1.35028751e-03 
 8.28489485e+00  1.35105147e-03 
 8.29481846e+00  1.35181544e-03 
 8.30474206e+00  1.35257941e-03 
 8.31466566e+00  1.35334337e-03 
 8.32458927e+00  1.35410734e-03 
 8.33451287e+00  1.35487131e-03 
 8.34443647e+00  1.35563527e-03 
 8.35436008e+00  1.35639924e-03 
 8.36428368e+00  1.35716321e-03 
 8.37420728e+00  1.35792717e-03 
 8.38413089e+00  1.35869114e-03 
 8.39405449e+00  1.35945511e-03 
 8.40397809e+00  1.36021907e-03 
 8.41390170e+00  1.36098304e-03 
 8.42382530e+00  1.36174700e-03 
 8.43374890e+00  1.36251097e-03 
 8.44367251e+00  1.36327494e-03 
 8.45359611e+00  1.36403890e-03 
 8.46351971e+00  1.36480287e-03 
 8.47344332e+00  1.36556684e-03 
 8.48336692e+00  1.36633080e-03 
 8.49329052e+00  1.36709477e-03 
 8.50321413e+00  1.36785874e-03 
 8.51313773e+00  1.36862270e-03 
 8.52306133e+00  1.36938667e-03 
 8.53298494e+00  1.37015064e-03 
 8.54290854e+00  1.37091460e-03 
 8.55283214e+00  1.37167857e-03 
 8.56275575e+00  1.37244254e-03 
 8.57267935e+00  1.37320650e-03 
 8.58260295e+00  1.37397047e-03 
 8.59252656e+00  1.37473444e-03 
 8.60245016e+00  1.37549840e-03 
 8.61237376e+00  1.37626237e-03 
 8.62229737e+00  1.37702634e-03 
 8.63222097e+00  1.37779030e-03 
 8.64214457e+00  1.37855427e-03 
 8.65206818e+00  1.37931824e-03 
 8.66199178e+00  1.38008220e-03 
 8.67191538e+00  1.38084617e-03 
 8.68183899e+00  1.38161014e-03 
 8.69176259e+00  1.38237410e-03 
 8.70168619e+00  1.38313807e-03 
 8.71160980e+00  1.38390204e-03 
 8.72153340e+00  1.38466600e-03 
 8.73145700e+00  1.38542997e-03 
 8.74138061e+00  1.38619394e-03 
 8.75130421e+00  1.38695790e-03 
 8.76122781e+00  1.38772187e-03 
 8.77115142e+00  1.38848584e-03 
 8.78107502e+00  1.38924980e-03 
 8.79099862e+00  1.39001377e-03 
 8.80092223e+00  1.39077774e-03 
 8.81084583e+00  1.39154170e-03 
 8.82076943e+00  1.39230567e-03 
 8.83069304e+00  1.39306964e-03 
 8.84061664e+00  1.39383360e-03 
 8.85054024e+00  1.39459757e-03 
 8.86046385e+00  1.39536153e-03 
 8.87038745e+00  1.39612550e-03 
 8.88031105e+00  1.39688947e-03 
 8.89023466e+00  1.39765343e-03 
 8.90015826e+00  1.39841740e-03 
 8.91008186e+00  1.39918137e-03 
 8.92000547e+00  1.39994533e-03 
 8.92992907e+00  1.40070930e-03 
 8.93985267e+00  1.40147327e-03 
 8.94977628e+00  1.40223723e-03 
 8.95969988e+00  1.40300120e-03 
 8.96962348e+00  1.40376517e-03 
 8.97954709e+00  1.40452913e-03 
 8.98947069e+00  1.40529310e-03 
 8.99939429e+00  1.40605707e-03 
 9.00931790e+00  1.40682103e-03 
 9.01924150e+00  1.40758500e-03 
 9.02916510e+00  1.40834897e-03 
 9.03908871e+00  1.40911293e-03 
 9.04901231e+00  1.40987690e-03 
 9.05893591e+00  1.41064087e-03 
 9.06885952e+00  1.41140483e-03 
 9.07878312e+00  1.41216880e-03 
 9.08870672e+00  1.41293277e-03 
 9.09863033e+00  1.41369673e-03 
 9.10855393e+00  1.41446070e-03 
 9.11847753e+00  1.41522467e-03 
 9.12840114e+00  1.41598863e-03 
 9.13832474e+00  1.41675260e-03 
 9.14824834e+00  1.41751657e-03 
 9.15817195e+00  1.41828053e-03 
 9.16809555e+00  1.41904450e-03 
 9.17801915e+00  1.41980847e-03 
 9.18794276e+00  1.42057243e-03 
 9.19786636e+00  1.42133640e-03 
 9.20778996e+00  1.42210037e-03 
 9.21771357e+00  1.42286433e-03 
 9.22763717e+00  1.42362830e-03 
 9.23756077e+00  1.42439227e-03 
 9.24748438e+00  1.42515623e-03 
 9.25740798e+00  1.42592020e-03 
 9.26733158e+00  1.42668417e-03 
 9.27725519e+00  1.42744813e-03 
 9.28717879e+00  1.42821210e-03 
 9.29710239e+00  1.42897607e-03 
 9.30702600e+00  1.42974003e-03 
 9.31694960e+00  1.43050400e-03 
 9.32687320e+00  1.43126797e-03 
 9.33679681e+00  1.43203193e-03 
 9.34672041e+00  1.43279590e-03 
 9.35664401e+00  1.43355986e-03 
 9.36656762e+00  1.43432383e-03 
 9.37649122e+00  1.43508780e-03 
 9.38641482e+00  1.43585176e-03 
 9.39633843e+00  1.43661573e-03 
 9.40626203e+00  1.43737970e-03 
 9.41618563e+00  1.43814366e-03 
 9.42610924e+00  1.43890763e-03 
 9.43603284e+00  1.43967160e-03 
 9.44595644e+00  1.44043556e-03 
 9.45588005e+00  1.44119953e-03 
 9.46580365e+00  1.44196350e-03 
 9.47572725e+00  1.44272746e-03 
 9.48565086e+00  1.44349143e-03 
 9.49557446e+00  1.44425540e-03 
 9.50549806e+00  1.44501936e-03 
 9.51542167e+00  1.44578333e-03 
 9.52534527e+00  1.44654730e-03 
 9.53526887e+00  1.44731126e-03 
 9.54519248e+00  1.44807523e-03 
 9.55511608e+00  1.44883920e-03 
 9.56503968e+00  1.44960316e-03 
 9.57496329e+00  1.45036713e-03 
 9.58488689e+00  1.45113110e-03 
 9.59481049e+00  1.45189506e-03 
 9.60473410e+00  1.45265903e-03 
 9.61465770e+00  1.45342300e-03 
 9.62458130e+00  1.45418696e-03 
 9.63450491e+00  1.45495093e-03 
 9.64442851e+00  1.45571490e-03 
 9.65435211e+00  1.45647886e-03 
 9.66427572e+00  1.45724283e-03 
 9.67419932e+00  1.45800680e-03 
 9.68412292e+00  1.45877076e-03 
 9.69404653e+00  1.45953473e-03 
 9.70397013e+00  1.46029870e-03 
 9.71389373e+00  1.46106266e-03 
 9.72381734e+00  1.46182663e-03 
 9.73374094e+00  1.46259060e-03 
 9.74366454e+00  1.46335456e-03 
 9.75358815e+00  1.46411853e-03 
 9.76351175e+00  1.46488250e-03 
 9.77343535e+00  1.46564646e-03 
 9.78335896e+00  1.46641043e-03 
 9.79328256e+00  1.46717440e-03 
 9.80320616e+00  1.46793836e-03 
 9.81312977e+00  1.46870233e-03 
 9.82305337e+00  1.46946630e-03 
 9.83297697e+00  1.47023026e-03 
 9.84290058e+00  1.47099423e-03 
 9.85282418e+00  1.47175820e-03 
 9.86274778e+00  1.47252216e-03 
 9.87267139e+00  1.47328613e-03 
 9.88259499e+00  1.47405010e-03 
 9.89251859e+00  1.47481406e-03 
 9.90244220e+00  1.47557803e-03 
 9.91236580e+00  1.47634199e-03 
 9.92228940e+00  1.47710596e-03 
 9.93221301e+00  1.47786993e-03 
 9.94213661e+00  1.47863389e-03 
 9.95206021e+00  1.47939786e-03 
 9.96198382e+00  1.48016183e-03 
 9.97190742e+00  1.48092579e-03 
 9.98183102e+00  1.48168976e-03 
 9.99175463e+00  1.48245373e-03 
 1.00016782e+01  1.48321769e-03 
 1.00116018e+01  1.48398166e-03 
 1.00215254e+01  1.48474563e-03 
 1.00314490e+01  1.48550959e-03 
 1.00413726e+01  1.48627356e-03 
 1.00512962e+01  1.48703753e-03 
 1.00612199e+01  1.48780149e-03 
 1.00711435e+01  1.48856546e-03 
 1.00810671e+01  1.48932943e-03 
 1.00909907e+01  1.49009339e-03 
 1.01009143e+01  1.49085736e-03 
 1.01108379e+01  1.49162133e-03 
 1.01207615e+01  1.49238529e-03 
 1.01306851e+01  1.49314926e-03 
 1.01406087e+01  1.49391323e-03 
 1.01505323e+01  1.49467719e-03 
 1.01604559e+01  1.49544116e-03 
 1.01703795e+01  1.49620513e-03 
 1.01803031e+01  1.49696909e-03 
 1.01902267e+01  1.49773306e-03 
 1.02001503e+01  1.49849703e-03 
 1.02100739e+01  1.49926099e-03 
 1.02199975e+01  1.50002496e-03 
 1.02299211e+01  1.50078893e-03 
 1.02398447e+01  1.50155289e-03 
 1.02497683e+01  1.50231686e-03 
 1.02596919e+01  1.50308083e-03 
 1.02696155e+01  1.50384479e-03 
 1.02795391e+01  1.50460876e-03 
 1.02894627e+01  1.50537273e-03 
 1.02993863e+01  1.50613669e-03 
 1.03093099e+01  1.50690066e-03 
 1.03192335e+01  1.50766463e-03 
 1.03291571e+01  1.50842859e-03 
 1.03390807e+01  1.50919256e-03 
 1.03490043e+01  1.50995653e-03 
 1.03589280e+01  1.51072049e-03 
 1.03688516e+01  1.51148446e-03 
 1.03787752e+01  1.51224843e-03 
 1.03886988e+01  1.51301239e-03 
 1.03986224e+01  1.51377636e-03 
 1.04085460e+01  1.51454033e-03 
 1.04184696e+01  1.51530429e-03 
 1.04283932e+01  1.51606826e-03 
 1.04383168e+01  1.51683223e-03 
 1.04482404e+01  1.51759619e-03 
 1.04581640e+01  1.51836016e-03 
 1.04680876e+01  1.51912413e-03 
 1.04780112e+01  1.51988809e-03 
 1.04879348e+01  1.52065206e-03 
 1.04978584e+01  1.52141603e-03 
 1.05077820e+01  1.52217999e-03 
 1.05177056e+01  1.52294396e-03 
 1.05276292e+01  1.52370793e-03 
 1.05375528e+01  1.52447189e-03 
 1.05474764e+01  1.52523586e-03 
 1.05574000e+01  1.52599982e-03 
 1.05673236e+01  1.52676379e-03 
 1.05772472e+01  1.52752776e-03 
 1.05871708e+01  1.52829172e-03 
 1.05970944e+01  1.52905569e-03 
 1.06070180e+01  1.52981966e-03 
 1.06169416e+01  1.53058362e-03 
 1.06268652e+01  1.53134759e-03 
 1.06367888e+01  1.53211156e-03 
 1.06467124e+01  1.53287552e-03 
 1.06566361e+01  1.53363949e-03 
 1.06665597e+01  1.53440346e-03 
 1.06764833e+01  1.53516742e-03 
 1.06864069e+01  1.53593139e-03 
 1.06963305e+01  1.53669536e-03 
 1.07062541e+01  1.53745932e-03 
 1.07161777e+01  1.53822329e-03 
 1.07261013e+01  1.53898726e-03 
 1.07360249e+01  1.53975122e-03 
 1.07459485e+01  1.54051519e-03 
 1.07558721e+01  1.54127916e-03 
 1.07657957e+01  1.54204312e-03 
 1.07757193e+01  1.54280709e-03 
 1.07856429e+01  1.54357106e-03 
 1.07955665e+01  1.54433502e-03 
 1.08054901e+01  1.54509899e-03 
 1.08154137e+01  1.54586296e-03 
 1.08253373e+01  1.54662692e-03 
 1.08352609e+01  1.54739089e-03 
 1.08451845e+01  1.54815486e-03 
 1.08551081e+01  1.54891882e-03 
 1.08650317e+01  1.54968279e-03 
 1.08749553e+01  1.55044676e-03 
 1.08848789e+01  1.55121072e-03 
 1.08948025e+01  1.55197469e-03 
 1.09047261e+01  1.55273866e-03 
 1.09146497e+01  1.55350262e-03 
 1.09245733e+01  1.55426659e-03 
 1.09344969e+01  1.55503056e-03 
 1.09444205e+01  1.55579452e-03 
 1.09543442e+01  1.55655849e-03 
 1.09642678e+01  1.55732246e-03 
 1.09741914e+01  1.55808642e-03 
 1.09841150e+01  1.55885039e-03 
 1.09940386e+01  1.55961436e-03 
 1.10039622e+01  1.56037832e-03 
 1.10138858e+01  1.56114229e-03 
 1.10238094e+01  1.56190626e-03 
 1.10337330e+01  1.56267022e-03 
 1.10436566e+01  1.56343419e-03 
 1.10535802e+01  1.56419816e-03 
 1.10635038e+01  1.56496212e-03 
 1.10734274e+01  1.56572609e-03 
 1.10833510e+01  1.56649006e-03 
 1.10932746e+01  1.56725402e-03 
 1.11031982e+01  1.56801799e-03 
 1.11131218e+01  1.56878196e-03 
 1.11230454e+01  1.56954592e-03 
 1.11329690e+01  1.57030989e-03 
 1.11428926e+01  1.57107386e-03 
 1.11528162e+01  1.57183782e-03 
 1.11627398e+01  1.57260179e-03 
 1.11726634e+01  1.57336576e-03 
 1.11825870e+01  1.57412972e-03 
 1.11925106e+01  1.57489369e-03 
 1.12024342e+01  1.57565766e-03 
 1.12123578e+01  1.57642162e-03 
 1.12222814e+01  1.57718559e-03 
 1.12322050e+01  1.57794956e-03 
 1.12421286e+01  1.57871352e-03 
 1.12520523e+01  1.57947749e-03 
 1.12619759e+01  1.58024146e-03 
 1.12718995e+01  1.58100542e-03 
 1.12818231e+01  1.58176939e-03 
 1.12917467e+01  1.58253336e-03 
 1.13016703e+01  1.58329732e-03 
 1.13115939e+01  1.58406129e-03 
 1.13215175e+01  1.58482526e-03 
 1.13314411e+01  1.58558922e-03 
 1.13413647e+01  1.58635319e-03 
 1.13512883e+01  1.58711716e-03 
 1.13612119e+01  1.58788112e-03 
 1.13711355e+01  1.58864509e-03 
 1.13810591e+01  1.58940906e-03 
 1.13909827e+01  1.59017302e-03 
 1.14009063e+01  1.59093699e-03 
 1.14108299e+01  1.59170095e-03 
 1.14207535e+01  1.59246492e-03 
 1.14306771e+01  1.59322889e-03 
 1.14406007e+01  1.59399285e-03 
 1.14505243e+01  1.59475682e-03 
 1.14604479e+01  1.59552079e-03 
 1.14703715e+01  1.59628475e-03 
 1.14802951e+01  1.59704872e-03 
 1.14902187e+01  1.59781269e-03 
 1.15001423e+01  1.59857665e-03 
 1.15100659e+01  1.59934062e-03 
 1.15199895e+01  1.60010459e-03 
 1.15299131e+01  1.60086855e-03 
 1.15398367e+01  1.60163252e-03 
 1.15497604e+01  1.60239649e-03 
 1.15596840e+01  1.60316045e-03 
 1.15696076e+01  1.60392442e-03 
 1.15795312e+01  1.60468839e-03 
 1.15894548e+01  1.60545235e-03 
 1.15993784e+01  1.60621632e-03 
 1.16093020e+01  1.60698029e-03 
 1.16192256e+01  1.60774425e-03 
 1.16291492e+01  1.60850822e-03 
 1.16390728e+01  1.60927219e-03 
 1.16489964e+01  1.61003615e-03 
 1.16589200e+01  1.61080012e-03 
 1.16688436e+01  1.61156409e-03 
 1.16787672e+01  1.61232805e-03 
 1.16886908e+01  1.61309202e-03 
 1.16986144e+01  1.61385599e-03 
 1.17085380e+01  1.61461995e-03 
 1.17184616e+01  1.61538392e-03 
 1.17283852e+01  1.61614789e-03 
 1.17383088e+01  1.61691185e-03 
 1.17482324e+01  1.61767582e-03 
 1.17581560e+01  1.61843979e-03 
 1.17680796e+01  1.61920375e-03 
 1.17780032e+01  1.61996772e-03 
 1.17879268e+01  1.62073169e-03 
 1.17978504e+01  1.62149565e-03 
 1.18077740e+01  1.62225962e-03 
 1.18176976e+01  1.62302359e-03 
 1.18276212e+01  1.62378755e-03 
 1.18375448e+01  1.62455152e-03 
 1.18474685e+01  1.62531549e-03 
 1.18573921e+01  1.62607945e-03 
 1.18673157e+01  1.62684342e-03 
 1.18772393e+01  1.62760739e-03 
 1.18871629e+01  1.62837135e-03 
 1.18970865e+01  1.62913532e-03 
 1.19070101e+01  1.62989929e-03 
 1.19169337e+01  1.63066325e-03 
 1.19268573e+01  1.63142722e-03 
 1.19367809e+01  1.63219119e-03 
 1.19467045e+01  1.63295515e-03 
 1.19566281e+01  1.63371912e-03 
 1.19665517e+01  1.63448309e-03 
 1.19764753e+01  1.63524705e-03 
 1.19863989e+01  1.63601102e-03 
 1.19963225e+01  1.63677499e-03 
 1.20062461e+01  1.63753895e-03 
 1.20161697e+01  1.63830292e-03 
 1.20260933e+01  1.63906689e-03 
 1.20360169e+01  1.63983085e-03 
 1.20459405e+01  1.64059482e-03 
 1.20558641e+01  1.64135879e-03 
 1.20657877e+01  1.64212275e-03 
 1.20757113e+01  1.64288672e-03 
 1.20856349e+01  1.64365069e-03 
 1.20955585e+01  1.64441465e-03 
 1.21054821e+01  1.64517862e-03 
 1.21154057e+01  1.64594259e-03 
 1.21253293e+01  1.64670655e-03 
 1.21352529e+01  1.64747052e-03 
 1.21451766e+01  1.64823449e-03 
 1.21551002e+01  1.64899845e-03 
 1.21650238e+01  1.64976242e-03 
 1.21749474e+01  1.65052639e-03 
 1.21848710e+01  1.65129035e-03 
 1.21947946e+01  1.65205432e-03 
 1.22047182e+01  1.65281829e-03 
 1.22146418e+01  1.65358225e-03 
 1.22245654e+01  1.65434622e-03 
 1.22344890e+01  1.65511019e-03 
 1.22444126e+01  1.65587415e-03 
 1.22543362e+01  1.65663812e-03 
 1.22642598e+01  1.65740209e-03 
 1.22741834e+01  1.65816605e-03 
 1.22841070e+01  1.65893002e-03 
 1.22940306e+01  1.65969399e-03 
 1.23039542e+01  1.66045795e-03 
 1.23138778e+01  1.66122192e-03 
 1.23238014e+01  1.66198589e-03 
 1.23337250e+01  1.66274985e-03 
 1.23436486e+01  1.66351382e-03 
 1.23535722e+01  1.66427779e-03 
 1.23634958e+01  1.66504175e-03 
 1.23734194e+01  1.66580572e-03 
 1.23833430e+01  1.66656969e-03 
 1.23932666e+01  1.66733365e-03 
 1.24031902e+01  1.66809762e-03 
 1.24131138e+01  1.66886159e-03 
 1.24230374e+01  1.66962555e-03 
 1.24329610e+01  1.67038952e-03 
 1.24428847e+01  1.67115349e-03 
 1.24528083e+01  1.67191745e-03 
 1.24627319e+01  1.67268142e-03 
 1.24726555e+01  1.67344539e-03 
 1.24825791e+01  1.67420935e-03 
 1.24925027e+01  1.67497332e-03 
 1.25024263e+01  1.67573729e-03 
 1.25123499e+01  1.67650125e-03 
 1.25222735e+01  1.67726522e-03 
 1.25321971e+01  1.67802919e-03 
 1.25421207e+01  1.67879315e-03 
 1.25520443e+01  1.67955712e-03 
 1.25619679e+01  1.68032109e-03 
 1.25718915e+01  1.68108505e-03 
 1.25818151e+01  1.68184902e-03 
 1.25917387e+01  1.68261299e-03 
 1.26016623e+01  1.68337695e-03 
 1.26115859e+01  1.68414092e-03 
 1.26215095e+01  1.68490489e-03 
 1.26314331e+01  1.68566885e-03 
 1.26413567e+01  1.68643282e-03 
 1.26512803e+01  1.68719679e-03 
 1.26612039e+01  1.68796075e-03 
 1.26711275e+01  1.68872472e-03 
 1.26810511e+01  1.68948869e-03 
 1.26909747e+01  1.69025265e-03 
 1.27008983e+01  1.69101662e-03 
 1.27108219e+01  1.69178059e-03 
 1.27207455e+01  1.69254455e-03 
 1.27306691e+01  1.69330852e-03 
 1.27405928e+01  1.69407249e-03 
 1.27505164e+01  1.69483645e-03 
 1.27604400e+01  1.69560042e-03 
 1.27703636e+01  1.69636439e-03 
 1.27802872e+01  1.69712835e-03 
 1.27902108e+01  1.69789232e-03 
 1.28001344e+01  1.69865629e-03 
 1.28100580e+01  1.69942025e-03 
 1.28199816e+01  1.70018422e-03 
 1.28299052e+01  1.70094819e-03 
 1.28398288e+01  1.70171215e-03 
 1.28497524e+01  1.70247612e-03 
 1.28596760e+01  1.70324009e-03 
 1.28695996e+01  1.70400405e-03 
 1.28795232e+01  1.70476802e-03 
 1.28894468e+01  1.70553199e-03 
 1.28993704e+01  1.70629595e-03 
 1.29092940e+01  1.70705992e-03 
 1.29192176e+01  1.70782389e-03 
 1.29291412e+01  1.70858785e-03 
 1.29390648e+01  1.70935182e-03 
 1.29489884e+01  1.71011579e-03 
 1.29589120e+01  1.71087975e-03 
 1.29688356e+01  1.71164372e-03 
 1.29787592e+01  1.71240769e-03 
 1.29886828e+01  1.71317165e-03 
 1.29986064e+01  1.71393562e-03 
 1.30085300e+01  1.71469958e-03 
 1.30184536e+01  1.71546355e-03 
 1.30283772e+01  1.71622752e-03 
 1.30383009e+01  1.71699148e-03 
 1.30482245e+01  1.71775545e-03 
 1.30581481e+01  1.71851942e-03 
 1.30680717e+01  1.71928338e-03 
 1.30779953e+01  1.72004735e-03 
 1.30879189e+01  1.72081132e-03 
 1.30978425e+01  1.72157528e-03 
 1.31077661e+01  1.72233925e-03 
 1.31176897e+01  1.72310322e-03 
 1.31276133e+01  1.72386718e-03 
 1.31375369e+01  1.72463115e-03 
 1.31474605e+01  1.72539512e-03 
 1.31573841e+01  1.72615908e-03 
 1.31673077e+01  1.72692305e-03 
 1.31772313e+01  1.72768702e-03 
 1.31871549e+01  1.72845098e-03 
 1.31970785e+01  1.72921495e-03 
 1.32070021e+01  1.72997892e-03 
 1.32169257e+01  1.73074288e-03 
 1.32268493e+01  1.73150685e-03 
 1.32367729e+01  1.73227082e-03 
 1.32466965e+01  1.73303478e-03 
 1.32566201e+01  1.73379875e-03 
 1.32665437e+01  1.73456272e-03 
 1.32764673e+01  1.73532668e-03 
 1.32863909e+01  1.73609065e-03 
 1.32963145e+01  1.73685462e-03 
 1.33062381e+01  1.73761858e-03 
 1.33161617e+01  1.73838255e-03 
 1.33260853e+01  1.73914652e-03 
 1.33360090e+01  1.73991048e-03 
 1.33459326e+01  1.74067445e-03 
 1.33558562e+01  1.74143842e-03 
 1.33657798e+01  1.74220238e-03 
 1.33757034e+01  1.74296635e-03 
 1.33856270e+01  1.74373032e-03 
 1.33955506e+01  1.74449428e-03 
 1.34054742e+01  1.74525825e-03 
 1.34153978e+01  1.74602222e-03 
 1.34253214e+01  1.74678618e-03 
 1.34352450e+01  1.74755015e-03 
 1.34451686e+01  1.74831412e-03 
 1.34550922e+01  1.74907808e-03 
 1.34650158e+01  1.74984205e-03 
 1.34749394e+01  1.75060602e-03 
 1.34848630e+01  1.75136998e-03 
 1.34947866e+01  1.75213395e-03 
 1.35047102e+01  1.75289792e-03 
 1.35146338e+01  1.75366188e-03 
 1.35245574e+01  1.75442585e-03 
 1.35344810e+01  1.75518982e-03 
 1.35444046e+01  1.75595378e-03 
 1.35543282e+01  1.75671775e-03 
 1.35642518e+01  1.75748172e-03 
 1.35741754e+01  1.75824568e-03 
 1.35840990e+01  1.75900965e-03 
 1.35940226e+01  1.75977362e-03 
 1.36039462e+01  1.76053758e-03 
 1.36138698e+01  1.76130155e-03 
 1.36237934e+01  1.76206552e-03 
 1.36337171e+01  1.76282948e-03 
 1.36436407e+01  1.76359345e-03 
 1.36535643e+01  1.76435742e-03 
 1.36634879e+01  1.76512138e-03 
 1.36734115e+01  1.76588535e-03 
 1.36833351e+01  1.76664932e-03 
 1.36932587e+01  1.76741328e-03 
 1.37031823e+01  1.76817725e-03 
 1.37131059e+01  1.76894122e-03 
 1.37230295e+01  1.76970518e-03 
 1.37329531e+01  1.77046915e-03 
 1.37428767e+01  1.77123312e-03 
 1.37528003e+01  1.77199708e-03 
 1.37627239e+01  1.77276105e-03 
 1.37726475e+01  1.77352502e-03 
 1.37825711e+01  1.77428898e-03 
 1.37924947e+01  1.77505295e-03 
 1.38024183e+01  1.77581692e-03 
 1.38123419e+01  1.77658088e-03 
 1.38222655e+01  1.77734485e-03 
 1.38321891e+01  1.77810882e-03 
 1.38421127e+01  1.77887278e-03 
 1.38520363e+01  1.77963675e-03 
 1.38619599e+01  1.78040072e-03 
 1.38718835e+01  1.78116468e-03 
 1.38818071e+01  1.78192865e-03 
 1.38917307e+01  1.78269262e-03 
 1.39016543e+01  1.78345658e-03 
 1.39115779e+01  1.78422055e-03 
 1.39215015e+01  1.78498452e-03 
 1.39314252e+01  1.78574848e-03 
 1.39413488e+01  1.78651245e-03 
 1.39512724e+01  1.78727642e-03 
 1.39611960e+01  1.78804038e-03 
 1.39711196e+01  1.78880435e-03 
 1.39810432e+01  1.78956832e-03 
 1.39909668e+01  1.79033228e-03 
 1.40008904e+01  1.79109625e-03 
 1.40108140e+01  1.79186022e-03 
 1.40207376e+01  1.79262418e-03 
 1.40306612e+01  1.79338815e-03 
 1.40405848e+01  1.79415212e-03 
 1.40505084e+01  1.79491608e-03 
 1.40604320e+01  1.79568005e-03 
 1.40703556e+01  1.79644402e-03 
 1.40802792e+01  1.79720798e-03 
 1.40902028e+01  1.79797195e-03 
 1.41001264e+01  1.79873592e-03 
 1.41100500e+01  1.79949989e-03 
 1.41199736e+01  1.80026385e-03 
 1.41298972e+01  1.80102782e-03 
 1.41398208e+01  1.80179179e-03 
 1.41497444e+01  1.80255575e-03 
 1.41596680e+01  1.80331972e-03 
 1.41695916e+01  1.80408369e-03 
 1.41795152e+01  1.80484765e-03 
 1.41894388e+01  1.80561162e-03 
 1.41993624e+01  1.80637559e-03 
 1.42092860e+01  1.80713955e-03 
 1.42192096e+01  1.80790352e-03 
 1.42291333e+01  1.80866749e-03 
 1.42390569e+01  1.80943145e-03 
 1.42489805e+01  1.81019542e-03 
 1.42589041e+01  1.81095939e-03 
 1.42688277e+01  1.81172335e-03 
 1.42787513e+01  1.81248732e-03 
 1.42886749e+01  1.81325129e-03 
 1.42985985e+01  1.81401525e-03 
 1.43085221e+01  1.81477922e-03 
 1.43184457e+01  1.81554319e-03 
 1.43283693e+01  1.81630715e-03 
 1.43382929e+01  1.81707112e-03 
 1.43482165e+01  1.81783509e-03 
 1.43581401e+01  1.81859905e-03 
 1.43680637e+01  1.81936302e-03 
 1.43779873e+01  1.82012699e-03 
 1.43879109e+01  1.82089095e-03 
 1.43978345e+01  1.82165492e-03 
 1.44077581e+01  1.82241889e-03 
 1.44176817e+01  1.82318285e-03 
 1.44276053e+01  1.82394682e-03 
 1.44375289e+01  1.82471079e-03 
 1.44474525e+01  1.82547475e-03 
 1.44573761e+01  1.82623872e-03 
 1.44672997e+01  1.82700269e-03 
 1.44772233e+01  1.82776665e-03 
 1.44871469e+01  1.82853062e-03 
 1.44970705e+01  1.82929459e-03 
 1.45069941e+01  1.83005855e-03 
 1.45169177e+01  1.83082252e-03 
 1.45268414e+01  1.83158649e-03 
 1.45367650e+01  1.83235045e-03 
 1.45466886e+01  1.83311442e-03 
 1.45566122e+01  1.83387839e-03 
 1.45665358e+01  1.83464235e-03 
 1.45764594e+01  1.83540632e-03 
 1.45863830e+01  1.83617029e-03 
 1.45963066e+01  1.83693425e-03 
 1.46062302e+01  1.83769822e-03 
 1.46161538e+01  1.83846219e-03 
 1.46260774e+01  1.83922615e-03 
 1.46360010e+01  1.83999012e-03 
 1.46459246e+01  1.84075409e-03 
 1.46558482e+01  1.84151805e-03 
 1.46657718e+01  1.84228202e-03 
 1.46756954e+01  1.84304599e-03 
 1.46856190e+01  1.84380995e-03 
 1.46955426e+01  1.84457392e-03 
 1.47054662e+01  1.84533789e-03 
 1.47153898e+01  1.84610185e-03 
 1.47253134e+01  1.84686582e-03 
 1.47352370e+01  1.84762979e-03 
 1.47451606e+01  1.84839375e-03 
 1.47550842e+01  1.84915772e-03 
 1.47650078e+01  1.84992169e-03 
 1.47749314e+01  1.85068565e-03 
 1.47848550e+01  1.85144962e-03 
 1.47947786e+01  1.85221359e-03 
 1.48047022e+01  1.85297755e-03 
 1.48146258e+01  1.85374152e-03 
