 5.09490730e-03 -5.09490730e-05 
 8.85794761e-03  1.14205239e-05 
 1.26529802e-02  7.34701977e-05 
 1.64825051e-02  1.35174949e-04 
 2.03492580e-02  1.96507420e-04 
 2.42563087e-02  2.57436913e-04 
 2.82070941e-02  3.17929059e-04 
 3.22054745e-02  3.77945255e-04 
 3.62558006e-02  4.37441994e-04 
 4.03629924e-02  4.96370076e-04 
 4.45326332e-02  5.54673668e-04 
 4.87710811e-02  6.12289189e-04 
 5.30856010e-02  6.69143990e-04 
 5.74845215e-02  7.25154785e-04 
 6.19774188e-02  7.80225812e-04 
 6.65753318e-02  8.34246682e-04 
 7.12910087e-02  8.87089913e-04 
 7.61391829e-02  9.38608171e-04 
 8.11368687e-02  9.88631313e-04 
 8.63036535e-02  1.03696347e-03 
 9.16619413e-02  1.08338059e-03 
 9.72370684e-02  1.12762932e-03 
 1.03057158e-01  1.16942842e-03 
 1.09152522e-01  1.20847478e-03 
 1.15554342e-01  1.24445658e-03 
 1.22292394e-01  1.27707606e-03 
 1.29391656e-01  1.30608344e-03 
 1.36868077e-01  1.33131923e-03 
 1.44724356e-01  1.35275644e-03 
 1.52947151e-01  1.37052849e-03 
 1.61507156e-01  1.38492844e-03 
 1.70362511e-01  1.39637489e-03 
 1.79464558e-01  1.40535442e-03 
 1.88764000e-01  1.41236000e-03 
 1.98215725e-01  1.41784275e-03 
 2.07781503e-01  1.42218497e-03 
 2.17430762e-01  1.42569238e-03 
 2.27140086e-01  1.42859914e-03 
 2.36892086e-01  1.43107914e-03 
 2.46674142e-01  1.43325858e-03 
 2.56477233e-01  1.43522767e-03 
 2.66294986e-01  1.43705014e-03 
 2.76122928e-01  1.43877072e-03 
 2.85957942e-01  1.44042058e-03 
 2.95797856e-01  1.44202144e-03 
 3.05641166e-01  1.44358834e-03 
 3.15486827e-01  1.44513173e-03 
 3.25334118e-01  1.44665882e-03 
 3.35182539e-01  1.44817461e-03 
 3.45031743e-01  1.44968257e-03 
 3.54881491e-01  1.45118509e-03 
 3.64731616e-01  1.45268384e-03 
 3.74582004e-01  1.45417996e-03 
 3.84432575e-01  1.45567425e-03 
 3.94283272e-01  1.45716728e-03 
 4.04134059e-01  1.45865941e-03 
 4.13984907e-01  1.46015093e-03 
 4.23835798e-01  1.46164202e-03 
 4.33686720e-01  1.46313280e-03 
 4.43537664e-01  1.46462336e-03 
 4.53388622e-01  1.46611378e-03 
 4.63239590e-01  1.46760410e-03 
 4.73090566e-01  1.46909434e-03 
 4.82941547e-01  1.47058453e-03 
 4.92792532e-01  1.47207468e-03 
 5.02643520e-01  1.47356480e-03 
 5.12494509e-01  1.47505491e-03 
 5.22345500e-01  1.47654500e-03 
 5.32196491e-01  1.47803509e-03 
 5.42047483e-01  1.47952517e-03 
 5.51898476e-01  1.48101524e-03 
 5.61749469e-01  1.48250531e-03 
 5.71600463e-01  1.48399537e-03 
 5.81451456e-01  1.48548544e-03 
 5.91302450e-01  1.48697550e-03 
 6.01153443e-01  1.48846557e-03 
 6.11004437e-01  1.48995563e-03 
 6.20855431e-01  1.49144569e-03 
 6.30706425e-01  1.49293575e-03 
 6.40557419e-01  1.49442581e-03 
 6.50408412e-01  1.49591588e-03 
 6.60259406e-01  1.49740594e-03 
 6.70110400e-01  1.49889600e-03 
 6.79961394e-01  1.50038606e-03 
 6.89812388e-01  1.50187612e-03 
 6.99663382e-01  1.50336618e-03 
 7.09514376e-01  1.50485624e-03 
 7.19365370e-01  1.50634630e-03 
 7.29216364e-01  1.50783636e-03 
 7.39067358e-01  1.50932642e-03 
 7.48918351e-01  1.51081649e-03 
 7.58769345e-01  1.51230655e-03 
 7.68620339e-01  1.51379661e-03 
 7.78471333e-01  1.51528667e-03 
 7.88322327e-01  1.51677673e-03 
 7.98173321e-01  1.51826679e-03 
 8.08024315e-01  1.51975685e-03 
 8.17875309e-01  1.52124691e-03 
 8.27726303e-01  1.52273697e-03 
 8.37577297e-01  1.52422703e-03 
 8.47428291e-01  1.52571709e-03 
 8.57279285e-01  1.52720715e-03 
 8.67130279e-01  1.52869721e-03 
 8.76981272e-01  1.53018728e-03 
 8.86832266e-01  1.53167734e-03 
 8.96683260e-01  1.53316740e-03 
 9.06534254e-01  1.53465746e-03 
 9.16385248e-01  1.53614752e-03 
 9.26236242e-01  1.53763758e-03 
 9.36087236e-01  1.53912764e-03 
 9.45938230e-01  1.54061770e-03 
 9.55789224e-01  1.54210776e-03 
 9.65640218e-01  1.54359782e-03 
 9.75491212e-01  1.54508788e-03 
 9.85342206e-01  1.54657794e-03 
 9.95193200e-01  1.54806800e-03 
 1.00504419e+00  1.54955807e-03 
 1.01489519e+00  1.55104813e-03 
 1.02474618e+00  1.55253819e-03 
 1.03459718e+00  1.55402825e-03 
 1.04444817e+00  1.55551831e-03 
 1.05429916e+00  1.55700837e-03 
 1.06415016e+00  1.55849843e-03 
 1.07400115e+00  1.55998849e-03 
 1.08385214e+00  1.56147855e-03 
 1.09370314e+00  1.56296861e-03 
 1.10355413e+00  1.56445867e-03 
 1.11340513e+00  1.56594873e-03 
 1.12325612e+00  1.56743879e-03 
 1.13310711e+00  1.56892886e-03 
 1.14295811e+00  1.57041892e-03 
 1.15280910e+00  1.57190898e-03 
 1.16266010e+00  1.57339904e-03 
 1.17251109e+00  1.57488910e-03 
 1.18236208e+00  1.57637916e-03 
 1.19221308e+00  1.57786922e-03 
 1.20206407e+00  1.57935928e-03 
 1.21191507e+00  1.58084934e-03 
 1.22176606e+00  1.58233940e-03 
 1.23161705e+00  1.58382946e-03 
 1.24146805e+00  1.58531952e-03 
 1.25131904e+00  1.58680958e-03 
 1.26117004e+00  1.58829964e-03 
 1.27102103e+00  1.58978971e-03 
 1.28087202e+00  1.59127977e-03 
 1.29072302e+00  1.59276983e-03 
 1.30057401e+00  1.59425989e-03 
 1.31042501e+00  1.59574995e-03 
 1.32027600e+00  1.59724001e-03 
 1.33012699e+00  1.59873007e-03 
 1.33997799e+00  1.60022013e-03 
 1.34982898e+00  1.60171019e-03 
 1.35967997e+00  1.60320025e-03 
 1.36953097e+00  1.60469031e-03 
 1.37938196e+00  1.60618037e-03 
 1.38923296e+00  1.60767043e-03 
 1.39908395e+00  1.60916050e-03 
 1.40893494e+00  1.61065056e-03 
 1.41878594e+00  1.61214062e-03 
 1.42863693e+00  1.61363068e-03 
 1.43848793e+00  1.61512074e-03 
 1.44833892e+00  1.61661080e-03 
 1.45818991e+00  1.61810086e-03 
 1.46804091e+00  1.61959092e-03 
 1.47789190e+00  1.62108098e-03 
 1.48774290e+00  1.62257104e-03 
 1.49759389e+00  1.62406110e-03 
 1.50744488e+00  1.62555116e-03 
 1.51729588e+00  1.62704123e-03 
 1.52714687e+00  1.62853129e-03 
 1.53699787e+00  1.63002135e-03 
 1.54684886e+00  1.63151141e-03 
 1.55669985e+00  1.63300147e-03 
 1.56655085e+00  1.63449153e-03 
 1.57640184e+00  1.63598159e-03 
 1.58625283e+00  1.63747165e-03 
 1.59610383e+00  1.63896171e-03 
 1.60595482e+00  1.64045177e-03 
 1.61580582e+00  1.64194183e-03 
 1.62565681e+00  1.64343189e-03 
 1.63550780e+00  1.64492195e-03 
 1.64535880e+00  1.64641202e-03 
 1.65520979e+00  1.64790208e-03 
 1.66506079e+00  1.64939214e-03 
 1.67491178e+00  1.65088220e-03 
 1.68476277e+00  1.65237226e-03 
 1.69461377e+00  1.65386232e-03 
 1.70446476e+00  1.65535238e-03 
 1.71431576e+00  1.65684244e-03 
 1.72416675e+00  1.65833250e-03 
 1.73401774e+00  1.65982256e-03 
 1.74386874e+00  1.66131262e-03 
 1.75371973e+00  1.66280268e-03 
 1.76357073e+00  1.66429274e-03 
 1.77342172e+00  1.66578281e-03 
 1.78327271e+00  1.66727287e-03 
 1.79312371e+00  1.66876293e-03 
 1.80297470e+00  1.67025299e-03 
 1.81282570e+00  1.67174305e-03 
 1.82267669e+00  1.67323311e-03 
 1.83252768e+00  1.67472317e-03 
 1.84237868e+00  1.67621323e-03 
 1.85222967e+00  1.67770329e-03 
 1.86208066e+00  1.67919335e-03 
 1.87193166e+00  1.68068341e-03 
 1.88178265e+00  1.68217347e-03 
 1.89163365e+00  1.68366353e-03 
 1.90148464e+00  1.68515360e-03 
 1.91133563e+00  1.68664366e-03 
 1.92118663e+00  1.68813372e-03 
 1.93103762e+00  1.68962378e-03 
 1.94088862e+00  1.69111384e-03 
 1.95073961e+00  1.69260390e-03 
 1.96059060e+00  1.69409396e-03 
 1.97044160e+00  1.69558402e-03 
 1.98029259e+00  1.69707408e-03 
 1.99014359e+00  1.69856414e-03 
 1.99999458e+00  1.70005420e-03 
 2.00984557e+00  1.70154426e-03 
 2.01969657e+00  1.70303432e-03 
 2.02954756e+00  1.70452439e-03 
 2.03939856e+00  1.70601445e-03 
 2.04924955e+00  1.70750451e-03 
 2.05910054e+00  1.70899457e-03 
 2.06895154e+00  1.71048463e-03 
 2.07880253e+00  1.71197469e-03 
 2.08865352e+00  1.71346475e-03 
 2.09850452e+00  1.71495481e-03 
 2.10835551e+00  1.71644487e-03 
 2.11820651e+00  1.71793493e-03 
 2.12805750e+00  1.71942499e-03 
 2.13790849e+00  1.72091505e-03 
 2.14775949e+00  1.72240511e-03 
 2.15761048e+00  1.72389518e-03 
 2.16746148e+00  1.72538524e-03 
 2.17731247e+00  1.72687530e-03 
 2.18716346e+00  1.72836536e-03 
 2.19701446e+00  1.72985542e-03 
 2.20686545e+00  1.73134548e-03 
 2.21671645e+00  1.73283554e-03 
 2.22656744e+00  1.73432560e-03 
 2.23641843e+00  1.73581566e-03 
 2.24626943e+00  1.73730572e-03 
 2.25612042e+00  1.73879578e-03 
 2.26597142e+00  1.74028584e-03 
 2.27582241e+00  1.74177590e-03 
 2.28567340e+00  1.74326597e-03 
 2.29552440e+00  1.74475603e-03 
 2.30537539e+00  1.74624609e-03 
 2.31522639e+00  1.74773615e-03 
 2.32507738e+00  1.74922621e-03 
 2.33492837e+00  1.75071627e-03 
 2.34477937e+00  1.75220633e-03 
 2.35463036e+00  1.75369639e-03 
 2.36448135e+00  1.75518645e-03 
 2.37433235e+00  1.75667651e-03 
 2.38418334e+00  1.75816657e-03 
 2.39403434e+00  1.75965663e-03 
 2.40388533e+00  1.76114670e-03 
 2.41373632e+00  1.76263676e-03 
 2.42358732e+00  1.76412682e-03 
 2.43343831e+00  1.76561688e-03 
 2.44328931e+00  1.76710694e-03 
 2.45314030e+00  1.76859700e-03 
 2.46299129e+00  1.77008706e-03 
 2.47284229e+00  1.77157712e-03 
 2.48269328e+00  1.77306718e-03 
 2.49254428e+00  1.77455724e-03 
 2.50239527e+00  1.77604730e-03 
 2.51224626e+00  1.77753736e-03 
 2.52209726e+00  1.77902742e-03 
 2.53194825e+00  1.78051749e-03 
 2.54179925e+00  1.78200755e-03 
 2.55165024e+00  1.78349761e-03 
 2.56150123e+00  1.78498767e-03 
 2.57135223e+00  1.78647773e-03 
 2.58120322e+00  1.78796779e-03 
 2.59105421e+00  1.78945785e-03 
 2.60090521e+00  1.79094791e-03 
 2.61075620e+00  1.79243797e-03 
 2.62060720e+00  1.79392803e-03 
 2.63045819e+00  1.79541809e-03 
 2.64030918e+00  1.79690815e-03 
 2.65016018e+00  1.79839821e-03 
 2.66001117e+00  1.79988828e-03 
 2.66986217e+00  1.80137834e-03 
 2.67971316e+00  1.80286840e-03 
 2.68956415e+00  1.80435846e-03 
 2.69941515e+00  1.80584852e-03 
 2.70926614e+00  1.80733858e-03 
 2.71911714e+00  1.80882864e-03 
 2.72896813e+00  1.81031870e-03 
 2.73881912e+00  1.81180876e-03 
 2.74867012e+00  1.81329882e-03 
 2.75852111e+00  1.81478888e-03 
 2.76837211e+00  1.81627894e-03 
 2.77822310e+00  1.81776900e-03 
 2.78807409e+00  1.81925907e-03 
 2.79792509e+00  1.82074913e-03 
 2.80777608e+00  1.82223919e-03 
 2.81762708e+00  1.82372925e-03 
 2.82747807e+00  1.82521931e-03 
 2.83732906e+00  1.82670937e-03 
 2.84718006e+00  1.82819943e-03 
 2.85703105e+00  1.82968949e-03 
 2.86688204e+00  1.83117955e-03 
 2.87673304e+00  1.83266961e-03 
 2.88658403e+00  1.83415967e-03 
 2.89643503e+00  1.83564973e-03 
 2.90628602e+00  1.83713980e-03 
 2.91613701e+00  1.83862986e-03 
 2.92598801e+00  1.84011992e-03 
 2.93583900e+00  1.84160998e-03 
 2.94569000e+00  1.84310004e-03 
 2.95554099e+00  1.84459010e-03 
 2.96539198e+00  1.84608016e-03 
 2.97524298e+00  1.84757022e-03 
 2.98509397e+00  1.84906028e-03 
 2.99494497e+00  1.85055034e-03 
 3.00479596e+00  1.85204040e-03 
 3.01464695e+00  1.85353046e-03 
 3.02449795e+00  1.85502052e-03 
 3.03434894e+00  1.85651059e-03 
 3.04419994e+00  1.85800065e-03 
 3.05405093e+00  1.85949071e-03 
 3.06390192e+00  1.86098077e-03 
 3.07375292e+00  1.86247083e-03 
 3.08360391e+00  1.86396089e-03 
 3.09345490e+00  1.86545095e-03 
 3.10330590e+00  1.86694101e-03 
 3.11315689e+00  1.86843107e-03 
 3.12300789e+00  1.86992113e-03 
 3.13285888e+00  1.87141119e-03 
 3.14270987e+00  1.87290125e-03 
 3.15256087e+00  1.87439132e-03 
 3.16241186e+00  1.87588138e-03 
 3.17226286e+00  1.87737144e-03 
 3.18211385e+00  1.87886150e-03 
 3.19196484e+00  1.88035156e-03 
 3.20181584e+00  1.88184162e-03 
 3.21166683e+00  1.88333168e-03 
 3.22151783e+00  1.88482174e-03 
 3.23136882e+00  1.88631180e-03 
 3.24121981e+00  1.88780186e-03 
 3.25107081e+00  1.88929192e-03 
 3.26092180e+00  1.89078198e-03 
 3.27077280e+00  1.89227204e-03 
 3.28062379e+00  1.89376211e-03 
 3.29047478e+00  1.89525217e-03 
 3.30032578e+00  1.89674223e-03 
 3.31017677e+00  1.89823229e-03 
 3.32002777e+00  1.89972235e-03 
 3.32987876e+00  1.90121241e-03 
 3.33972975e+00  1.90270247e-03 
 3.34958075e+00  1.90419253e-03 
 3.35943174e+00  1.90568259e-03 
 3.36928273e+00  1.90717265e-03 
 3.37913373e+00  1.90866271e-03 
 3.38898472e+00  1.91015277e-03 
 3.39883572e+00  1.91164284e-03 
 3.40868671e+00  1.91313290e-03 
 3.41853770e+00  1.91462296e-03 
 3.42838870e+00  1.91611302e-03 
 3.43823969e+00  1.91760308e-03 
 3.44809069e+00  1.91909314e-03 
 3.45794168e+00  1.92058320e-03 
 3.46779267e+00  1.92207326e-03 
 3.47764367e+00  1.92356332e-03 
 3.48749466e+00  1.92505338e-03 
 3.49734566e+00  1.92654344e-03 
 3.50719665e+00  1.92803350e-03 
 3.51704764e+00  1.92952356e-03 
 3.52689864e+00  1.93101363e-03 
 3.53674963e+00  1.93250369e-03 
 3.54660063e+00  1.93399375e-03 
 3.55645162e+00  1.93548381e-03 
 3.56630261e+00  1.93697387e-03 
 3.57615361e+00  1.93846393e-03 
 3.58600460e+00  1.93995399e-03 
 3.59585559e+00  1.94144405e-03 
 3.60570659e+00  1.94293411e-03 
 3.61555758e+00  1.94442417e-03 
 3.62540858e+00  1.94591423e-03 
 3.63525957e+00  1.94740429e-03 
 3.64511056e+00  1.94889436e-03 
 3.65496156e+00  1.95038442e-03 
 3.66481255e+00  1.95187448e-03 
 3.67466355e+00  1.95336454e-03 
 3.68451454e+00  1.95485460e-03 
 3.69436553e+00  1.95634466e-03 
 3.70421653e+00  1.95783472e-03 
 3.71406752e+00  1.95932478e-03 
 3.72391852e+00  1.96081484e-03 
 3.73376951e+00  1.96230490e-03 
 3.74362050e+00  1.96379496e-03 
 3.75347150e+00  1.96528502e-03 
 3.76332249e+00  1.96677508e-03 
 3.77317349e+00  1.96826515e-03 
 3.78302448e+00  1.96975521e-03 
 3.79287547e+00  1.97124527e-03 
 3.80272647e+00  1.97273533e-03 
 3.81257746e+00  1.97422539e-03 
 3.82242846e+00  1.97571545e-03 
 3.83227945e+00  1.97720551e-03 
 3.84213044e+00  1.97869557e-03 
 3.85198144e+00  1.98018563e-03 
 3.86183243e+00  1.98167569e-03 
 3.87168342e+00  1.98316575e-03 
 3.88153442e+00  1.98465581e-03 
 3.89138541e+00  1.98614588e-03 
 3.90123641e+00  1.98763594e-03 
 3.91108740e+00  1.98912600e-03 
 3.92093839e+00  1.99061606e-03 
 3.93078939e+00  1.99210612e-03 
 3.94064038e+00  1.99359618e-03 
 3.95049138e+00  1.99508624e-03 
 3.96034237e+00  1.99657630e-03 
 3.97019336e+00  1.99806636e-03 
 3.98004436e+00  1.99955642e-03 
 3.98989535e+00  2.00104648e-03 
 3.99974635e+00  2.00253654e-03 
 4.00959734e+00  2.00402660e-03 
 4.01944833e+00  2.00551667e-03 
 4.02929933e+00  2.00700673e-03 
 4.03915032e+00  2.00849679e-03 
 4.04900132e+00  2.00998685e-03 
 4.05885231e+00  2.01147691e-03 
 4.06870330e+00  2.01296697e-03 
 4.07855430e+00  2.01445703e-03 
 4.08840529e+00  2.01594709e-03 
 4.09825628e+00  2.01743715e-03 
 4.10810728e+00  2.01892721e-03 
 4.11795827e+00  2.02041727e-03 
 4.12780927e+00  2.02190733e-03 
 4.13766026e+00  2.02339740e-03 
 4.14751125e+00  2.02488746e-03 
 4.15736225e+00  2.02637752e-03 
 4.16721324e+00  2.02786758e-03 
 4.17706424e+00  2.02935764e-03 
 4.18691523e+00  2.03084770e-03 
 4.19676622e+00  2.03233776e-03 
 4.20661722e+00  2.03382782e-03 
 4.21646821e+00  2.03531788e-03 
 4.22631921e+00  2.03680794e-03 
 4.23617020e+00  2.03829800e-03 
 4.24602119e+00  2.03978806e-03 
 4.25587219e+00  2.04127812e-03 
 4.26572318e+00  2.04276819e-03 
 4.27557418e+00  2.04425825e-03 
 4.28542517e+00  2.04574831e-03 
 4.29527616e+00  2.04723837e-03 
 4.30512716e+00  2.04872843e-03 
 4.31497815e+00  2.05021849e-03 
 4.32482914e+00  2.05170855e-03 
 4.33468014e+00  2.05319861e-03 
 4.34453113e+00  2.05468867e-03 
 4.35438213e+00  2.05617873e-03 
 4.36423312e+00  2.05766879e-03 
 4.37408411e+00  2.05915885e-03 
 4.38393511e+00  2.06064892e-03 
 4.39378610e+00  2.06213898e-03 
 4.40363710e+00  2.06362904e-03 
 4.41348809e+00  2.06511910e-03 
 4.42333908e+00  2.06660916e-03 
 4.43319008e+00  2.06809922e-03 
 4.44304107e+00  2.06958928e-03 
 4.45289207e+00  2.07107934e-03 
 4.46274306e+00  2.07256940e-03 
 4.47259405e+00  2.07405946e-03 
 4.48244505e+00  2.07554952e-03 
 4.49229604e+00  2.07703958e-03 
 4.50214704e+00  2.07852965e-03 
 4.51199803e+00  2.08001971e-03 
 4.52184902e+00  2.08150977e-03 
 4.53170002e+00  2.08299983e-03 
 4.54155101e+00  2.08448989e-03 
 4.55140201e+00  2.08597995e-03 
 4.56125300e+00  2.08747001e-03 
 4.57110399e+00  2.08896007e-03 
 4.58095499e+00  2.09045013e-03 
 4.59080598e+00  2.09194019e-03 
 4.60065697e+00  2.09343025e-03 
 4.61050797e+00  2.09492031e-03 
 4.62035896e+00  2.09641038e-03 
 4.63020996e+00  2.09790044e-03 
 4.64006095e+00  2.09939050e-03 
 4.64991194e+00  2.10088056e-03 
 4.65976294e+00  2.10237062e-03 
 4.66961393e+00  2.10386068e-03 
 4.67946493e+00  2.10535074e-03 
 4.68931592e+00  2.10684080e-03 
 4.69916691e+00  2.10833086e-03 
 4.70901791e+00  2.10982092e-03 
 4.71886890e+00  2.11131098e-03 
 4.72871990e+00  2.11280104e-03 
 4.73857089e+00  2.11429110e-03 
 4.74842188e+00  2.11578117e-03 
 4.75827288e+00  2.11727123e-03 
 4.76812387e+00  2.11876129e-03 
 4.77797487e+00  2.12025135e-03 
 4.78782586e+00  2.12174141e-03 
 4.79767685e+00  2.12323147e-03 
 4.80752785e+00  2.12472153e-03 
 4.81737884e+00  2.12621159e-03 
 4.82722983e+00  2.12770165e-03 
 4.83708083e+00  2.12919171e-03 
 4.84693182e+00  2.13068177e-03 
 4.85678282e+00  2.13217183e-03 
 4.86663381e+00  2.13366190e-03 
 4.87648480e+00  2.13515196e-03 
 4.88633580e+00  2.13664202e-03 
 4.89618679e+00  2.13813208e-03 
 4.90603779e+00  2.13962214e-03 
 4.91588878e+00  2.14111220e-03 
 4.92573977e+00  2.14260226e-03 
 4.93559077e+00  2.14409232e-03 
 4.94544176e+00  2.14558238e-03 
 4.95529276e+00  2.14707244e-03 
 4.96514375e+00  2.14856250e-03 
 4.97499474e+00  2.15005256e-03 
 4.98484574e+00  2.15154263e-03 
 4.99469673e+00  2.15303269e-03 
 5.00454773e+00  2.15452275e-03 
 5.01439872e+00  2.15601281e-03 
 5.02424971e+00  2.15750287e-03 
 5.03410071e+00  2.15899293e-03 
 5.04395170e+00  2.16048299e-03 
 5.05380269e+00  2.16197305e-03 
 5.06365369e+00  2.16346311e-03 
 5.07350468e+00  2.16495317e-03 
 5.08335568e+00  2.16644323e-03 
 5.09320667e+00  2.16793329e-03 
 5.10305766e+00  2.16942336e-03 
 5.11290866e+00  2.17091342e-03 
 5.12275965e+00  2.17240348e-03 
 5.13261065e+00  2.17389354e-03 
 5.14246164e+00  2.17538360e-03 
 5.15231263e+00  2.17687366e-03 
 5.16216363e+00  2.17836372e-03 
 5.17201462e+00  2.17985378e-03 
 5.18186562e+00  2.18134384e-03 
 5.19171661e+00  2.18283390e-03 
 5.20156760e+00  2.18432396e-03 
 5.21141860e+00  2.18581402e-03 
 5.22126959e+00  2.18730408e-03 
 5.23112059e+00  2.18879415e-03 
 5.24097158e+00  2.19028421e-03 
 5.25082257e+00  2.19177427e-03 
 5.26067357e+00  2.19326433e-03 
 5.27052456e+00  2.19475439e-03 
 5.28037556e+00  2.19624445e-03 
 5.29022655e+00  2.19773451e-03 
 5.30007754e+00  2.19922457e-03 
 5.30992854e+00  2.20071463e-03 
 5.31977953e+00  2.20220469e-03 
 5.32963052e+00  2.20369475e-03 
 5.33948152e+00  2.20518481e-03 
 5.34933251e+00  2.20667488e-03 
 5.35918351e+00  2.20816494e-03 
 5.36903450e+00  2.20965500e-03 
 5.37888549e+00  2.21114506e-03 
 5.38873649e+00  2.21263512e-03 
 5.39858748e+00  2.21412518e-03 
 5.40843848e+00  2.21561524e-03 
 5.41828947e+00  2.21710530e-03 
 5.42814046e+00  2.21859536e-03 
 5.43799146e+00  2.22008542e-03 
 5.44784245e+00  2.22157548e-03 
 5.45769345e+00  2.22306554e-03 
 5.46754444e+00  2.22455561e-03 
 5.47739543e+00  2.22604567e-03 
 5.48724643e+00  2.22753573e-03 
 5.49709742e+00  2.22902579e-03 
 5.50694842e+00  2.23051585e-03 
 5.51679941e+00  2.23200591e-03 
 5.52665040e+00  2.23349597e-03 
 5.53650140e+00  2.23498603e-03 
 5.54635239e+00  2.23647609e-03 
 5.55620338e+00  2.23796615e-03 
 5.56605438e+00  2.23945621e-03 
 5.57590537e+00  2.24094627e-03 
 5.58575637e+00  2.24243634e-03 
 5.59560736e+00  2.24392640e-03 
 5.60545835e+00  2.24541646e-03 
 5.61530935e+00  2.24690652e-03 
 5.62516034e+00  2.24839658e-03 
 5.63501134e+00  2.24988664e-03 
 5.64486233e+00  2.25137670e-03 
 5.65471332e+00  2.25286676e-03 
 5.66456432e+00  2.25435682e-03 
 5.67441531e+00  2.25584688e-03 
 5.68426631e+00  2.25733694e-03 
 5.69411730e+00  2.25882700e-03 
 5.70396829e+00  2.26031707e-03 
 5.71381929e+00  2.26180713e-03 
 5.72367028e+00  2.26329719e-03 
 5.73352128e+00  2.26478725e-03 
 5.74337227e+00  2.26627731e-03 
 5.75322326e+00  2.26776737e-03 
 5.76307426e+00  2.26925743e-03 
 5.77292525e+00  2.27074749e-03 
 5.78277624e+00  2.27223755e-03 
 5.79262724e+00  2.27372761e-03 
 5.80247823e+00  2.27521767e-03 
 5.81232923e+00  2.27670773e-03 
 5.82218022e+00  2.27819780e-03 
 5.83203121e+00  2.27968786e-03 
 5.84188221e+00  2.28117792e-03 
 5.85173320e+00  2.28266798e-03 
 5.86158420e+00  2.28415804e-03 
 5.87143519e+00  2.28564810e-03 
 5.88128618e+00  2.28713816e-03 
 5.89113718e+00  2.28862822e-03 
 5.90098817e+00  2.29011828e-03 
 5.91083917e+00  2.29160834e-03 
 5.92069016e+00  2.29309840e-03 
 5.93054115e+00  2.29458846e-03 
 5.94039215e+00  2.29607853e-03 
 5.95024314e+00  2.29756859e-03 
 5.96009414e+00  2.29905865e-03 
 5.96994513e+00  2.30054871e-03 
 5.97979612e+00  2.30203877e-03 
 5.98964712e+00  2.30352883e-03 
 5.99949811e+00  2.30501889e-03 
 6.00934910e+00  2.30650895e-03 
 6.01920010e+00  2.30799901e-03 
 6.02905109e+00  2.30948907e-03 
 6.03890209e+00  2.31097913e-03 
 6.04875308e+00  2.31246919e-03 
 6.05860407e+00  2.31395926e-03 
 6.06845507e+00  2.31544932e-03 
 6.07830606e+00  2.31693938e-03 
 6.08815706e+00  2.31842944e-03 
 6.09800805e+00  2.31991950e-03 
 6.10785904e+00  2.32140956e-03 
 6.11771004e+00  2.32289962e-03 
 6.12756103e+00  2.32438968e-03 
 6.13741203e+00  2.32587974e-03 
 6.14726302e+00  2.32736980e-03 
 6.15711401e+00  2.32885986e-03 
 6.16696501e+00  2.33034992e-03 
 6.17681600e+00  2.33183999e-03 
 6.18666700e+00  2.33333005e-03 
 6.19651799e+00  2.33482011e-03 
 6.20636898e+00  2.33631017e-03 
 6.21621998e+00  2.33780023e-03 
 6.22607097e+00  2.33929029e-03 
 6.23592196e+00  2.34078035e-03 
 6.24577296e+00  2.34227041e-03 
 6.25562395e+00  2.34376047e-03 
 6.26547495e+00  2.34525053e-03 
 6.27532594e+00  2.34674059e-03 
 6.28517693e+00  2.34823065e-03 
 6.29502793e+00  2.34972072e-03 
 6.30487892e+00  2.35121078e-03 
 6.31472992e+00  2.35270084e-03 
 6.32458091e+00  2.35419090e-03 
 6.33443190e+00  2.35568096e-03 
 6.34428290e+00  2.35717102e-03 
 6.35413389e+00  2.35866108e-03 
 6.36398489e+00  2.36015114e-03 
 6.37383588e+00  2.36164120e-03 
 6.38368687e+00  2.36313126e-03 
 6.39353787e+00  2.36462132e-03 
 6.40338886e+00  2.36611138e-03 
 6.41323986e+00  2.36760145e-03 
 6.42309085e+00  2.36909151e-03 
 6.43294184e+00  2.37058157e-03 
 6.44279284e+00  2.37207163e-03 
 6.45264383e+00  2.37356169e-03 
 6.46249483e+00  2.37505175e-03 
 6.47234582e+00  2.37654181e-03 
 6.48219681e+00  2.37803187e-03 
 6.49204781e+00  2.37952193e-03 
 6.50189880e+00  2.38101199e-03 
 6.51174979e+00  2.38250205e-03 
 6.52160079e+00  2.38399211e-03 
 6.53145178e+00  2.38548218e-03 
 6.54130278e+00  2.38697224e-03 
 6.55115377e+00  2.38846230e-03 
 6.56100476e+00  2.38995236e-03 
 6.57085576e+00  2.39144242e-03 
 6.58070675e+00  2.39293248e-03 
 6.59055775e+00  2.39442254e-03 
 6.60040874e+00  2.39591260e-03 
 6.61025973e+00  2.39740266e-03 
 6.62011073e+00  2.39889272e-03 
 6.62996172e+00  2.40038278e-03 
 6.63981272e+00  2.40187284e-03 
 6.64966371e+00  2.40336291e-03 
 6.65951470e+00  2.40485297e-03 
 6.66936570e+00  2.40634303e-03 
 6.67921669e+00  2.40783309e-03 
 6.68906769e+00  2.40932315e-03 
 6.69891868e+00  2.41081321e-03 
 6.70876967e+00  2.41230327e-03 
 6.71862067e+00  2.41379333e-03 
 6.72847166e+00  2.41528339e-03 
 6.73832265e+00  2.41677345e-03 
 6.74817365e+00  2.41826351e-03 
 6.75802464e+00  2.41975358e-03 
 6.76787564e+00  2.42124364e-03 
 6.77772663e+00  2.42273370e-03 
 6.78757762e+00  2.42422376e-03 
 6.79742862e+00  2.42571382e-03 
 6.80727961e+00  2.42720388e-03 
 6.81713061e+00  2.42869394e-03 
 6.82698160e+00  2.43018400e-03 
 6.83683259e+00  2.43167406e-03 
 6.84668359e+00  2.43316412e-03 
 6.85653458e+00  2.43465418e-03 
 6.86638558e+00  2.43614424e-03 
 6.87623657e+00  2.43763431e-03 
 6.88608756e+00  2.43912437e-03 
 6.89593856e+00  2.44061443e-03 
 6.90578955e+00  2.44210449e-03 
 6.91564055e+00  2.44359455e-03 
 6.92549154e+00  2.44508461e-03 
 6.93534253e+00  2.44657467e-03 
 6.94519353e+00  2.44806473e-03 
 6.95504452e+00  2.44955479e-03 
 6.96489551e+00  2.45104485e-03 
 6.97474651e+00  2.45253491e-03 
 6.98459750e+00  2.45402497e-03 
 6.99444850e+00  2.45551504e-03 
 7.00429949e+00  2.45700510e-03 
 7.01415048e+00  2.45849516e-03 
 7.02400148e+00  2.45998522e-03 
 7.03385247e+00  2.46147528e-03 
 7.04370347e+00  2.46296534e-03 
 7.05355446e+00  2.46445540e-03 
 7.06340545e+00  2.46594546e-03 
 7.07325645e+00  2.46743552e-03 
 7.08310744e+00  2.46892558e-03 
 7.09295844e+00  2.47041564e-03 
 7.10280943e+00  2.47190570e-03 
 7.11266042e+00  2.47339577e-03 
 7.12251142e+00  2.47488583e-03 
 7.13236241e+00  2.47637589e-03 
 7.14221341e+00  2.47786595e-03 
 7.15206440e+00  2.47935601e-03 
 7.16191539e+00  2.48084607e-03 
 7.17176639e+00  2.48233613e-03 
 7.18161738e+00  2.48382619e-03 
 7.19146837e+00  2.48531625e-03 
 7.20131937e+00  2.48680631e-03 
 7.21117036e+00  2.48829637e-03 
 7.22102136e+00  2.48978643e-03 
 7.23087235e+00  2.49127650e-03 
 7.24072334e+00  2.49276656e-03 
 7.25057434e+00  2.49425662e-03 
 7.26042533e+00  2.49574668e-03 
 7.27027633e+00  2.49723674e-03 
 7.28012732e+00  2.49872680e-03 
 7.28997831e+00  2.50021686e-03 
 7.29982931e+00  2.50170692e-03 
 7.30968030e+00  2.50319698e-03 
 7.31953130e+00  2.50468704e-03 
 7.32938229e+00  2.50617710e-03 
 7.33923328e+00  2.50766717e-03 
 7.34908428e+00  2.50915723e-03 
 7.35893527e+00  2.51064729e-03 
 7.36878627e+00  2.51213735e-03 
 7.37863726e+00  2.51362741e-03 
 7.38848825e+00  2.51511747e-03 
 7.39833925e+00  2.51660753e-03 
 7.40819024e+00  2.51809759e-03 
 7.41804123e+00  2.51958765e-03 
 7.42789223e+00  2.52107771e-03 
 7.43774322e+00  2.52256777e-03 
 7.44759422e+00  2.52405783e-03 
 7.45744521e+00  2.52554790e-03 
 7.46729620e+00  2.52703796e-03 
 7.47714720e+00  2.52852802e-03 
 7.48699819e+00  2.53001808e-03 
 7.49684919e+00  2.53150814e-03 
 7.50670018e+00  2.53299820e-03 
 7.51655117e+00  2.53448826e-03 
 7.52640217e+00  2.53597832e-03 
 7.53625316e+00  2.53746838e-03 
 7.54610416e+00  2.53895844e-03 
 7.55595515e+00  2.54044850e-03 
 7.56580614e+00  2.54193856e-03 
 7.57565714e+00  2.54342863e-03 
 7.58550813e+00  2.54491869e-03 
 7.59535913e+00  2.54640875e-03 
 7.60521012e+00  2.54789881e-03 
 7.61506111e+00  2.54938887e-03 
 7.62491211e+00  2.55087893e-03 
 7.63476310e+00  2.55236899e-03 
 7.64461409e+00  2.55385905e-03 
 7.65446509e+00  2.55534911e-03 
 7.66431608e+00  2.55683917e-03 
 7.67416708e+00  2.55832923e-03 
 7.68401807e+00  2.55981929e-03 
 7.69386906e+00  2.56130936e-03 
 7.70372006e+00  2.56279942e-03 
 7.71357105e+00  2.56428948e-03 
 7.72342205e+00  2.56577954e-03 
 7.73327304e+00  2.56726960e-03 
 7.74312403e+00  2.56875966e-03 
 7.75297503e+00  2.57024972e-03 
 7.76282602e+00  2.57173978e-03 
 7.77267702e+00  2.57322984e-03 
 7.78252801e+00  2.57471990e-03 
 7.79237900e+00  2.57620996e-03 
 7.80223000e+00  2.57770003e-03 
 7.81208099e+00  2.57919009e-03 
 7.82193199e+00  2.58068015e-03 
 7.83178298e+00  2.58217021e-03 
 7.84163397e+00  2.58366027e-03 
 7.85148497e+00  2.58515033e-03 
 7.86133596e+00  2.58664039e-03 
 7.87118695e+00  2.58813045e-03 
 7.88103795e+00  2.58962051e-03 
 7.89088894e+00  2.59111057e-03 
 7.90073994e+00  2.59260063e-03 
 7.91059093e+00  2.59409069e-03 
 7.92044192e+00  2.59558076e-03 
 7.93029292e+00  2.59707082e-03 
 7.94014391e+00  2.59856088e-03 
 7.94999491e+00  2.60005094e-03 
 7.95984590e+00  2.60154100e-03 
 7.96969689e+00  2.60303106e-03 
 7.97954789e+00  2.60452112e-03 
 7.98939888e+00  2.60601118e-03 
 7.99924988e+00  2.60750124e-03 
 8.00910087e+00  2.60899130e-03 
 8.01895186e+00  2.61048136e-03 
 8.02880286e+00  2.61197143e-03 
 8.03865385e+00  2.61346149e-03 
 8.04850485e+00  2.61495155e-03 
 8.05835584e+00  2.61644161e-03 
 8.06820683e+00  2.61793167e-03 
 8.07805783e+00  2.61942173e-03 
 8.08790882e+00  2.62091179e-03 
 8.09775981e+00  2.62240185e-03 
 8.10761081e+00  2.62389191e-03 
 8.11746180e+00  2.62538197e-03 
 8.12731280e+00  2.62687203e-03 
 8.13716379e+00  2.62836209e-03 
 8.14701478e+00  2.62985216e-03 
 8.15686578e+00  2.63134222e-03 
 8.16671677e+00  2.63283228e-03 
 8.17656777e+00  2.63432234e-03 
 8.18641876e+00  2.63581240e-03 
 8.19626975e+00  2.63730246e-03 
 8.20612075e+00  2.63879252e-03 
 8.21597174e+00  2.64028258e-03 
 8.22582274e+00  2.64177264e-03 
 8.23567373e+00  2.64326270e-03 
 8.24552472e+00  2.64475276e-03 
 8.25537572e+00  2.64624282e-03 
 8.26522671e+00  2.64773289e-03 
 8.27507771e+00  2.64922295e-03 
 8.28492870e+00  2.65071301e-03 
 8.29477969e+00  2.65220307e-03 
 8.30463069e+00  2.65369313e-03 
 8.31448168e+00  2.65518319e-03 
 8.32433267e+00  2.65667325e-03 
 8.33418367e+00  2.65816331e-03 
 8.34403466e+00  2.65965337e-03 
 8.35388566e+00  2.66114343e-03 
 8.36373665e+00  2.66263349e-03 
 8.37358764e+00  2.66412356e-03 
 8.38343864e+00  2.66561362e-03 
 8.39328963e+00  2.66710368e-03 
 8.40314063e+00  2.66859374e-03 
 8.41299162e+00  2.67008380e-03 
 8.42284261e+00  2.67157386e-03 
 8.43269361e+00  2.67306392e-03 
 8.44254460e+00  2.67455398e-03 
 8.45239560e+00  2.67604404e-03 
 8.46224659e+00  2.67753410e-03 
 8.47209758e+00  2.67902416e-03 
 8.48194858e+00  2.68051422e-03 
 8.49179957e+00  2.68200429e-03 
 8.50165057e+00  2.68349435e-03 
 8.51150156e+00  2.68498441e-03 
 8.52135255e+00  2.68647447e-03 
 8.53120355e+00  2.68796453e-03 
 8.54105454e+00  2.68945459e-03 
 8.55090553e+00  2.69094465e-03 
 8.56075653e+00  2.69243471e-03 
 8.57060752e+00  2.69392477e-03 
 8.58045852e+00  2.69541483e-03 
 8.59030951e+00  2.69690489e-03 
 8.60016050e+00  2.69839496e-03 
 8.61001150e+00  2.69988502e-03 
 8.61986249e+00  2.70137508e-03 
 8.62971349e+00  2.70286514e-03 
 8.63956448e+00  2.70435520e-03 
 8.64941547e+00  2.70584526e-03 
 8.65926647e+00  2.70733532e-03 
 8.66911746e+00  2.70882538e-03 
 8.67896846e+00  2.71031544e-03 
 8.68881945e+00  2.71180550e-03 
 8.69867044e+00  2.71329556e-03 
 8.70852144e+00  2.71478562e-03 
 8.71837243e+00  2.71627569e-03 
 8.72822343e+00  2.71776575e-03 
 8.73807442e+00  2.71925581e-03 
 8.74792541e+00  2.72074587e-03 
 8.75777641e+00  2.72223593e-03 
 8.76762740e+00  2.72372599e-03 
 8.77747839e+00  2.72521605e-03 
 8.78732939e+00  2.72670611e-03 
 8.79718038e+00  2.72819617e-03 
 8.80703138e+00  2.72968623e-03 
 8.81688237e+00  2.73117629e-03 
 8.82673336e+00  2.73266636e-03 
 8.83658436e+00  2.73415642e-03 
 8.84643535e+00  2.73564648e-03 
 8.85628635e+00  2.73713654e-03 
 8.86613734e+00  2.73862660e-03 
 8.87598833e+00  2.74011666e-03 
 8.88583933e+00  2.74160672e-03 
 8.89569032e+00  2.74309678e-03 
 8.90554132e+00  2.74458684e-03 
 8.91539231e+00  2.74607690e-03 
 8.92524330e+00  2.74756696e-03 
 8.93509430e+00  2.74905702e-03 
 8.94494529e+00  2.75054709e-03 
 8.95479629e+00  2.75203715e-03 
 8.96464728e+00  2.75352721e-03 
 8.97449827e+00  2.75501727e-03 
 8.98434927e+00  2.75650733e-03 
 8.99420026e+00  2.75799739e-03 
 9.00405125e+00  2.75948745e-03 
 9.01390225e+00  2.76097751e-03 
 9.02375324e+00  2.76246757e-03 
 9.03360424e+00  2.76395763e-03 
 9.04345523e+00  2.76544769e-03 
 9.05330622e+00  2.76693776e-03 
 9.06315722e+00  2.76842782e-03 
 9.07300821e+00  2.76991788e-03 
 9.08285921e+00  2.77140794e-03 
 9.09271020e+00  2.77289800e-03 
 9.10256119e+00  2.77438806e-03 
 9.11241219e+00  2.77587812e-03 
 9.12226318e+00  2.77736818e-03 
 9.13211418e+00  2.77885824e-03 
 9.14196517e+00  2.78034830e-03 
 9.15181616e+00  2.78183836e-03 
 9.16166716e+00  2.78332842e-03 
 9.17151815e+00  2.78481849e-03 
 9.18136915e+00  2.78630855e-03 
 9.19122014e+00  2.78779861e-03 
 9.20107113e+00  2.78928867e-03 
 9.21092213e+00  2.79077873e-03 
 9.22077312e+00  2.79226879e-03 
 9.23062411e+00  2.79375885e-03 
 9.24047511e+00  2.79524891e-03 
 9.25032610e+00  2.79673897e-03 
 9.26017710e+00  2.79822903e-03 
 9.27002809e+00  2.79971909e-03 
 9.27987908e+00  2.80120916e-03 
 9.28973008e+00  2.80269922e-03 
 9.29958107e+00  2.80418928e-03 
 9.30943207e+00  2.80567934e-03 
 9.31928306e+00  2.80716940e-03 
 9.32913405e+00  2.80865946e-03 
 9.33898505e+00  2.81014952e-03 
 9.34883604e+00  2.81163958e-03 
 9.35868704e+00  2.81312964e-03 
 9.36853803e+00  2.81461970e-03 
 9.37838902e+00  2.81610976e-03 
 9.38824002e+00  2.81759983e-03 
 9.39809101e+00  2.81908989e-03 
 9.40794201e+00  2.82057995e-03 
 9.41779300e+00  2.82207001e-03 
 9.42764399e+00  2.82356007e-03 
 9.43749499e+00  2.82505013e-03 
 9.44734598e+00  2.82654019e-03 
 9.45719697e+00  2.82803025e-03 
 9.46704797e+00  2.82952031e-03 
 9.47689896e+00  2.83101037e-03 
 9.48674996e+00  2.83250043e-03 
 9.49660095e+00  2.83399049e-03 
 9.50645194e+00  2.83548056e-03 
 9.51630294e+00  2.83697062e-03 
 9.52615393e+00  2.83846068e-03 
 9.53600493e+00  2.83995074e-03 
 9.54585592e+00  2.84144080e-03 
 9.55570691e+00  2.84293086e-03 
 9.56555791e+00  2.84442092e-03 
 9.57540890e+00  2.84591098e-03 
 9.58525990e+00  2.84740104e-03 
 9.59511089e+00  2.84889110e-03 
 9.60496188e+00  2.85038116e-03 
 9.61481288e+00  2.85187123e-03 
 9.62466387e+00  2.85336129e-03 
 9.63451487e+00  2.85485135e-03 
 9.64436586e+00  2.85634141e-03 
 9.65421685e+00  2.85783147e-03 
 9.66406785e+00  2.85932153e-03 
 9.67391884e+00  2.86081159e-03 
 9.68376983e+00  2.86230165e-03 
 9.69362083e+00  2.86379171e-03 
 9.70347182e+00  2.86528177e-03 
 9.71332282e+00  2.86677183e-03 
 9.72317381e+00  2.86826190e-03 
 9.73302480e+00  2.86975196e-03 
 9.74287580e+00  2.87124202e-03 
 9.75272679e+00  2.87273208e-03 
 9.76257779e+00  2.87422214e-03 
 9.77242878e+00  2.87571220e-03 
 9.78227977e+00  2.87720226e-03 
 9.79213077e+00  2.87869232e-03 
 9.80198176e+00  2.88018238e-03 
 9.81183276e+00  2.88167244e-03 
 9.82168375e+00  2.88316250e-03 
 9.83153474e+00  2.88465256e-03 
 9.84138574e+00  2.88614263e-03 
 9.85123673e+00  2.88763269e-03 
 9.86108773e+00  2.88912275e-03 
 9.87093872e+00  2.89061281e-03 
 9.88078971e+00  2.89210287e-03 
 9.89064071e+00  2.89359293e-03 
 9.90049170e+00  2.89508299e-03 
 9.91034269e+00  2.89657305e-03 
 9.92019369e+00  2.89806311e-03 
 9.93004468e+00  2.89955317e-03 
 9.93989568e+00  2.90104323e-03 
 9.94974667e+00  2.90253330e-03 
 9.95959766e+00  2.90402336e-03 
 9.96944866e+00  2.90551342e-03 
 9.97929965e+00  2.90700348e-03 
 9.98915065e+00  2.90849354e-03 
 9.99900164e+00  2.90998360e-03 
 1.00088526e+01  2.91147366e-03 
 1.00187036e+01  2.91296372e-03 
 1.00285546e+01  2.91445378e-03 
 1.00384056e+01  2.91594384e-03 
 1.00482566e+01  2.91743390e-03 
 1.00581076e+01  2.91892397e-03 
 1.00679586e+01  2.92041403e-03 
 1.00778096e+01  2.92190409e-03 
 1.00876606e+01  2.92339415e-03 
 1.00975116e+01  2.92488421e-03 
 1.01073626e+01  2.92637427e-03 
 1.01172136e+01  2.92786433e-03 
 1.01270646e+01  2.92935439e-03 
 1.01369156e+01  2.93084445e-03 
 1.01467665e+01  2.93233451e-03 
 1.01566175e+01  2.93382457e-03 
 1.01664685e+01  2.93531464e-03 
 1.01763195e+01  2.93680470e-03 
 1.01861705e+01  2.93829476e-03 
 1.01960215e+01  2.93978482e-03 
 1.02058725e+01  2.94127488e-03 
 1.02157235e+01  2.94276494e-03 
 1.02255745e+01  2.94425500e-03 
 1.02354255e+01  2.94574506e-03 
 1.02452765e+01  2.94723512e-03 
 1.02551275e+01  2.94872518e-03 
 1.02649785e+01  2.95021524e-03 
 1.02748295e+01  2.95170530e-03 
 1.02846805e+01  2.95319537e-03 
 1.02945315e+01  2.95468543e-03 
 1.03043825e+01  2.95617549e-03 
 1.03142334e+01  2.95766555e-03 
 1.03240844e+01  2.95915561e-03 
 1.03339354e+01  2.96064567e-03 
 1.03437864e+01  2.96213573e-03 
 1.03536374e+01  2.96362579e-03 
 1.03634884e+01  2.96511585e-03 
 1.03733394e+01  2.96660591e-03 
 1.03831904e+01  2.96809597e-03 
 1.03930414e+01  2.96958604e-03 
 1.04028924e+01  2.97107610e-03 
 1.04127434e+01  2.97256616e-03 
 1.04225944e+01  2.97405622e-03 
 1.04324454e+01  2.97554628e-03 
 1.04422964e+01  2.97703634e-03 
 1.04521474e+01  2.97852640e-03 
 1.04619984e+01  2.98001646e-03 
 1.04718493e+01  2.98150652e-03 
 1.04817003e+01  2.98299658e-03 
 1.04915513e+01  2.98448664e-03 
 1.05014023e+01  2.98597671e-03 
 1.05112533e+01  2.98746677e-03 
 1.05211043e+01  2.98895683e-03 
 1.05309553e+01  2.99044689e-03 
 1.05408063e+01  2.99193695e-03 
 1.05506573e+01  2.99342701e-03 
 1.05605083e+01  2.99491707e-03 
 1.05703593e+01  2.99640713e-03 
 1.05802103e+01  2.99789719e-03 
 1.05900613e+01  2.99938725e-03 
 1.05999123e+01  3.00087731e-03 
 1.06097633e+01  3.00236738e-03 
 1.06196143e+01  3.00385744e-03 
 1.06294653e+01  3.00534750e-03 
 1.06393162e+01  3.00683756e-03 
 1.06491672e+01  3.00832762e-03 
 1.06590182e+01  3.00981768e-03 
 1.06688692e+01  3.01130774e-03 
 1.06787202e+01  3.01279780e-03 
 1.06885712e+01  3.01428786e-03 
 1.06984222e+01  3.01577792e-03 
 1.07082732e+01  3.01726798e-03 
 1.07181242e+01  3.01875805e-03 
 1.07279752e+01  3.02024811e-03 
 1.07378262e+01  3.02173817e-03 
 1.07476772e+01  3.02322823e-03 
 1.07575282e+01  3.02471829e-03 
 1.07673792e+01  3.02620835e-03 
 1.07772302e+01  3.02769841e-03 
 1.07870812e+01  3.02918847e-03 
 1.07969321e+01  3.03067853e-03 
 1.08067831e+01  3.03216859e-03 
 1.08166341e+01  3.03365865e-03 
 1.08264851e+01  3.03514872e-03 
 1.08363361e+01  3.03663878e-03 
 1.08461871e+01  3.03812884e-03 
 1.08560381e+01  3.03961890e-03 
 1.08658891e+01  3.04110896e-03 
 1.08757401e+01  3.04259902e-03 
 1.08855911e+01  3.04408908e-03 
 1.08954421e+01  3.04557914e-03 
 1.09052931e+01  3.04706920e-03 
 1.09151441e+01  3.04855926e-03 
 1.09249951e+01  3.05004932e-03 
 1.09348461e+01  3.05153939e-03 
 1.09446971e+01  3.05302945e-03 
 1.09545480e+01  3.05451951e-03 
 1.09643990e+01  3.05600957e-03 
 1.09742500e+01  3.05749963e-03 
 1.09841010e+01  3.05898969e-03 
 1.09939520e+01  3.06047975e-03 
 1.10038030e+01  3.06196981e-03 
 1.10136540e+01  3.06345987e-03 
 1.10235050e+01  3.06494993e-03 
 1.10333560e+01  3.06643999e-03 
 1.10432070e+01  3.06793005e-03 
 1.10530580e+01  3.06942012e-03 
 1.10629090e+01  3.07091018e-03 
 1.10727600e+01  3.07240024e-03 
 1.10826110e+01  3.07389030e-03 
 1.10924620e+01  3.07538036e-03 
 1.11023130e+01  3.07687042e-03 
 1.11121640e+01  3.07836048e-03 
 1.11220149e+01  3.07985054e-03 
 1.11318659e+01  3.08134060e-03 
 1.11417169e+01  3.08283066e-03 
 1.11515679e+01  3.08432072e-03 
 1.11614189e+01  3.08581079e-03 
 1.11712699e+01  3.08730085e-03 
 1.11811209e+01  3.08879091e-03 
 1.11909719e+01  3.09028097e-03 
 1.12008229e+01  3.09177103e-03 
 1.12106739e+01  3.09326109e-03 
 1.12205249e+01  3.09475115e-03 
 1.12303759e+01  3.09624121e-03 
 1.12402269e+01  3.09773127e-03 
 1.12500779e+01  3.09922133e-03 
 1.12599289e+01  3.10071139e-03 
 1.12697799e+01  3.10220146e-03 
 1.12796308e+01  3.10369152e-03 
 1.12894818e+01  3.10518158e-03 
 1.12993328e+01  3.10667164e-03 
 1.13091838e+01  3.10816170e-03 
 1.13190348e+01  3.10965176e-03 
 1.13288858e+01  3.11114182e-03 
 1.13387368e+01  3.11263188e-03 
 1.13485878e+01  3.11412194e-03 
 1.13584388e+01  3.11561200e-03 
 1.13682898e+01  3.11710206e-03 
 1.13781408e+01  3.11859213e-03 
 1.13879918e+01  3.12008219e-03 
 1.13978428e+01  3.12157225e-03 
 1.14076938e+01  3.12306231e-03 
 1.14175448e+01  3.12455237e-03 
 1.14273958e+01  3.12604243e-03 
 1.14372468e+01  3.12753249e-03 
 1.14470977e+01  3.12902255e-03 
 1.14569487e+01  3.13051261e-03 
 1.14667997e+01  3.13200267e-03 
 1.14766507e+01  3.13349273e-03 
 1.14865017e+01  3.13498280e-03 
 1.14963527e+01  3.13647286e-03 
 1.15062037e+01  3.13796292e-03 
 1.15160547e+01  3.13945298e-03 
 1.15259057e+01  3.14094304e-03 
 1.15357567e+01  3.14243310e-03 
 1.15456077e+01  3.14392316e-03 
 1.15554587e+01  3.14541322e-03 
 1.15653097e+01  3.14690328e-03 
 1.15751607e+01  3.14839334e-03 
 1.15850117e+01  3.14988340e-03 
 1.15948627e+01  3.15137347e-03 
 1.16047136e+01  3.15286353e-03 
 1.16145646e+01  3.15435359e-03 
 1.16244156e+01  3.15584365e-03 
 1.16342666e+01  3.15733371e-03 
 1.16441176e+01  3.15882377e-03 
 1.16539686e+01  3.16031383e-03 
 1.16638196e+01  3.16180389e-03 
 1.16736706e+01  3.16329395e-03 
 1.16835216e+01  3.16478401e-03 
 1.16933726e+01  3.16627407e-03 
 1.17032236e+01  3.16776414e-03 
 1.17130746e+01  3.16925420e-03 
 1.17229256e+01  3.17074426e-03 
 1.17327766e+01  3.17223432e-03 
 1.17426276e+01  3.17372438e-03 
 1.17524786e+01  3.17521444e-03 
 1.17623295e+01  3.17670450e-03 
 1.17721805e+01  3.17819456e-03 
 1.17820315e+01  3.17968462e-03 
 1.17918825e+01  3.18117468e-03 
 1.18017335e+01  3.18266474e-03 
 1.18115845e+01  3.18415481e-03 
 1.18214355e+01  3.18564487e-03 
 1.18312865e+01  3.18713493e-03 
 1.18411375e+01  3.18862499e-03 
 1.18509885e+01  3.19011505e-03 
 1.18608395e+01  3.19160511e-03 
 1.18706905e+01  3.19309517e-03 
 1.18805415e+01  3.19458523e-03 
 1.18903925e+01  3.19607529e-03 
 1.19002435e+01  3.19756535e-03 
 1.19100945e+01  3.19905541e-03 
 1.19199455e+01  3.20054548e-03 
 1.19297964e+01  3.20203554e-03 
 1.19396474e+01  3.20352560e-03 
 1.19494984e+01  3.20501566e-03 
 1.19593494e+01  3.20650572e-03 
 1.19692004e+01  3.20799578e-03 
 1.19790514e+01  3.20948584e-03 
 1.19889024e+01  3.21097590e-03 
 1.19987534e+01  3.21246596e-03 
 1.20086044e+01  3.21395602e-03 
 1.20184554e+01  3.21544609e-03 
 1.20283064e+01  3.21693615e-03 
 1.20381574e+01  3.21842621e-03 
 1.20480084e+01  3.21991627e-03 
 1.20578594e+01  3.22140633e-03 
 1.20677104e+01  3.22289639e-03 
 1.20775614e+01  3.22438645e-03 
 1.20874123e+01  3.22587651e-03 
 1.20972633e+01  3.22736657e-03 
 1.21071143e+01  3.22885663e-03 
 1.21169653e+01  3.23034669e-03 
 1.21268163e+01  3.23183676e-03 
 1.21366673e+01  3.23332682e-03 
 1.21465183e+01  3.23481688e-03 
 1.21563693e+01  3.23630694e-03 
 1.21662203e+01  3.23779700e-03 
 1.21760713e+01  3.23928706e-03 
 1.21859223e+01  3.24077712e-03 
 1.21957733e+01  3.24226718e-03 
 1.22056243e+01  3.24375724e-03 
 1.22154753e+01  3.24524730e-03 
 1.22253263e+01  3.24673736e-03 
 1.22351773e+01  3.24822743e-03 
 1.22450283e+01  3.24971749e-03 
 1.22548792e+01  3.25120755e-03 
 1.22647302e+01  3.25269761e-03 
 1.22745812e+01  3.25418767e-03 
 1.22844322e+01  3.25567773e-03 
 1.22942832e+01  3.25716779e-03 
 1.23041342e+01  3.25865785e-03 
 1.23139852e+01  3.26014791e-03 
 1.23238362e+01  3.26163797e-03 
 1.23336872e+01  3.26312803e-03 
 1.23435382e+01  3.26461810e-03 
 1.23533892e+01  3.26610816e-03 
 1.23632402e+01  3.26759822e-03 
 1.23730912e+01  3.26908828e-03 
 1.23829422e+01  3.27057834e-03 
 1.23927932e+01  3.27206840e-03 
 1.24026442e+01  3.27355846e-03 
 1.24124951e+01  3.27504852e-03 
 1.24223461e+01  3.27653858e-03 
 1.24321971e+01  3.27802864e-03 
 1.24420481e+01  3.27951870e-03 
 1.24518991e+01  3.28100877e-03 
 1.24617501e+01  3.28249883e-03 
 1.24716011e+01  3.28398889e-03 
 1.24814521e+01  3.28547895e-03 
 1.24913031e+01  3.28696901e-03 
 1.25011541e+01  3.28845907e-03 
 1.25110051e+01  3.28994913e-03 
 1.25208561e+01  3.29143919e-03 
 1.25307071e+01  3.29292925e-03 
 1.25405581e+01  3.29441931e-03 
 1.25504091e+01  3.29590937e-03 
 1.25602601e+01  3.29739944e-03 
 1.25701111e+01  3.29888950e-03 
 1.25799620e+01  3.30037956e-03 
 1.25898130e+01  3.30186962e-03 
 1.25996640e+01  3.30335968e-03 
 1.26095150e+01  3.30484974e-03 
 1.26193660e+01  3.30633980e-03 
 1.26292170e+01  3.30782986e-03 
 1.26390680e+01  3.30931992e-03 
 1.26489190e+01  3.31080998e-03 
 1.26587700e+01  3.31230004e-03 
 1.26686210e+01  3.31379011e-03 
 1.26784720e+01  3.31528017e-03 
 1.26883230e+01  3.31677023e-03 
 1.26981740e+01  3.31826029e-03 
 1.27080250e+01  3.31975035e-03 
 1.27178760e+01  3.32124041e-03 
 1.27277270e+01  3.32273047e-03 
 1.27375779e+01  3.32422053e-03 
 1.27474289e+01  3.32571059e-03 
 1.27572799e+01  3.32720065e-03 
 1.27671309e+01  3.32869072e-03 
 1.27769819e+01  3.33018078e-03 
 1.27868329e+01  3.33167084e-03 
 1.27966839e+01  3.33316090e-03 
 1.28065349e+01  3.33465096e-03 
 1.28163859e+01  3.33614102e-03 
 1.28262369e+01  3.33763108e-03 
 1.28360879e+01  3.33912114e-03 
 1.28459389e+01  3.34061120e-03 
 1.28557899e+01  3.34210126e-03 
 1.28656409e+01  3.34359132e-03 
 1.28754919e+01  3.34508139e-03 
 1.28853429e+01  3.34657145e-03 
 1.28951938e+01  3.34806151e-03 
 1.29050448e+01  3.34955157e-03 
 1.29148958e+01  3.35104163e-03 
 1.29247468e+01  3.35253169e-03 
 1.29345978e+01  3.35402175e-03 
 1.29444488e+01  3.35551181e-03 
 1.29542998e+01  3.35700187e-03 
 1.29641508e+01  3.35849193e-03 
 1.29740018e+01  3.35998199e-03 
 1.29838528e+01  3.36147206e-03 
 1.29937038e+01  3.36296212e-03 
 1.30035548e+01  3.36445218e-03 
 1.30134058e+01  3.36594224e-03 
 1.30232568e+01  3.36743230e-03 
 1.30331078e+01  3.36892236e-03 
 1.30429588e+01  3.37041242e-03 
 1.30528098e+01  3.37190248e-03 
 1.30626607e+01  3.37339254e-03 
 1.30725117e+01  3.37488260e-03 
 1.30823627e+01  3.37637266e-03 
 1.30922137e+01  3.37786273e-03 
 1.31020647e+01  3.37935279e-03 
 1.31119157e+01  3.38084285e-03 
 1.31217667e+01  3.38233291e-03 
 1.31316177e+01  3.38382297e-03 
 1.31414687e+01  3.38531303e-03 
 1.31513197e+01  3.38680309e-03 
 1.31611707e+01  3.38829315e-03 
 1.31710217e+01  3.38978321e-03 
 1.31808727e+01  3.39127327e-03 
 1.31907237e+01  3.39276333e-03 
 1.32005747e+01  3.39425340e-03 
 1.32104257e+01  3.39574346e-03 
 1.32202766e+01  3.39723352e-03 
 1.32301276e+01  3.39872358e-03 
 1.32399786e+01  3.40021364e-03 
 1.32498296e+01  3.40170370e-03 
 1.32596806e+01  3.40319376e-03 
 1.32695316e+01  3.40468382e-03 
 1.32793826e+01  3.40617388e-03 
 1.32892336e+01  3.40766394e-03 
 1.32990846e+01  3.40915401e-03 
 1.33089356e+01  3.41064407e-03 
 1.33187866e+01  3.41213413e-03 
 1.33286376e+01  3.41362419e-03 
 1.33384886e+01  3.41511425e-03 
 1.33483396e+01  3.41660431e-03 
 1.33581906e+01  3.41809437e-03 
 1.33680416e+01  3.41958443e-03 
 1.33778926e+01  3.42107449e-03 
 1.33877435e+01  3.42256455e-03 
 1.33975945e+01  3.42405461e-03 
 1.34074455e+01  3.42554468e-03 
 1.34172965e+01  3.42703474e-03 
 1.34271475e+01  3.42852480e-03 
 1.34369985e+01  3.43001486e-03 
 1.34468495e+01  3.43150492e-03 
 1.34567005e+01  3.43299498e-03 
 1.34665515e+01  3.43448504e-03 
 1.34764025e+01  3.43597510e-03 
 1.34862535e+01  3.43746516e-03 
 1.34961045e+01  3.43895522e-03 
 1.35059555e+01  3.44044528e-03 
 1.35158065e+01  3.44193535e-03 
 1.35256575e+01  3.44342541e-03 
 1.35355085e+01  3.44491547e-03 
 1.35453594e+01  3.44640553e-03 
 1.35552104e+01  3.44789559e-03 
 1.35650614e+01  3.44938565e-03 
 1.35749124e+01  3.45087571e-03 
 1.35847634e+01  3.45236577e-03 
 1.35946144e+01  3.45385583e-03 
 1.36044654e+01  3.45534589e-03 
 1.36143164e+01  3.45683596e-03 
 1.36241674e+01  3.45832602e-03 
 1.36340184e+01  3.45981608e-03 
 1.36438694e+01  3.46130614e-03 
 1.36537204e+01  3.46279620e-03 
 1.36635714e+01  3.46428626e-03 
 1.36734224e+01  3.46577632e-03 
 1.36832734e+01  3.46726638e-03 
 1.36931244e+01  3.46875644e-03 
 1.37029753e+01  3.47024650e-03 
 1.37128263e+01  3.47173656e-03 
 1.37226773e+01  3.47322663e-03 
 1.37325283e+01  3.47471669e-03 
 1.37423793e+01  3.47620675e-03 
 1.37522303e+01  3.47769681e-03 
 1.37620813e+01  3.47918687e-03 
 1.37719323e+01  3.48067693e-03 
 1.37817833e+01  3.48216699e-03 
 1.37916343e+01  3.48365705e-03 
 1.38014853e+01  3.48514711e-03 
 1.38113363e+01  3.48663717e-03 
 1.38211873e+01  3.48812723e-03 
 1.38310383e+01  3.48961730e-03 
 1.38408893e+01  3.49110736e-03 
 1.38507403e+01  3.49259742e-03 
 1.38605913e+01  3.49408748e-03 
 1.38704422e+01  3.49557754e-03 
 1.38802932e+01  3.49706760e-03 
 1.38901442e+01  3.49855766e-03 
 1.38999952e+01  3.50004772e-03 
 1.39098462e+01  3.50153778e-03 
 1.39196972e+01  3.50302784e-03 
 1.39295482e+01  3.50451791e-03 
 1.39393992e+01  3.50600797e-03 
 1.39492502e+01  3.50749803e-03 
 1.39591012e+01  3.50898809e-03 
 1.39689522e+01  3.51047815e-03 
 1.39788032e+01  3.51196821e-03 
 1.39886542e+01  3.51345827e-03 
 1.39985052e+01  3.51494833e-03 
 1.40083562e+01  3.51643839e-03 
 1.40182072e+01  3.51792845e-03 
 1.40280581e+01  3.51941851e-03 
 1.40379091e+01  3.52090858e-03 
 1.40477601e+01  3.52239864e-03 
 1.40576111e+01  3.52388870e-03 
 1.40674621e+01  3.52537876e-03 
 1.40773131e+01  3.52686882e-03 
 1.40871641e+01  3.52835888e-03 
 1.40970151e+01  3.52984894e-03 
 1.41068661e+01  3.53133900e-03 
 1.41167171e+01  3.53282906e-03 
 1.41265681e+01  3.53431912e-03 
 1.41364191e+01  3.53580919e-03 
 1.41462701e+01  3.53729925e-03 
 1.41561211e+01  3.53878931e-03 
 1.41659721e+01  3.54027937e-03 
 1.41758231e+01  3.54176943e-03 
 1.41856741e+01  3.54325949e-03 
 1.41955250e+01  3.54474955e-03 
 1.42053760e+01  3.54623961e-03 
 1.42152270e+01  3.54772967e-03 
 1.42250780e+01  3.54921973e-03 
 1.42349290e+01  3.55070979e-03 
 1.42447800e+01  3.55219986e-03 
 1.42546310e+01  3.55368992e-03 
 1.42644820e+01  3.55517998e-03 
 1.42743330e+01  3.55667004e-03 
 1.42841840e+01  3.55816010e-03 
 1.42940350e+01  3.55965016e-03 
 1.43038860e+01  3.56114022e-03 
 1.43137370e+01  3.56263028e-03 
 1.43235880e+01  3.56412034e-03 
 1.43334390e+01  3.56561040e-03 
 1.43432900e+01  3.56710046e-03 
 1.43531409e+01  3.56859053e-03 
 1.43629919e+01  3.57008059e-03 
 1.43728429e+01  3.57157065e-03 
 1.43826939e+01  3.57306071e-03 
 1.43925449e+01  3.57455077e-03 
 1.44023959e+01  3.57604083e-03 
 1.44122469e+01  3.57753089e-03 
 1.44220979e+01  3.57902095e-03 
 1.44319489e+01  3.58051101e-03 
 1.44417999e+01  3.58200107e-03 
 1.44516509e+01  3.58349114e-03 
 1.44615019e+01  3.58498120e-03 
 1.44713529e+01  3.58647126e-03 
 1.44812039e+01  3.58796132e-03 
 1.44910549e+01  3.58945138e-03 
 1.45009059e+01  3.59094144e-03 
 1.45107568e+01  3.59243150e-03 
 1.45206078e+01  3.59392156e-03 
 1.45304588e+01  3.59541162e-03 
 1.45403098e+01  3.59690168e-03 
 1.45501608e+01  3.59839174e-03 
 1.45600118e+01  3.59988181e-03 
 1.45698628e+01  3.60137187e-03 
 1.45797138e+01  3.60286193e-03 
 1.45895648e+01  3.60435199e-03 
 1.45994158e+01  3.60584205e-03 
 1.46092668e+01  3.60733211e-03 
 1.46191178e+01  3.60882217e-03 
 1.46289688e+01  3.61031223e-03 
 1.46388198e+01  3.61180229e-03 
