 7.88451671e-03 -7.88451671e-05 
 1.14022092e-02 -1.40220922e-05 
 1.49364714e-02  5.06352856e-05 
 1.84882594e-02  1.15117406e-04 
 2.20585973e-02  1.79414027e-04 
 2.56486031e-02  2.43513969e-04 
 2.92594942e-02  3.07405058e-04 
 3.28925990e-02  3.71074010e-04 
 3.65493709e-02  4.34506291e-04 
 4.02314030e-02  4.97685970e-04 
 4.39404464e-02  5.60595536e-04 
 4.76784303e-02  6.23215697e-04 
 5.14474863e-02  6.85525137e-04 
 5.52499754e-02  7.47500246e-04 
 5.90885208e-02  8.09114792e-04 
 6.29660454e-02  8.70339546e-04 
 6.68858163e-02  9.31141837e-04 
 7.08514968e-02  9.91485032e-04 
 7.48672081e-02  1.05132792e-03 
 7.89376021e-02  1.11062398e-03 
 8.30679474e-02  1.16932053e-03 
 8.72642319e-02  1.22735768e-03 
 9.15332838e-02  1.28466716e-03 
 9.58829147e-02  1.34117085e-03 
 1.00322089e-01  1.39677911e-03 
 1.04861120e-01  1.45138880e-03 
 1.09511898e-01  1.50488102e-03 
 1.14288147e-01  1.55711853e-03 
 1.19205704e-01  1.60794296e-03 
 1.24282800e-01  1.65717200e-03 
 1.29540323e-01  1.70459677e-03 
 1.35001973e-01  1.74998027e-03 
 1.40694238e-01  1.79305762e-03 
 1.46645995e-01  1.83354005e-03 
 1.52887537e-01  1.87112463e-03 
 1.59448761e-01  1.90551239e-03 
 1.66356327e-01  1.93643673e-03 
 1.73629863e-01  1.96370137e-03 
 1.81277765e-01  1.98722235e-03 
 1.89293780e-01  2.00706220e-03 
 1.97655790e-01  2.02344210e-03 
 2.06327742e-01  2.03672258e-03 
 2.15264386e-01  2.04735614e-03 
 2.24417243e-01  2.05582757e-03 
 2.33739975e-01  2.06260025e-03 
 2.43191934e-01  2.06808066e-03 
 2.52739714e-01  2.07260286e-03 
 2.62357174e-01  2.07642826e-03 
 2.72024579e-01  2.07975421e-03 
 2.81727410e-01  2.08272590e-03 
 2.91455187e-01  2.08544813e-03 
 3.01200441e-01  2.08799559e-03 
 3.10957898e-01  2.09042102e-03 
 3.20723856e-01  2.09276144e-03 
 3.30495728e-01  2.09504272e-03 
 3.40271711e-01  2.09728289e-03 
 3.50050551e-01  2.09949449e-03 
 3.59831377e-01  2.10168623e-03 
 3.69613584e-01  2.10386416e-03 
 3.79396750e-01  2.10603250e-03 
 3.89180584e-01  2.10819416e-03 
 3.98964883e-01  2.11035117e-03 
 4.08749506e-01  2.11250494e-03 
 4.18534356e-01  2.11465644e-03 
 4.28319363e-01  2.11680637e-03 
 4.38104480e-01  2.11895520e-03 
 4.47889675e-01  2.12110325e-03 
 4.57674923e-01  2.12325077e-03 
 4.67460210e-01  2.12539790e-03 
 4.77245523e-01  2.12754477e-03 
 4.87030855e-01  2.12969145e-03 
 4.96816200e-01  2.13183800e-03 
 5.06601555e-01  2.13398445e-03 
 5.16386916e-01  2.13613084e-03 
 5.26172281e-01  2.13827719e-03 
 5.35957650e-01  2.14042350e-03 
 5.45743021e-01  2.14256979e-03 
 5.55528394e-01  2.14471606e-03 
 5.65313768e-01  2.14686232e-03 
 5.75099143e-01  2.14900857e-03 
 5.84884519e-01  2.15115481e-03 
 5.94669895e-01  2.15330105e-03 
 6.04455271e-01  2.15544729e-03 
 6.14240647e-01  2.15759353e-03 
 6.24026024e-01  2.15973976e-03 
 6.33811401e-01  2.16188599e-03 
 6.43596778e-01  2.16403222e-03 
 6.53382155e-01  2.16617845e-03 
 6.63167532e-01  2.16832468e-03 
 6.72952909e-01  2.17047091e-03 
 6.82738286e-01  2.17261714e-03 
 6.92523663e-01  2.17476337e-03 
 7.02309040e-01  2.17690960e-03 
 7.12094417e-01  2.17905583e-03 
 7.21879794e-01  2.18120206e-03 
 7.31665171e-01  2.18334829e-03 
 7.41450548e-01  2.18549452e-03 
 7.51235925e-01  2.18764075e-03 
 7.61021302e-01  2.18978698e-03 
 7.70806679e-01  2.19193321e-03 
 7.80592056e-01  2.19407944e-03 
 7.90377433e-01  2.19622567e-03 
 8.00162810e-01  2.19837190e-03 
 8.09948187e-01  2.20051813e-03 
 8.19733564e-01  2.20266436e-03 
 8.29518941e-01  2.20481059e-03 
 8.39304319e-01  2.20695681e-03 
 8.49089696e-01  2.20910304e-03 
 8.58875073e-01  2.21124927e-03 
 8.68660450e-01  2.21339550e-03 
 8.78445827e-01  2.21554173e-03 
 8.88231204e-01  2.21768796e-03 
 8.98016581e-01  2.21983419e-03 
 9.07801958e-01  2.22198042e-03 
 9.17587335e-01  2.22412665e-03 
 9.27372712e-01  2.22627288e-03 
 9.37158089e-01  2.22841911e-03 
 9.46943466e-01  2.23056534e-03 
 9.56728843e-01  2.23271157e-03 
 9.66514221e-01  2.23485779e-03 
 9.76299598e-01  2.23700402e-03 
 9.86084975e-01  2.23915025e-03 
 9.95870352e-01  2.24129648e-03 
 1.00565573e+00  2.24344271e-03 
 1.01544111e+00  2.24558894e-03 
 1.02522648e+00  2.24773517e-03 
 1.03501186e+00  2.24988140e-03 
 1.04479724e+00  2.25202763e-03 
 1.05458261e+00  2.25417386e-03 
 1.06436799e+00  2.25632009e-03 
 1.07415337e+00  2.25846632e-03 
 1.08393875e+00  2.26061255e-03 
 1.09372412e+00  2.26275877e-03 
 1.10350950e+00  2.26490500e-03 
 1.11329488e+00  2.26705123e-03 
 1.12308025e+00  2.26919746e-03 
 1.13286563e+00  2.27134369e-03 
 1.14265101e+00  2.27348992e-03 
 1.15243638e+00  2.27563615e-03 
 1.16222176e+00  2.27778238e-03 
 1.17200714e+00  2.27992861e-03 
 1.18179252e+00  2.28207484e-03 
 1.19157789e+00  2.28422107e-03 
 1.20136327e+00  2.28636730e-03 
 1.21114865e+00  2.28851353e-03 
 1.22093402e+00  2.29065976e-03 
 1.23071940e+00  2.29280598e-03 
 1.24050478e+00  2.29495221e-03 
 1.25029016e+00  2.29709844e-03 
 1.26007553e+00  2.29924467e-03 
 1.26986091e+00  2.30139090e-03 
 1.27964629e+00  2.30353713e-03 
 1.28943166e+00  2.30568336e-03 
 1.29921704e+00  2.30782959e-03 
 1.30900242e+00  2.30997582e-03 
 1.31878780e+00  2.31212205e-03 
 1.32857317e+00  2.31426828e-03 
 1.33835855e+00  2.31641451e-03 
 1.34814393e+00  2.31856074e-03 
 1.35792930e+00  2.32070696e-03 
 1.36771468e+00  2.32285319e-03 
 1.37750006e+00  2.32499942e-03 
 1.38728543e+00  2.32714565e-03 
 1.39707081e+00  2.32929188e-03 
 1.40685619e+00  2.33143811e-03 
 1.41664157e+00  2.33358434e-03 
 1.42642694e+00  2.33573057e-03 
 1.43621232e+00  2.33787680e-03 
 1.44599770e+00  2.34002303e-03 
 1.45578307e+00  2.34216926e-03 
 1.46556845e+00  2.34431549e-03 
 1.47535383e+00  2.34646172e-03 
 1.48513921e+00  2.34860794e-03 
 1.49492458e+00  2.35075417e-03 
 1.50470996e+00  2.35290040e-03 
 1.51449534e+00  2.35504663e-03 
 1.52428071e+00  2.35719286e-03 
 1.53406609e+00  2.35933909e-03 
 1.54385147e+00  2.36148532e-03 
 1.55363685e+00  2.36363155e-03 
 1.56342222e+00  2.36577778e-03 
 1.57320760e+00  2.36792401e-03 
 1.58299298e+00  2.37007024e-03 
 1.59277835e+00  2.37221647e-03 
 1.60256373e+00  2.37436270e-03 
 1.61234911e+00  2.37650893e-03 
 1.62213448e+00  2.37865515e-03 
 1.63191986e+00  2.38080138e-03 
 1.64170524e+00  2.38294761e-03 
 1.65149062e+00  2.38509384e-03 
 1.66127599e+00  2.38724007e-03 
 1.67106137e+00  2.38938630e-03 
 1.68084675e+00  2.39153253e-03 
 1.69063212e+00  2.39367876e-03 
 1.70041750e+00  2.39582499e-03 
 1.71020288e+00  2.39797122e-03 
 1.71998826e+00  2.40011745e-03 
 1.72977363e+00  2.40226368e-03 
 1.73955901e+00  2.40440991e-03 
 1.74934439e+00  2.40655613e-03 
 1.75912976e+00  2.40870236e-03 
 1.76891514e+00  2.41084859e-03 
 1.77870052e+00  2.41299482e-03 
 1.78848589e+00  2.41514105e-03 
 1.79827127e+00  2.41728728e-03 
 1.80805665e+00  2.41943351e-03 
 1.81784203e+00  2.42157974e-03 
 1.82762740e+00  2.42372597e-03 
 1.83741278e+00  2.42587220e-03 
 1.84719816e+00  2.42801843e-03 
 1.85698353e+00  2.43016466e-03 
 1.86676891e+00  2.43231089e-03 
 1.87655429e+00  2.43445712e-03 
 1.88633967e+00  2.43660334e-03 
 1.89612504e+00  2.43874957e-03 
 1.90591042e+00  2.44089580e-03 
 1.91569580e+00  2.44304203e-03 
 1.92548117e+00  2.44518826e-03 
 1.93526655e+00  2.44733449e-03 
 1.94505193e+00  2.44948072e-03 
 1.95483731e+00  2.45162695e-03 
 1.96462268e+00  2.45377318e-03 
 1.97440806e+00  2.45591941e-03 
 1.98419344e+00  2.45806564e-03 
 1.99397881e+00  2.46021187e-03 
 2.00376419e+00  2.46235810e-03 
 2.01354957e+00  2.46450432e-03 
 2.02333494e+00  2.46665055e-03 
 2.03312032e+00  2.46879678e-03 
 2.04290570e+00  2.47094301e-03 
 2.05269108e+00  2.47308924e-03 
 2.06247645e+00  2.47523547e-03 
 2.07226183e+00  2.47738170e-03 
 2.08204721e+00  2.47952793e-03 
 2.09183258e+00  2.48167416e-03 
 2.10161796e+00  2.48382039e-03 
 2.11140334e+00  2.48596662e-03 
 2.12118872e+00  2.48811285e-03 
 2.13097409e+00  2.49025908e-03 
 2.14075947e+00  2.49240531e-03 
 2.15054485e+00  2.49455153e-03 
 2.16033022e+00  2.49669776e-03 
 2.17011560e+00  2.49884399e-03 
 2.17990098e+00  2.50099022e-03 
 2.18968635e+00  2.50313645e-03 
 2.19947173e+00  2.50528268e-03 
 2.20925711e+00  2.50742891e-03 
 2.21904249e+00  2.50957514e-03 
 2.22882786e+00  2.51172137e-03 
 2.23861324e+00  2.51386760e-03 
 2.24839862e+00  2.51601383e-03 
 2.25818399e+00  2.51816006e-03 
 2.26796937e+00  2.52030629e-03 
 2.27775475e+00  2.52245251e-03 
 2.28754013e+00  2.52459874e-03 
 2.29732550e+00  2.52674497e-03 
 2.30711088e+00  2.52889120e-03 
 2.31689626e+00  2.53103743e-03 
 2.32668163e+00  2.53318366e-03 
 2.33646701e+00  2.53532989e-03 
 2.34625239e+00  2.53747612e-03 
 2.35603777e+00  2.53962235e-03 
 2.36582314e+00  2.54176858e-03 
 2.37560852e+00  2.54391481e-03 
 2.38539390e+00  2.54606104e-03 
 2.39517927e+00  2.54820727e-03 
 2.40496465e+00  2.55035350e-03 
 2.41475003e+00  2.55249972e-03 
 2.42453540e+00  2.55464595e-03 
 2.43432078e+00  2.55679218e-03 
 2.44410616e+00  2.55893841e-03 
 2.45389154e+00  2.56108464e-03 
 2.46367691e+00  2.56323087e-03 
 2.47346229e+00  2.56537710e-03 
 2.48324767e+00  2.56752333e-03 
 2.49303304e+00  2.56966956e-03 
 2.50281842e+00  2.57181579e-03 
 2.51260380e+00  2.57396202e-03 
 2.52238918e+00  2.57610825e-03 
 2.53217455e+00  2.57825448e-03 
 2.54195993e+00  2.58040070e-03 
 2.55174531e+00  2.58254693e-03 
 2.56153068e+00  2.58469316e-03 
 2.57131606e+00  2.58683939e-03 
 2.58110144e+00  2.58898562e-03 
 2.59088681e+00  2.59113185e-03 
 2.60067219e+00  2.59327808e-03 
 2.61045757e+00  2.59542431e-03 
 2.62024295e+00  2.59757054e-03 
 2.63002832e+00  2.59971677e-03 
 2.63981370e+00  2.60186300e-03 
 2.64959908e+00  2.60400923e-03 
 2.65938445e+00  2.60615546e-03 
 2.66916983e+00  2.60830169e-03 
 2.67895521e+00  2.61044791e-03 
 2.68874059e+00  2.61259414e-03 
 2.69852596e+00  2.61474037e-03 
 2.70831134e+00  2.61688660e-03 
 2.71809672e+00  2.61903283e-03 
 2.72788209e+00  2.62117906e-03 
 2.73766747e+00  2.62332529e-03 
 2.74745285e+00  2.62547152e-03 
 2.75723823e+00  2.62761775e-03 
 2.76702360e+00  2.62976398e-03 
 2.77680898e+00  2.63191021e-03 
 2.78659436e+00  2.63405644e-03 
 2.79637973e+00  2.63620267e-03 
 2.80616511e+00  2.63834889e-03 
 2.81595049e+00  2.64049512e-03 
 2.82573586e+00  2.64264135e-03 
 2.83552124e+00  2.64478758e-03 
 2.84530662e+00  2.64693381e-03 
 2.85509200e+00  2.64908004e-03 
 2.86487737e+00  2.65122627e-03 
 2.87466275e+00  2.65337250e-03 
 2.88444813e+00  2.65551873e-03 
 2.89423350e+00  2.65766496e-03 
 2.90401888e+00  2.65981119e-03 
 2.91380426e+00  2.66195742e-03 
 2.92358964e+00  2.66410365e-03 
 2.93337501e+00  2.66624988e-03 
 2.94316039e+00  2.66839610e-03 
 2.95294577e+00  2.67054233e-03 
 2.96273114e+00  2.67268856e-03 
 2.97251652e+00  2.67483479e-03 
 2.98230190e+00  2.67698102e-03 
 2.99208727e+00  2.67912725e-03 
 3.00187265e+00  2.68127348e-03 
 3.01165803e+00  2.68341971e-03 
 3.02144341e+00  2.68556594e-03 
 3.03122878e+00  2.68771217e-03 
 3.04101416e+00  2.68985840e-03 
 3.05079954e+00  2.69200463e-03 
 3.06058491e+00  2.69415086e-03 
 3.07037029e+00  2.69629709e-03 
 3.08015567e+00  2.69844331e-03 
 3.08994105e+00  2.70058954e-03 
 3.09972642e+00  2.70273577e-03 
 3.10951180e+00  2.70488200e-03 
 3.11929718e+00  2.70702823e-03 
 3.12908255e+00  2.70917446e-03 
 3.13886793e+00  2.71132069e-03 
 3.14865331e+00  2.71346692e-03 
 3.15843869e+00  2.71561315e-03 
 3.16822406e+00  2.71775938e-03 
 3.17800944e+00  2.71990561e-03 
 3.18779482e+00  2.72205184e-03 
 3.19758019e+00  2.72419807e-03 
 3.20736557e+00  2.72634430e-03 
 3.21715095e+00  2.72849052e-03 
 3.22693632e+00  2.73063675e-03 
 3.23672170e+00  2.73278298e-03 
 3.24650708e+00  2.73492921e-03 
 3.25629246e+00  2.73707544e-03 
 3.26607783e+00  2.73922167e-03 
 3.27586321e+00  2.74136790e-03 
 3.28564859e+00  2.74351413e-03 
 3.29543396e+00  2.74566036e-03 
 3.30521934e+00  2.74780659e-03 
 3.31500472e+00  2.74995282e-03 
 3.32479010e+00  2.75209905e-03 
 3.33457547e+00  2.75424528e-03 
 3.34436085e+00  2.75639150e-03 
 3.35414623e+00  2.75853773e-03 
 3.36393160e+00  2.76068396e-03 
 3.37371698e+00  2.76283019e-03 
 3.38350236e+00  2.76497642e-03 
 3.39328773e+00  2.76712265e-03 
 3.40307311e+00  2.76926888e-03 
 3.41285849e+00  2.77141511e-03 
 3.42264387e+00  2.77356134e-03 
 3.43242924e+00  2.77570757e-03 
 3.44221462e+00  2.77785380e-03 
 3.45200000e+00  2.78000003e-03 
 3.46178537e+00  2.78214626e-03 
 3.47157075e+00  2.78429249e-03 
 3.48135613e+00  2.78643871e-03 
 3.49114151e+00  2.78858494e-03 
 3.50092688e+00  2.79073117e-03 
 3.51071226e+00  2.79287740e-03 
 3.52049764e+00  2.79502363e-03 
 3.53028301e+00  2.79716986e-03 
 3.54006839e+00  2.79931609e-03 
 3.54985377e+00  2.80146232e-03 
 3.55963915e+00  2.80360855e-03 
 3.56942452e+00  2.80575478e-03 
 3.57920990e+00  2.80790101e-03 
 3.58899528e+00  2.81004724e-03 
 3.59878065e+00  2.81219347e-03 
 3.60856603e+00  2.81433970e-03 
 3.61835141e+00  2.81648592e-03 
 3.62813678e+00  2.81863215e-03 
 3.63792216e+00  2.82077838e-03 
 3.64770754e+00  2.82292461e-03 
 3.65749292e+00  2.82507084e-03 
 3.66727829e+00  2.82721707e-03 
 3.67706367e+00  2.82936330e-03 
 3.68684905e+00  2.83150953e-03 
 3.69663442e+00  2.83365576e-03 
 3.70641980e+00  2.83580199e-03 
 3.71620518e+00  2.83794822e-03 
 3.72599056e+00  2.84009445e-03 
 3.73577593e+00  2.84224068e-03 
 3.74556131e+00  2.84438691e-03 
 3.75534669e+00  2.84653313e-03 
 3.76513206e+00  2.84867936e-03 
 3.77491744e+00  2.85082559e-03 
 3.78470282e+00  2.85297182e-03 
 3.79448819e+00  2.85511805e-03 
 3.80427357e+00  2.85726428e-03 
 3.81405895e+00  2.85941051e-03 
 3.82384433e+00  2.86155674e-03 
 3.83362970e+00  2.86370297e-03 
 3.84341508e+00  2.86584920e-03 
 3.85320046e+00  2.86799543e-03 
 3.86298583e+00  2.87014166e-03 
 3.87277121e+00  2.87228789e-03 
 3.88255659e+00  2.87443412e-03 
 3.89234197e+00  2.87658034e-03 
 3.90212734e+00  2.87872657e-03 
 3.91191272e+00  2.88087280e-03 
 3.92169810e+00  2.88301903e-03 
 3.93148347e+00  2.88516526e-03 
 3.94126885e+00  2.88731149e-03 
 3.95105423e+00  2.88945772e-03 
 3.96083961e+00  2.89160395e-03 
 3.97062498e+00  2.89375018e-03 
 3.98041036e+00  2.89589641e-03 
 3.99019574e+00  2.89804264e-03 
 3.99998111e+00  2.90018887e-03 
 4.00976649e+00  2.90233510e-03 
 4.01955187e+00  2.90448133e-03 
 4.02933724e+00  2.90662755e-03 
 4.03912262e+00  2.90877378e-03 
 4.04890800e+00  2.91092001e-03 
 4.05869338e+00  2.91306624e-03 
 4.06847875e+00  2.91521247e-03 
 4.07826413e+00  2.91735870e-03 
 4.08804951e+00  2.91950493e-03 
 4.09783488e+00  2.92165116e-03 
 4.10762026e+00  2.92379739e-03 
 4.11740564e+00  2.92594362e-03 
 4.12719102e+00  2.92808985e-03 
 4.13697639e+00  2.93023608e-03 
 4.14676177e+00  2.93238231e-03 
 4.15654715e+00  2.93452854e-03 
 4.16633252e+00  2.93667476e-03 
 4.17611790e+00  2.93882099e-03 
 4.18590328e+00  2.94096722e-03 
 4.19568865e+00  2.94311345e-03 
 4.20547403e+00  2.94525968e-03 
 4.21525941e+00  2.94740591e-03 
 4.22504479e+00  2.94955214e-03 
 4.23483016e+00  2.95169837e-03 
 4.24461554e+00  2.95384460e-03 
 4.25440092e+00  2.95599083e-03 
 4.26418629e+00  2.95813706e-03 
 4.27397167e+00  2.96028329e-03 
 4.28375705e+00  2.96242952e-03 
 4.29354243e+00  2.96457575e-03 
 4.30332780e+00  2.96672197e-03 
 4.31311318e+00  2.96886820e-03 
 4.32289856e+00  2.97101443e-03 
 4.33268393e+00  2.97316066e-03 
 4.34246931e+00  2.97530689e-03 
 4.35225469e+00  2.97745312e-03 
 4.36204006e+00  2.97959935e-03 
 4.37182544e+00  2.98174558e-03 
 4.38161082e+00  2.98389181e-03 
 4.39139620e+00  2.98603804e-03 
 4.40118157e+00  2.98818427e-03 
 4.41096695e+00  2.99033050e-03 
 4.42075233e+00  2.99247673e-03 
 4.43053770e+00  2.99462296e-03 
 4.44032308e+00  2.99676918e-03 
 4.45010846e+00  2.99891541e-03 
 4.45989384e+00  3.00106164e-03 
 4.46967921e+00  3.00320787e-03 
 4.47946459e+00  3.00535410e-03 
 4.48924997e+00  3.00750033e-03 
 4.49903534e+00  3.00964656e-03 
 4.50882072e+00  3.01179279e-03 
 4.51860610e+00  3.01393902e-03 
 4.52839148e+00  3.01608525e-03 
 4.53817685e+00  3.01823148e-03 
 4.54796223e+00  3.02037771e-03 
 4.55774761e+00  3.02252394e-03 
 4.56753298e+00  3.02467017e-03 
 4.57731836e+00  3.02681639e-03 
 4.58710374e+00  3.02896262e-03 
 4.59688911e+00  3.03110885e-03 
 4.60667449e+00  3.03325508e-03 
 4.61645987e+00  3.03540131e-03 
 4.62624525e+00  3.03754754e-03 
 4.63603062e+00  3.03969377e-03 
 4.64581600e+00  3.04184000e-03 
 4.65560138e+00  3.04398623e-03 
 4.66538675e+00  3.04613246e-03 
 4.67517213e+00  3.04827869e-03 
 4.68495751e+00  3.05042492e-03 
 4.69474289e+00  3.05257115e-03 
 4.70452826e+00  3.05471738e-03 
 4.71431364e+00  3.05686360e-03 
 4.72409902e+00  3.05900983e-03 
 4.73388439e+00  3.06115606e-03 
 4.74366977e+00  3.06330229e-03 
 4.75345515e+00  3.06544852e-03 
 4.76324052e+00  3.06759475e-03 
 4.77302590e+00  3.06974098e-03 
 4.78281128e+00  3.07188721e-03 
 4.79259666e+00  3.07403344e-03 
 4.80238203e+00  3.07617967e-03 
 4.81216741e+00  3.07832590e-03 
 4.82195279e+00  3.08047213e-03 
 4.83173816e+00  3.08261836e-03 
 4.84152354e+00  3.08476459e-03 
 4.85130892e+00  3.08691081e-03 
 4.86109430e+00  3.08905704e-03 
 4.87087967e+00  3.09120327e-03 
 4.88066505e+00  3.09334950e-03 
 4.89045043e+00  3.09549573e-03 
 4.90023580e+00  3.09764196e-03 
 4.91002118e+00  3.09978819e-03 
 4.91980656e+00  3.10193442e-03 
 4.92959194e+00  3.10408065e-03 
 4.93937731e+00  3.10622688e-03 
 4.94916269e+00  3.10837311e-03 
 4.95894807e+00  3.11051934e-03 
 4.96873344e+00  3.11266557e-03 
 4.97851882e+00  3.11481180e-03 
 4.98830420e+00  3.11695802e-03 
 4.99808957e+00  3.11910425e-03 
 5.00787495e+00  3.12125048e-03 
 5.01766033e+00  3.12339671e-03 
 5.02744571e+00  3.12554294e-03 
 5.03723108e+00  3.12768917e-03 
 5.04701646e+00  3.12983540e-03 
 5.05680184e+00  3.13198163e-03 
 5.06658721e+00  3.13412786e-03 
 5.07637259e+00  3.13627409e-03 
 5.08615797e+00  3.13842032e-03 
 5.09594335e+00  3.14056655e-03 
 5.10572872e+00  3.14271278e-03 
 5.11551410e+00  3.14485901e-03 
 5.12529948e+00  3.14700523e-03 
 5.13508485e+00  3.14915146e-03 
 5.14487023e+00  3.15129769e-03 
 5.15465561e+00  3.15344392e-03 
 5.16444098e+00  3.15559015e-03 
 5.17422636e+00  3.15773638e-03 
 5.18401174e+00  3.15988261e-03 
 5.19379712e+00  3.16202884e-03 
 5.20358249e+00  3.16417507e-03 
 5.21336787e+00  3.16632130e-03 
 5.22315325e+00  3.16846753e-03 
 5.23293862e+00  3.17061376e-03 
 5.24272400e+00  3.17275999e-03 
 5.25250938e+00  3.17490622e-03 
 5.26229476e+00  3.17705245e-03 
 5.27208013e+00  3.17919867e-03 
 5.28186551e+00  3.18134490e-03 
 5.29165089e+00  3.18349113e-03 
 5.30143626e+00  3.18563736e-03 
 5.31122164e+00  3.18778359e-03 
 5.32100702e+00  3.18992982e-03 
 5.33079239e+00  3.19207605e-03 
 5.34057777e+00  3.19422228e-03 
 5.35036315e+00  3.19636851e-03 
 5.36014853e+00  3.19851474e-03 
 5.36993390e+00  3.20066097e-03 
 5.37971928e+00  3.20280720e-03 
 5.38950466e+00  3.20495343e-03 
 5.39929003e+00  3.20709966e-03 
 5.40907541e+00  3.20924588e-03 
 5.41886079e+00  3.21139211e-03 
 5.42864617e+00  3.21353834e-03 
 5.43843154e+00  3.21568457e-03 
 5.44821692e+00  3.21783080e-03 
 5.45800230e+00  3.21997703e-03 
 5.46778767e+00  3.22212326e-03 
 5.47757305e+00  3.22426949e-03 
 5.48735843e+00  3.22641572e-03 
 5.49714381e+00  3.22856195e-03 
 5.50692918e+00  3.23070818e-03 
 5.51671456e+00  3.23285441e-03 
 5.52649994e+00  3.23500064e-03 
 5.53628531e+00  3.23714687e-03 
 5.54607069e+00  3.23929309e-03 
 5.55585607e+00  3.24143932e-03 
 5.56564144e+00  3.24358555e-03 
 5.57542682e+00  3.24573178e-03 
 5.58521220e+00  3.24787801e-03 
 5.59499758e+00  3.25002424e-03 
 5.60478295e+00  3.25217047e-03 
 5.61456833e+00  3.25431670e-03 
 5.62435371e+00  3.25646293e-03 
 5.63413908e+00  3.25860916e-03 
 5.64392446e+00  3.26075539e-03 
 5.65370984e+00  3.26290162e-03 
 5.66349522e+00  3.26504785e-03 
 5.67328059e+00  3.26719408e-03 
 5.68306597e+00  3.26934031e-03 
 5.69285135e+00  3.27148653e-03 
 5.70263672e+00  3.27363276e-03 
 5.71242210e+00  3.27577899e-03 
 5.72220748e+00  3.27792522e-03 
 5.73199285e+00  3.28007145e-03 
 5.74177823e+00  3.28221768e-03 
 5.75156361e+00  3.28436391e-03 
 5.76134899e+00  3.28651014e-03 
 5.77113436e+00  3.28865637e-03 
 5.78091974e+00  3.29080260e-03 
 5.79070512e+00  3.29294883e-03 
 5.80049049e+00  3.29509506e-03 
 5.81027587e+00  3.29724129e-03 
 5.82006125e+00  3.29938752e-03 
 5.82984663e+00  3.30153374e-03 
 5.83963200e+00  3.30367997e-03 
 5.84941738e+00  3.30582620e-03 
 5.85920276e+00  3.30797243e-03 
 5.86898813e+00  3.31011866e-03 
 5.87877351e+00  3.31226489e-03 
 5.88855889e+00  3.31441112e-03 
 5.89834427e+00  3.31655735e-03 
 5.90812964e+00  3.31870358e-03 
 5.91791502e+00  3.32084981e-03 
 5.92770040e+00  3.32299604e-03 
 5.93748577e+00  3.32514227e-03 
 5.94727115e+00  3.32728850e-03 
 5.95705653e+00  3.32943473e-03 
 5.96684190e+00  3.33158095e-03 
 5.97662728e+00  3.33372718e-03 
 5.98641266e+00  3.33587341e-03 
 5.99619804e+00  3.33801964e-03 
 6.00598341e+00  3.34016587e-03 
 6.01576879e+00  3.34231210e-03 
 6.02555417e+00  3.34445833e-03 
 6.03533954e+00  3.34660456e-03 
 6.04512492e+00  3.34875079e-03 
 6.05491030e+00  3.35089702e-03 
 6.06469568e+00  3.35304325e-03 
 6.07448105e+00  3.35518948e-03 
 6.08426643e+00  3.35733571e-03 
 6.09405181e+00  3.35948194e-03 
 6.10383718e+00  3.36162817e-03 
 6.11362256e+00  3.36377439e-03 
 6.12340794e+00  3.36592062e-03 
 6.13319331e+00  3.36806685e-03 
 6.14297869e+00  3.37021308e-03 
 6.15276407e+00  3.37235931e-03 
 6.16254945e+00  3.37450554e-03 
 6.17233482e+00  3.37665177e-03 
 6.18212020e+00  3.37879800e-03 
 6.19190558e+00  3.38094423e-03 
 6.20169095e+00  3.38309046e-03 
 6.21147633e+00  3.38523669e-03 
 6.22126171e+00  3.38738292e-03 
 6.23104709e+00  3.38952915e-03 
 6.24083246e+00  3.39167538e-03 
 6.25061784e+00  3.39382160e-03 
 6.26040322e+00  3.39596783e-03 
 6.27018859e+00  3.39811406e-03 
 6.27997397e+00  3.40026029e-03 
 6.28975935e+00  3.40240652e-03 
 6.29954472e+00  3.40455275e-03 
 6.30933010e+00  3.40669898e-03 
 6.31911548e+00  3.40884521e-03 
 6.32890086e+00  3.41099144e-03 
 6.33868623e+00  3.41313767e-03 
 6.34847161e+00  3.41528390e-03 
 6.35825699e+00  3.41743013e-03 
 6.36804236e+00  3.41957636e-03 
 6.37782774e+00  3.42172259e-03 
 6.38761312e+00  3.42386882e-03 
 6.39739850e+00  3.42601504e-03 
 6.40718387e+00  3.42816127e-03 
 6.41696925e+00  3.43030750e-03 
 6.42675463e+00  3.43245373e-03 
 6.43654000e+00  3.43459996e-03 
 6.44632538e+00  3.43674619e-03 
 6.45611076e+00  3.43889242e-03 
 6.46589614e+00  3.44103865e-03 
 6.47568151e+00  3.44318488e-03 
 6.48546689e+00  3.44533111e-03 
 6.49525227e+00  3.44747734e-03 
 6.50503764e+00  3.44962357e-03 
 6.51482302e+00  3.45176980e-03 
 6.52460840e+00  3.45391603e-03 
 6.53439377e+00  3.45606226e-03 
 6.54417915e+00  3.45820848e-03 
 6.55396453e+00  3.46035471e-03 
 6.56374991e+00  3.46250094e-03 
 6.57353528e+00  3.46464717e-03 
 6.58332066e+00  3.46679340e-03 
 6.59310604e+00  3.46893963e-03 
 6.60289141e+00  3.47108586e-03 
 6.61267679e+00  3.47323209e-03 
 6.62246217e+00  3.47537832e-03 
 6.63224755e+00  3.47752455e-03 
 6.64203292e+00  3.47967078e-03 
 6.65181830e+00  3.48181701e-03 
 6.66160368e+00  3.48396324e-03 
 6.67138905e+00  3.48610947e-03 
 6.68117443e+00  3.48825569e-03 
 6.69095981e+00  3.49040192e-03 
 6.70074518e+00  3.49254815e-03 
 6.71053056e+00  3.49469438e-03 
 6.72031594e+00  3.49684061e-03 
 6.73010132e+00  3.49898684e-03 
 6.73988669e+00  3.50113307e-03 
 6.74967207e+00  3.50327930e-03 
 6.75945745e+00  3.50542553e-03 
 6.76924282e+00  3.50757176e-03 
 6.77902820e+00  3.50971799e-03 
 6.78881358e+00  3.51186422e-03 
 6.79859896e+00  3.51401045e-03 
 6.80838433e+00  3.51615668e-03 
 6.81816971e+00  3.51830291e-03 
 6.82795509e+00  3.52044913e-03 
 6.83774046e+00  3.52259536e-03 
 6.84752584e+00  3.52474159e-03 
 6.85731122e+00  3.52688782e-03 
 6.86709659e+00  3.52903405e-03 
 6.87688197e+00  3.53118028e-03 
 6.88666735e+00  3.53332651e-03 
 6.89645273e+00  3.53547274e-03 
 6.90623810e+00  3.53761897e-03 
 6.91602348e+00  3.53976520e-03 
 6.92580886e+00  3.54191143e-03 
 6.93559423e+00  3.54405766e-03 
 6.94537961e+00  3.54620389e-03 
 6.95516499e+00  3.54835012e-03 
 6.96495037e+00  3.55049634e-03 
 6.97473574e+00  3.55264257e-03 
 6.98452112e+00  3.55478880e-03 
 6.99430650e+00  3.55693503e-03 
 7.00409187e+00  3.55908126e-03 
 7.01387725e+00  3.56122749e-03 
 7.02366263e+00  3.56337372e-03 
 7.03344800e+00  3.56551995e-03 
 7.04323338e+00  3.56766618e-03 
 7.05301876e+00  3.56981241e-03 
 7.06280414e+00  3.57195864e-03 
 7.07258951e+00  3.57410487e-03 
 7.08237489e+00  3.57625110e-03 
 7.09216027e+00  3.57839733e-03 
 7.10194564e+00  3.58054356e-03 
 7.11173102e+00  3.58268978e-03 
 7.12151640e+00  3.58483601e-03 
 7.13130178e+00  3.58698224e-03 
 7.14108715e+00  3.58912847e-03 
 7.15087253e+00  3.59127470e-03 
 7.16065791e+00  3.59342093e-03 
 7.17044328e+00  3.59556716e-03 
 7.18022866e+00  3.59771339e-03 
 7.19001404e+00  3.59985962e-03 
 7.19979942e+00  3.60200585e-03 
 7.20958479e+00  3.60415208e-03 
 7.21937017e+00  3.60629831e-03 
 7.22915555e+00  3.60844454e-03 
 7.23894092e+00  3.61059077e-03 
 7.24872630e+00  3.61273700e-03 
 7.25851168e+00  3.61488322e-03 
 7.26829705e+00  3.61702945e-03 
 7.27808243e+00  3.61917568e-03 
 7.28786781e+00  3.62132191e-03 
 7.29765319e+00  3.62346814e-03 
 7.30743856e+00  3.62561437e-03 
 7.31722394e+00  3.62776060e-03 
 7.32700932e+00  3.62990683e-03 
 7.33679469e+00  3.63205306e-03 
 7.34658007e+00  3.63419929e-03 
 7.35636545e+00  3.63634552e-03 
 7.36615083e+00  3.63849175e-03 
 7.37593620e+00  3.64063798e-03 
 7.38572158e+00  3.64278421e-03 
 7.39550696e+00  3.64493044e-03 
 7.40529233e+00  3.64707666e-03 
 7.41507771e+00  3.64922289e-03 
 7.42486309e+00  3.65136912e-03 
 7.43464846e+00  3.65351535e-03 
 7.44443384e+00  3.65566158e-03 
 7.45421922e+00  3.65780781e-03 
 7.46400460e+00  3.65995404e-03 
 7.47378997e+00  3.66210027e-03 
 7.48357535e+00  3.66424650e-03 
 7.49336073e+00  3.66639273e-03 
 7.50314610e+00  3.66853896e-03 
 7.51293148e+00  3.67068519e-03 
 7.52271686e+00  3.67283142e-03 
 7.53250224e+00  3.67497765e-03 
 7.54228761e+00  3.67712388e-03 
 7.55207299e+00  3.67927010e-03 
 7.56185837e+00  3.68141633e-03 
 7.57164374e+00  3.68356256e-03 
 7.58142912e+00  3.68570879e-03 
 7.59121450e+00  3.68785502e-03 
 7.60099987e+00  3.69000125e-03 
 7.61078525e+00  3.69214748e-03 
 7.62057063e+00  3.69429371e-03 
 7.63035601e+00  3.69643994e-03 
 7.64014138e+00  3.69858617e-03 
 7.64992676e+00  3.70073240e-03 
 7.65971214e+00  3.70287863e-03 
 7.66949751e+00  3.70502486e-03 
 7.67928289e+00  3.70717109e-03 
 7.68906827e+00  3.70931731e-03 
 7.69885365e+00  3.71146354e-03 
 7.70863902e+00  3.71360977e-03 
 7.71842440e+00  3.71575600e-03 
 7.72820978e+00  3.71790223e-03 
 7.73799515e+00  3.72004846e-03 
 7.74778053e+00  3.72219469e-03 
 7.75756591e+00  3.72434092e-03 
 7.76735129e+00  3.72648715e-03 
 7.77713666e+00  3.72863338e-03 
 7.78692204e+00  3.73077961e-03 
 7.79670742e+00  3.73292584e-03 
 7.80649279e+00  3.73507207e-03 
 7.81627817e+00  3.73721830e-03 
 7.82606355e+00  3.73936453e-03 
 7.83584892e+00  3.74151075e-03 
 7.84563430e+00  3.74365698e-03 
 7.85541968e+00  3.74580321e-03 
 7.86520506e+00  3.74794944e-03 
 7.87499043e+00  3.75009567e-03 
 7.88477581e+00  3.75224190e-03 
 7.89456119e+00  3.75438813e-03 
 7.90434656e+00  3.75653436e-03 
 7.91413194e+00  3.75868059e-03 
 7.92391732e+00  3.76082682e-03 
 7.93370270e+00  3.76297305e-03 
 7.94348807e+00  3.76511928e-03 
 7.95327345e+00  3.76726551e-03 
 7.96305883e+00  3.76941174e-03 
 7.97284420e+00  3.77155797e-03 
 7.98262958e+00  3.77370419e-03 
 7.99241496e+00  3.77585042e-03 
 8.00220033e+00  3.77799665e-03 
 8.01198571e+00  3.78014288e-03 
 8.02177109e+00  3.78228911e-03 
 8.03155647e+00  3.78443534e-03 
 8.04134184e+00  3.78658157e-03 
 8.05112722e+00  3.78872780e-03 
 8.06091260e+00  3.79087403e-03 
 8.07069797e+00  3.79302026e-03 
 8.08048335e+00  3.79516649e-03 
 8.09026873e+00  3.79731272e-03 
 8.10005411e+00  3.79945895e-03 
 8.10983948e+00  3.80160518e-03 
 8.11962486e+00  3.80375141e-03 
 8.12941024e+00  3.80589763e-03 
 8.13919561e+00  3.80804386e-03 
 8.14898099e+00  3.81019009e-03 
 8.15876637e+00  3.81233632e-03 
 8.16855174e+00  3.81448255e-03 
 8.17833712e+00  3.81662878e-03 
 8.18812250e+00  3.81877501e-03 
 8.19790788e+00  3.82092124e-03 
 8.20769325e+00  3.82306747e-03 
 8.21747863e+00  3.82521370e-03 
 8.22726401e+00  3.82735993e-03 
 8.23704938e+00  3.82950616e-03 
 8.24683476e+00  3.83165239e-03 
 8.25662014e+00  3.83379862e-03 
 8.26640552e+00  3.83594485e-03 
 8.27619089e+00  3.83809107e-03 
 8.28597627e+00  3.84023730e-03 
 8.29576165e+00  3.84238353e-03 
 8.30554702e+00  3.84452976e-03 
 8.31533240e+00  3.84667599e-03 
 8.32511778e+00  3.84882222e-03 
 8.33490315e+00  3.85096845e-03 
 8.34468853e+00  3.85311468e-03 
 8.35447391e+00  3.85526091e-03 
 8.36425929e+00  3.85740714e-03 
 8.37404466e+00  3.85955337e-03 
 8.38383004e+00  3.86169960e-03 
 8.39361542e+00  3.86384583e-03 
 8.40340079e+00  3.86599206e-03 
 8.41318617e+00  3.86813829e-03 
 8.42297155e+00  3.87028451e-03 
 8.43275693e+00  3.87243074e-03 
 8.44254230e+00  3.87457697e-03 
 8.45232768e+00  3.87672320e-03 
 8.46211306e+00  3.87886943e-03 
 8.47189843e+00  3.88101566e-03 
 8.48168381e+00  3.88316189e-03 
 8.49146919e+00  3.88530812e-03 
 8.50125457e+00  3.88745435e-03 
 8.51103994e+00  3.88960058e-03 
 8.52082532e+00  3.89174681e-03 
 8.53061070e+00  3.89389304e-03 
 8.54039607e+00  3.89603927e-03 
 8.55018145e+00  3.89818550e-03 
 8.55996683e+00  3.90033173e-03 
 8.56975220e+00  3.90247796e-03 
 8.57953758e+00  3.90462418e-03 
 8.58932296e+00  3.90677041e-03 
 8.59910834e+00  3.90891664e-03 
 8.60889371e+00  3.91106287e-03 
 8.61867909e+00  3.91320910e-03 
 8.62846447e+00  3.91535533e-03 
 8.63824984e+00  3.91750156e-03 
 8.64803522e+00  3.91964779e-03 
 8.65782060e+00  3.92179402e-03 
 8.66760598e+00  3.92394025e-03 
 8.67739135e+00  3.92608648e-03 
 8.68717673e+00  3.92823271e-03 
 8.69696211e+00  3.93037894e-03 
 8.70674748e+00  3.93252517e-03 
 8.71653286e+00  3.93467140e-03 
 8.72631824e+00  3.93681762e-03 
 8.73610361e+00  3.93896385e-03 
 8.74588899e+00  3.94111008e-03 
 8.75567437e+00  3.94325631e-03 
 8.76545975e+00  3.94540254e-03 
 8.77524512e+00  3.94754877e-03 
 8.78503050e+00  3.94969500e-03 
 8.79481588e+00  3.95184123e-03 
 8.80460125e+00  3.95398746e-03 
 8.81438663e+00  3.95613369e-03 
 8.82417201e+00  3.95827992e-03 
 8.83395739e+00  3.96042615e-03 
 8.84374276e+00  3.96257238e-03 
 8.85352814e+00  3.96471861e-03 
 8.86331352e+00  3.96686484e-03 
 8.87309889e+00  3.96901106e-03 
 8.88288427e+00  3.97115729e-03 
 8.89266965e+00  3.97330352e-03 
 8.90245502e+00  3.97544975e-03 
 8.91224040e+00  3.97759598e-03 
 8.92202578e+00  3.97974221e-03 
 8.93181116e+00  3.98188844e-03 
 8.94159653e+00  3.98403467e-03 
 8.95138191e+00  3.98618090e-03 
 8.96116729e+00  3.98832713e-03 
 8.97095266e+00  3.99047336e-03 
 8.98073804e+00  3.99261959e-03 
 8.99052342e+00  3.99476582e-03 
 9.00030880e+00  3.99691205e-03 
 9.01009417e+00  3.99905828e-03 
 9.01987955e+00  4.00120450e-03 
 9.02966493e+00  4.00335073e-03 
 9.03945030e+00  4.00549696e-03 
 9.04923568e+00  4.00764319e-03 
 9.05902106e+00  4.00978942e-03 
 9.06880643e+00  4.01193565e-03 
 9.07859181e+00  4.01408188e-03 
 9.08837719e+00  4.01622811e-03 
 9.09816257e+00  4.01837434e-03 
 9.10794794e+00  4.02052057e-03 
 9.11773332e+00  4.02266680e-03 
 9.12751870e+00  4.02481303e-03 
 9.13730407e+00  4.02695926e-03 
 9.14708945e+00  4.02910549e-03 
 9.15687483e+00  4.03125172e-03 
 9.16666021e+00  4.03339795e-03 
 9.17644558e+00  4.03554417e-03 
 9.18623096e+00  4.03769040e-03 
 9.19601634e+00  4.03983663e-03 
 9.20580171e+00  4.04198286e-03 
 9.21558709e+00  4.04412909e-03 
 9.22537247e+00  4.04627532e-03 
 9.23515784e+00  4.04842155e-03 
 9.24494322e+00  4.05056778e-03 
 9.25472860e+00  4.05271401e-03 
 9.26451398e+00  4.05486024e-03 
 9.27429935e+00  4.05700647e-03 
 9.28408473e+00  4.05915270e-03 
 9.29387011e+00  4.06129893e-03 
 9.30365548e+00  4.06344516e-03 
 9.31344086e+00  4.06559139e-03 
 9.32322624e+00  4.06773761e-03 
 9.33301162e+00  4.06988384e-03 
 9.34279699e+00  4.07203007e-03 
 9.35258237e+00  4.07417630e-03 
 9.36236775e+00  4.07632253e-03 
 9.37215312e+00  4.07846876e-03 
 9.38193850e+00  4.08061499e-03 
 9.39172388e+00  4.08276122e-03 
 9.40150926e+00  4.08490745e-03 
 9.41129463e+00  4.08705368e-03 
 9.42108001e+00  4.08919991e-03 
 9.43086539e+00  4.09134614e-03 
 9.44065076e+00  4.09349237e-03 
 9.45043614e+00  4.09563860e-03 
 9.46022152e+00  4.09778483e-03 
 9.47000689e+00  4.09993105e-03 
 9.47979227e+00  4.10207728e-03 
 9.48957765e+00  4.10422351e-03 
 9.49936303e+00  4.10636974e-03 
 9.50914840e+00  4.10851597e-03 
 9.51893378e+00  4.11066220e-03 
 9.52871916e+00  4.11280843e-03 
 9.53850453e+00  4.11495466e-03 
 9.54828991e+00  4.11710089e-03 
 9.55807529e+00  4.11924712e-03 
 9.56786067e+00  4.12139335e-03 
 9.57764604e+00  4.12353958e-03 
 9.58743142e+00  4.12568581e-03 
 9.59721680e+00  4.12783204e-03 
 9.60700217e+00  4.12997827e-03 
 9.61678755e+00  4.13212450e-03 
 9.62657293e+00  4.13427072e-03 
 9.63635830e+00  4.13641695e-03 
 9.64614368e+00  4.13856318e-03 
 9.65592906e+00  4.14070941e-03 
 9.66571444e+00  4.14285564e-03 
 9.67549981e+00  4.14500187e-03 
 9.68528519e+00  4.14714810e-03 
 9.69507057e+00  4.14929433e-03 
 9.70485594e+00  4.15144056e-03 
 9.71464132e+00  4.15358679e-03 
 9.72442670e+00  4.15573302e-03 
 9.73421208e+00  4.15787925e-03 
 9.74399745e+00  4.16002548e-03 
 9.75378283e+00  4.16217171e-03 
 9.76356821e+00  4.16431794e-03 
 9.77335358e+00  4.16646416e-03 
 9.78313896e+00  4.16861039e-03 
 9.79292434e+00  4.17075662e-03 
 9.80270971e+00  4.17290285e-03 
 9.81249509e+00  4.17504908e-03 
 9.82228047e+00  4.17719531e-03 
 9.83206585e+00  4.17934154e-03 
 9.84185122e+00  4.18148777e-03 
 9.85163660e+00  4.18363400e-03 
 9.86142198e+00  4.18578023e-03 
 9.87120735e+00  4.18792646e-03 
 9.88099273e+00  4.19007269e-03 
 9.89077811e+00  4.19221892e-03 
 9.90056349e+00  4.19436515e-03 
 9.91034886e+00  4.19651138e-03 
 9.92013424e+00  4.19865761e-03 
 9.92991962e+00  4.20080383e-03 
 9.93970499e+00  4.20295006e-03 
 9.94949037e+00  4.20509629e-03 
 9.95927575e+00  4.20724252e-03 
 9.96906112e+00  4.20938875e-03 
 9.97884650e+00  4.21153498e-03 
 9.98863188e+00  4.21368121e-03 
 9.99841726e+00  4.21582744e-03 
 1.00082026e+01  4.21797367e-03 
 1.00179880e+01  4.22011990e-03 
 1.00277734e+01  4.22226613e-03 
 1.00375588e+01  4.22441236e-03 
 1.00473441e+01  4.22655859e-03 
 1.00571295e+01  4.22870482e-03 
 1.00669149e+01  4.23085105e-03 
 1.00767003e+01  4.23299727e-03 
 1.00864856e+01  4.23514350e-03 
 1.00962710e+01  4.23728973e-03 
 1.01060564e+01  4.23943596e-03 
 1.01158418e+01  4.24158219e-03 
 1.01256272e+01  4.24372842e-03 
 1.01354125e+01  4.24587465e-03 
 1.01451979e+01  4.24802088e-03 
 1.01549833e+01  4.25016711e-03 
 1.01647687e+01  4.25231334e-03 
 1.01745540e+01  4.25445957e-03 
 1.01843394e+01  4.25660580e-03 
 1.01941248e+01  4.25875203e-03 
 1.02039102e+01  4.26089826e-03 
 1.02136956e+01  4.26304449e-03 
 1.02234809e+01  4.26519072e-03 
 1.02332663e+01  4.26733694e-03 
 1.02430517e+01  4.26948317e-03 
 1.02528371e+01  4.27162940e-03 
 1.02626224e+01  4.27377563e-03 
 1.02724078e+01  4.27592186e-03 
 1.02821932e+01  4.27806809e-03 
 1.02919786e+01  4.28021432e-03 
 1.03017639e+01  4.28236055e-03 
 1.03115493e+01  4.28450678e-03 
 1.03213347e+01  4.28665301e-03 
 1.03311201e+01  4.28879924e-03 
 1.03409055e+01  4.29094547e-03 
 1.03506908e+01  4.29309170e-03 
 1.03604762e+01  4.29523793e-03 
 1.03702616e+01  4.29738416e-03 
 1.03800470e+01  4.29953039e-03 
 1.03898323e+01  4.30167661e-03 
 1.03996177e+01  4.30382284e-03 
 1.04094031e+01  4.30596907e-03 
 1.04191885e+01  4.30811530e-03 
 1.04289738e+01  4.31026153e-03 
 1.04387592e+01  4.31240776e-03 
 1.04485446e+01  4.31455399e-03 
 1.04583300e+01  4.31670022e-03 
 1.04681154e+01  4.31884645e-03 
 1.04779007e+01  4.32099268e-03 
 1.04876861e+01  4.32313891e-03 
 1.04974715e+01  4.32528514e-03 
 1.05072569e+01  4.32743137e-03 
 1.05170422e+01  4.32957760e-03 
 1.05268276e+01  4.33172383e-03 
 1.05366130e+01  4.33387005e-03 
 1.05463984e+01  4.33601628e-03 
 1.05561837e+01  4.33816251e-03 
 1.05659691e+01  4.34030874e-03 
 1.05757545e+01  4.34245497e-03 
 1.05855399e+01  4.34460120e-03 
 1.05953253e+01  4.34674743e-03 
 1.06051106e+01  4.34889366e-03 
 1.06148960e+01  4.35103989e-03 
 1.06246814e+01  4.35318612e-03 
 1.06344668e+01  4.35533235e-03 
 1.06442521e+01  4.35747858e-03 
 1.06540375e+01  4.35962481e-03 
 1.06638229e+01  4.36177104e-03 
 1.06736083e+01  4.36391727e-03 
 1.06833937e+01  4.36606350e-03 
 1.06931790e+01  4.36820972e-03 
 1.07029644e+01  4.37035595e-03 
 1.07127498e+01  4.37250218e-03 
 1.07225352e+01  4.37464841e-03 
 1.07323205e+01  4.37679464e-03 
 1.07421059e+01  4.37894087e-03 
 1.07518913e+01  4.38108710e-03 
 1.07616767e+01  4.38323333e-03 
 1.07714620e+01  4.38537956e-03 
 1.07812474e+01  4.38752579e-03 
 1.07910328e+01  4.38967202e-03 
 1.08008182e+01  4.39181825e-03 
 1.08106036e+01  4.39396448e-03 
 1.08203889e+01  4.39611071e-03 
 1.08301743e+01  4.39825694e-03 
 1.08399597e+01  4.40040317e-03 
 1.08497451e+01  4.40254939e-03 
 1.08595304e+01  4.40469562e-03 
 1.08693158e+01  4.40684185e-03 
 1.08791012e+01  4.40898808e-03 
 1.08888866e+01  4.41113431e-03 
 1.08986719e+01  4.41328054e-03 
 1.09084573e+01  4.41542677e-03 
 1.09182427e+01  4.41757300e-03 
 1.09280281e+01  4.41971923e-03 
 1.09378135e+01  4.42186546e-03 
 1.09475988e+01  4.42401169e-03 
 1.09573842e+01  4.42615792e-03 
 1.09671696e+01  4.42830415e-03 
 1.09769550e+01  4.43045038e-03 
 1.09867403e+01  4.43259661e-03 
 1.09965257e+01  4.43474284e-03 
 1.10063111e+01  4.43688906e-03 
 1.10160965e+01  4.43903529e-03 
 1.10258818e+01  4.44118152e-03 
 1.10356672e+01  4.44332775e-03 
 1.10454526e+01  4.44547398e-03 
 1.10552380e+01  4.44762021e-03 
 1.10650234e+01  4.44976644e-03 
 1.10748087e+01  4.45191267e-03 
 1.10845941e+01  4.45405890e-03 
 1.10943795e+01  4.45620513e-03 
 1.11041649e+01  4.45835136e-03 
 1.11139502e+01  4.46049759e-03 
 1.11237356e+01  4.46264382e-03 
 1.11335210e+01  4.46479005e-03 
 1.11433064e+01  4.46693628e-03 
 1.11530917e+01  4.46908251e-03 
 1.11628771e+01  4.47122873e-03 
 1.11726625e+01  4.47337496e-03 
 1.11824479e+01  4.47552119e-03 
 1.11922333e+01  4.47766742e-03 
 1.12020186e+01  4.47981365e-03 
 1.12118040e+01  4.48195988e-03 
 1.12215894e+01  4.48410611e-03 
 1.12313748e+01  4.48625234e-03 
 1.12411601e+01  4.48839857e-03 
 1.12509455e+01  4.49054480e-03 
 1.12607309e+01  4.49269103e-03 
 1.12705163e+01  4.49483726e-03 
 1.12803017e+01  4.49698349e-03 
 1.12900870e+01  4.49912972e-03 
 1.12998724e+01  4.50127595e-03 
 1.13096578e+01  4.50342217e-03 
 1.13194432e+01  4.50556840e-03 
 1.13292285e+01  4.50771463e-03 
 1.13390139e+01  4.50986086e-03 
 1.13487993e+01  4.51200709e-03 
 1.13585847e+01  4.51415332e-03 
 1.13683700e+01  4.51629955e-03 
 1.13781554e+01  4.51844578e-03 
 1.13879408e+01  4.52059201e-03 
 1.13977262e+01  4.52273824e-03 
 1.14075116e+01  4.52488447e-03 
 1.14172969e+01  4.52703070e-03 
 1.14270823e+01  4.52917693e-03 
 1.14368677e+01  4.53132316e-03 
 1.14466531e+01  4.53346939e-03 
 1.14564384e+01  4.53561562e-03 
 1.14662238e+01  4.53776184e-03 
 1.14760092e+01  4.53990807e-03 
 1.14857946e+01  4.54205430e-03 
 1.14955799e+01  4.54420053e-03 
 1.15053653e+01  4.54634676e-03 
 1.15151507e+01  4.54849299e-03 
 1.15249361e+01  4.55063922e-03 
 1.15347215e+01  4.55278545e-03 
 1.15445068e+01  4.55493168e-03 
 1.15542922e+01  4.55707791e-03 
 1.15640776e+01  4.55922414e-03 
 1.15738630e+01  4.56137037e-03 
 1.15836483e+01  4.56351660e-03 
 1.15934337e+01  4.56566283e-03 
 1.16032191e+01  4.56780906e-03 
 1.16130045e+01  4.56995529e-03 
 1.16227898e+01  4.57210151e-03 
 1.16325752e+01  4.57424774e-03 
 1.16423606e+01  4.57639397e-03 
 1.16521460e+01  4.57854020e-03 
 1.16619314e+01  4.58068643e-03 
 1.16717167e+01  4.58283266e-03 
 1.16815021e+01  4.58497889e-03 
 1.16912875e+01  4.58712512e-03 
 1.17010729e+01  4.58927135e-03 
 1.17108582e+01  4.59141758e-03 
 1.17206436e+01  4.59356381e-03 
 1.17304290e+01  4.59571004e-03 
 1.17402144e+01  4.59785627e-03 
 1.17499998e+01  4.60000250e-03 
 1.17597851e+01  4.60214873e-03 
 1.17695705e+01  4.60429496e-03 
 1.17793559e+01  4.60644119e-03 
 1.17891413e+01  4.60858741e-03 
 1.17989266e+01  4.61073364e-03 
 1.18087120e+01  4.61287987e-03 
 1.18184974e+01  4.61502610e-03 
 1.18282828e+01  4.61717233e-03 
 1.18380681e+01  4.61931856e-03 
 1.18478535e+01  4.62146479e-03 
 1.18576389e+01  4.62361102e-03 
 1.18674243e+01  4.62575725e-03 
 1.18772097e+01  4.62790348e-03 
 1.18869950e+01  4.63004971e-03 
 1.18967804e+01  4.63219594e-03 
 1.19065658e+01  4.63434217e-03 
 1.19163512e+01  4.63648840e-03 
 1.19261365e+01  4.63863463e-03 
 1.19359219e+01  4.64078086e-03 
 1.19457073e+01  4.64292708e-03 
 1.19554927e+01  4.64507331e-03 
 1.19652780e+01  4.64721954e-03 
 1.19750634e+01  4.64936577e-03 
 1.19848488e+01  4.65151200e-03 
 1.19946342e+01  4.65365823e-03 
 1.20044196e+01  4.65580446e-03 
 1.20142049e+01  4.65795069e-03 
 1.20239903e+01  4.66009692e-03 
 1.20337757e+01  4.66224315e-03 
 1.20435611e+01  4.66438938e-03 
 1.20533464e+01  4.66653561e-03 
 1.20631318e+01  4.66868184e-03 
 1.20729172e+01  4.67082807e-03 
 1.20827026e+01  4.67297430e-03 
 1.20924879e+01  4.67512053e-03 
 1.21022733e+01  4.67726675e-03 
 1.21120587e+01  4.67941298e-03 
 1.21218441e+01  4.68155921e-03 
 1.21316295e+01  4.68370544e-03 
 1.21414148e+01  4.68585167e-03 
 1.21512002e+01  4.68799790e-03 
 1.21609856e+01  4.69014413e-03 
 1.21707710e+01  4.69229036e-03 
 1.21805563e+01  4.69443659e-03 
 1.21903417e+01  4.69658282e-03 
 1.22001271e+01  4.69872905e-03 
 1.22099125e+01  4.70087528e-03 
 1.22196978e+01  4.70302151e-03 
 1.22294832e+01  4.70516774e-03 
 1.22392686e+01  4.70731397e-03 
 1.22490540e+01  4.70946020e-03 
 1.22588394e+01  4.71160642e-03 
 1.22686247e+01  4.71375265e-03 
 1.22784101e+01  4.71589888e-03 
 1.22881955e+01  4.71804511e-03 
 1.22979809e+01  4.72019134e-03 
 1.23077662e+01  4.72233757e-03 
 1.23175516e+01  4.72448380e-03 
 1.23273370e+01  4.72663003e-03 
 1.23371224e+01  4.72877626e-03 
 1.23469078e+01  4.73092249e-03 
 1.23566931e+01  4.73306872e-03 
 1.23664785e+01  4.73521495e-03 
 1.23762639e+01  4.73736118e-03 
 1.23860493e+01  4.73950741e-03 
 1.23958346e+01  4.74165364e-03 
 1.24056200e+01  4.74379987e-03 
 1.24154054e+01  4.74594609e-03 
 1.24251908e+01  4.74809232e-03 
 1.24349761e+01  4.75023855e-03 
 1.24447615e+01  4.75238478e-03 
 1.24545469e+01  4.75453101e-03 
 1.24643323e+01  4.75667724e-03 
 1.24741177e+01  4.75882347e-03 
 1.24839030e+01  4.76096970e-03 
 1.24936884e+01  4.76311593e-03 
 1.25034738e+01  4.76526216e-03 
 1.25132592e+01  4.76740839e-03 
 1.25230445e+01  4.76955462e-03 
 1.25328299e+01  4.77170085e-03 
 1.25426153e+01  4.77384708e-03 
 1.25524007e+01  4.77599331e-03 
 1.25621860e+01  4.77813954e-03 
 1.25719714e+01  4.78028577e-03 
 1.25817568e+01  4.78243199e-03 
 1.25915422e+01  4.78457822e-03 
 1.26013276e+01  4.78672445e-03 
 1.26111129e+01  4.78887068e-03 
 1.26208983e+01  4.79101691e-03 
 1.26306837e+01  4.79316314e-03 
 1.26404691e+01  4.79530937e-03 
 1.26502544e+01  4.79745560e-03 
 1.26600398e+01  4.79960183e-03 
 1.26698252e+01  4.80174806e-03 
 1.26796106e+01  4.80389429e-03 
 1.26893959e+01  4.80604052e-03 
 1.26991813e+01  4.80818675e-03 
 1.27089667e+01  4.81033298e-03 
 1.27187521e+01  4.81247921e-03 
 1.27285375e+01  4.81462544e-03 
 1.27383228e+01  4.81677166e-03 
 1.27481082e+01  4.81891789e-03 
 1.27578936e+01  4.82106412e-03 
 1.27676790e+01  4.82321035e-03 
 1.27774643e+01  4.82535658e-03 
 1.27872497e+01  4.82750281e-03 
 1.27970351e+01  4.82964904e-03 
 1.28068205e+01  4.83179527e-03 
 1.28166059e+01  4.83394150e-03 
 1.28263912e+01  4.83608773e-03 
 1.28361766e+01  4.83823396e-03 
 1.28459620e+01  4.84038019e-03 
 1.28557474e+01  4.84252642e-03 
 1.28655327e+01  4.84467265e-03 
 1.28753181e+01  4.84681888e-03 
 1.28851035e+01  4.84896511e-03 
 1.28948889e+01  4.85111134e-03 
 1.29046742e+01  4.85325756e-03 
 1.29144596e+01  4.85540379e-03 
 1.29242450e+01  4.85755002e-03 
 1.29340304e+01  4.85969625e-03 
 1.29438158e+01  4.86184248e-03 
 1.29536011e+01  4.86398871e-03 
 1.29633865e+01  4.86613494e-03 
 1.29731719e+01  4.86828117e-03 
 1.29829573e+01  4.87042740e-03 
 1.29927426e+01  4.87257363e-03 
 1.30025280e+01  4.87471986e-03 
 1.30123134e+01  4.87686609e-03 
 1.30220988e+01  4.87901232e-03 
 1.30318841e+01  4.88115855e-03 
 1.30416695e+01  4.88330478e-03 
 1.30514549e+01  4.88545101e-03 
 1.30612403e+01  4.88759723e-03 
 1.30710257e+01  4.88974346e-03 
 1.30808110e+01  4.89188969e-03 
 1.30905964e+01  4.89403592e-03 
 1.31003818e+01  4.89618215e-03 
 1.31101672e+01  4.89832838e-03 
 1.31199525e+01  4.90047461e-03 
 1.31297379e+01  4.90262084e-03 
 1.31395233e+01  4.90476707e-03 
 1.31493087e+01  4.90691330e-03 
 1.31590940e+01  4.90905953e-03 
 1.31688794e+01  4.91120576e-03 
 1.31786648e+01  4.91335199e-03 
 1.31884502e+01  4.91549822e-03 
 1.31982356e+01  4.91764445e-03 
 1.32080209e+01  4.91979068e-03 
 1.32178063e+01  4.92193691e-03 
 1.32275917e+01  4.92408313e-03 
 1.32373771e+01  4.92622936e-03 
 1.32471624e+01  4.92837559e-03 
 1.32569478e+01  4.93052182e-03 
 1.32667332e+01  4.93266805e-03 
 1.32765186e+01  4.93481428e-03 
 1.32863039e+01  4.93696051e-03 
 1.32960893e+01  4.93910674e-03 
 1.33058747e+01  4.94125297e-03 
 1.33156601e+01  4.94339920e-03 
 1.33254455e+01  4.94554543e-03 
 1.33352308e+01  4.94769166e-03 
 1.33450162e+01  4.94983789e-03 
 1.33548016e+01  4.95198412e-03 
 1.33645870e+01  4.95413035e-03 
 1.33743723e+01  4.95627658e-03 
 1.33841577e+01  4.95842280e-03 
 1.33939431e+01  4.96056903e-03 
 1.34037285e+01  4.96271526e-03 
 1.34135139e+01  4.96486149e-03 
 1.34232992e+01  4.96700772e-03 
 1.34330846e+01  4.96915395e-03 
 1.34428700e+01  4.97130018e-03 
 1.34526554e+01  4.97344641e-03 
 1.34624407e+01  4.97559264e-03 
 1.34722261e+01  4.97773887e-03 
 1.34820115e+01  4.97988510e-03 
 1.34917969e+01  4.98203133e-03 
 1.35015822e+01  4.98417756e-03 
 1.35113676e+01  4.98632379e-03 
 1.35211530e+01  4.98847002e-03 
 1.35309384e+01  4.99061625e-03 
 1.35407238e+01  4.99276248e-03 
 1.35505091e+01  4.99490870e-03 
 1.35602945e+01  4.99705493e-03 
 1.35700799e+01  4.99920116e-03 
 1.35798653e+01  5.00134739e-03 
 1.35896506e+01  5.00349362e-03 
 1.35994360e+01  5.00563985e-03 
 1.36092214e+01  5.00778608e-03 
 1.36190068e+01  5.00993231e-03 
 1.36287921e+01  5.01207854e-03 
 1.36385775e+01  5.01422477e-03 
 1.36483629e+01  5.01637100e-03 
 1.36581483e+01  5.01851723e-03 
 1.36679337e+01  5.02066346e-03 
 1.36777190e+01  5.02280969e-03 
 1.36875044e+01  5.02495592e-03 
 1.36972898e+01  5.02710215e-03 
 1.37070752e+01  5.02924838e-03 
 1.37168605e+01  5.03139460e-03 
 1.37266459e+01  5.03354083e-03 
 1.37364313e+01  5.03568706e-03 
 1.37462167e+01  5.03783329e-03 
 1.37560020e+01  5.03997952e-03 
 1.37657874e+01  5.04212575e-03 
 1.37755728e+01  5.04427198e-03 
 1.37853582e+01  5.04641821e-03 
 1.37951436e+01  5.04856444e-03 
 1.38049289e+01  5.05071067e-03 
 1.38147143e+01  5.05285690e-03 
 1.38244997e+01  5.05500313e-03 
 1.38342851e+01  5.05714936e-03 
 1.38440704e+01  5.05929559e-03 
 1.38538558e+01  5.06144182e-03 
 1.38636412e+01  5.06358805e-03 
 1.38734266e+01  5.06573428e-03 
 1.38832119e+01  5.06788050e-03 
 1.38929973e+01  5.07002673e-03 
 1.39027827e+01  5.07217296e-03 
 1.39125681e+01  5.07431919e-03 
 1.39223535e+01  5.07646542e-03 
 1.39321388e+01  5.07861165e-03 
 1.39419242e+01  5.08075788e-03 
 1.39517096e+01  5.08290411e-03 
 1.39614950e+01  5.08505034e-03 
 1.39712803e+01  5.08719657e-03 
 1.39810657e+01  5.08934280e-03 
 1.39908511e+01  5.09148903e-03 
 1.40006365e+01  5.09363526e-03 
 1.40104219e+01  5.09578149e-03 
 1.40202072e+01  5.09792772e-03 
 1.40299926e+01  5.10007395e-03 
 1.40397780e+01  5.10222017e-03 
 1.40495634e+01  5.10436640e-03 
 1.40593487e+01  5.10651263e-03 
 1.40691341e+01  5.10865886e-03 
 1.40789195e+01  5.11080509e-03 
 1.40887049e+01  5.11295132e-03 
 1.40984902e+01  5.11509755e-03 
 1.41082756e+01  5.11724378e-03 
 1.41180610e+01  5.11939001e-03 
 1.41278464e+01  5.12153624e-03 
 1.41376318e+01  5.12368247e-03 
 1.41474171e+01  5.12582870e-03 
 1.41572025e+01  5.12797493e-03 
 1.41669879e+01  5.13012116e-03 
 1.41767733e+01  5.13226739e-03 
 1.41865586e+01  5.13441362e-03 
 1.41963440e+01  5.13655985e-03 
 1.42061294e+01  5.13870607e-03 
 1.42159148e+01  5.14085230e-03 
 1.42257001e+01  5.14299853e-03 
 1.42354855e+01  5.14514476e-03 
 1.42452709e+01  5.14729099e-03 
 1.42550563e+01  5.14943722e-03 
 1.42648417e+01  5.15158345e-03 
 1.42746270e+01  5.15372968e-03 
 1.42844124e+01  5.15587591e-03 
 1.42941978e+01  5.15802214e-03 
 1.43039832e+01  5.16016837e-03 
 1.43137685e+01  5.16231460e-03 
 1.43235539e+01  5.16446083e-03 
 1.43333393e+01  5.16660706e-03 
 1.43431247e+01  5.16875329e-03 
 1.43529100e+01  5.17089952e-03 
 1.43626954e+01  5.17304575e-03 
 1.43724808e+01  5.17519197e-03 
 1.43822662e+01  5.17733820e-03 
 1.43920516e+01  5.17948443e-03 
 1.44018369e+01  5.18163066e-03 
 1.44116223e+01  5.18377689e-03 
 1.44214077e+01  5.18592312e-03 
 1.44311931e+01  5.18806935e-03 
 1.44409784e+01  5.19021558e-03 
 1.44507638e+01  5.19236181e-03 
 1.44605492e+01  5.19450804e-03 
 1.44703346e+01  5.19665427e-03 
 1.44801200e+01  5.19880050e-03 
