 1.06830164e-02 -1.06830164e-04 
 1.40728168e-02 -4.07281679e-05 
 1.74730208e-02  2.52697918e-05 
 2.08841095e-02  9.11589047e-05 
 2.43065917e-02  1.56934083e-04 
 2.77410135e-02  2.22589865e-04 
 3.11879599e-02  2.88120401e-04 
 3.46480585e-02  3.53519415e-04 
 3.81219836e-02  4.18780164e-04 
 4.16104607e-02  4.83895393e-04 
 4.51142719e-02  5.48857281e-04 
 4.86342615e-02  6.13657385e-04 
 5.21713427e-02  6.78286573e-04 
 5.57265053e-02  7.42734947e-04 
 5.93008235e-02  8.06991765e-04 
 6.28954662e-02  8.71045338e-04 
 6.65117075e-02  9.34882925e-04 
 7.01509394e-02  9.98490606e-04 
 7.38146863e-02  1.06185314e-03 
 7.75046211e-02  1.12495379e-03 
 8.12225850e-02  1.18777415e-03 
 8.49706086e-02  1.25029391e-03 
 8.87509384e-02  1.31249062e-03 
 9.25660663e-02  1.37433934e-03 
 9.64187641e-02  1.43581236e-03 
 1.00312125e-01  1.49687875e-03 
 1.04249610e-01  1.55750390e-03 
 1.08235108e-01  1.61764892e-03 
 1.12272996e-01  1.67727004e-03 
 1.16368226e-01  1.73631774e-03 
 1.20526410e-01  1.79473590e-03 
 1.24753937e-01  1.85246063e-03 
 1.29058099e-01  1.90941901e-03 
 1.33447248e-01  1.96552752e-03 
 1.37930972e-01  2.02069028e-03 
 1.42520308e-01  2.07479692e-03 
 1.47227974e-01  2.12772026e-03 
 1.52068634e-01  2.17931366e-03 
 1.57059170e-01  2.22940830e-03 
 1.62218944e-01  2.27781056e-03 
 1.67569997e-01  2.32430003e-03 
 1.73137113e-01  2.36862887e-03 
 1.78947596e-01  2.41052404e-03 
 1.85030598e-01  2.44969402e-03 
 1.91415744e-01  2.48584256e-03 
 1.98130832e-01  2.51869168e-03 
 2.05198560e-01  2.54801440e-03 
 2.12632557e-01  2.57367443e-03 
 2.20433591e-01  2.59566409e-03 
 2.28587267e-01  2.61412733e-03 
 2.37064430e-01  2.62935570e-03 
 2.45824554e-01  2.64175446e-03 
 2.54821141e-01  2.65178859e-03 
 2.64007358e-01  2.65992642e-03 
 2.73340403e-01  2.66659597e-03 
 2.82783941e-01  2.67216059e-03 
 2.92308804e-01  2.67691196e-03 
 3.01892534e-01  2.68107466e-03 
 3.11518353e-01  2.68481647e-03 
 3.21174007e-01  2.68825993e-03 
 3.30850676e-01  2.69149324e-03 
 3.40542089e-01  2.69457911e-03 
 3.50243814e-01  2.69756186e-03 
 3.59952740e-01  2.70047260e-03 
 3.69666689e-01  2.70333311e-03 
 3.79384139e-01  2.70615861e-03 
 3.89104030e-01  2.70895970e-03 
 3.98825621e-01  2.71174379e-03 
 4.08548399e-01  2.71451601e-03 
 4.18272003e-01  2.71727997e-03 
 4.27996185e-01  2.72003815e-03 
 4.37720771e-01  2.72279229e-03 
 4.47445638e-01  2.72554362e-03 
 4.57170703e-01  2.72829297e-03 
 4.66895905e-01  2.73104095e-03 
 4.76621205e-01  2.73378795e-03 
 4.86346572e-01  2.73653428e-03 
 4.96071988e-01  2.73928012e-03 
 5.05797436e-01  2.74202564e-03 
 5.15522909e-01  2.74477091e-03 
 5.25248398e-01  2.74751602e-03 
 5.34973899e-01  2.75026101e-03 
 5.44699408e-01  2.75300592e-03 
 5.54424923e-01  2.75575077e-03 
 5.64150442e-01  2.75849558e-03 
 5.73875964e-01  2.76124036e-03 
 5.83601489e-01  2.76398511e-03 
 5.93327015e-01  2.76672985e-03 
 6.03052542e-01  2.76947458e-03 
 6.12778069e-01  2.77221931e-03 
 6.22503598e-01  2.77496402e-03 
 6.32229126e-01  2.77770874e-03 
 6.41954655e-01  2.78045345e-03 
 6.51680185e-01  2.78319815e-03 
 6.61405714e-01  2.78594286e-03 
 6.71131243e-01  2.78868757e-03 
 6.80856773e-01  2.79143227e-03 
 6.90582302e-01  2.79417698e-03 
 7.00307832e-01  2.79692168e-03 
 7.10033362e-01  2.79966638e-03 
 7.19758891e-01  2.80241109e-03 
 7.29484421e-01  2.80515579e-03 
 7.39209951e-01  2.80790049e-03 
 7.48935480e-01  2.81064520e-03 
 7.58661010e-01  2.81338990e-03 
 7.68386540e-01  2.81613460e-03 
 7.78112069e-01  2.81887931e-03 
 7.87837599e-01  2.82162401e-03 
 7.97563129e-01  2.82436871e-03 
 8.07288659e-01  2.82711341e-03 
 8.17014188e-01  2.82985812e-03 
 8.26739718e-01  2.83260282e-03 
 8.36465248e-01  2.83534752e-03 
 8.46190777e-01  2.83809223e-03 
 8.55916307e-01  2.84083693e-03 
 8.65641837e-01  2.84358163e-03 
 8.75367367e-01  2.84632633e-03 
 8.85092896e-01  2.84907104e-03 
 8.94818426e-01  2.85181574e-03 
 9.04543956e-01  2.85456044e-03 
 9.14269486e-01  2.85730514e-03 
 9.23995015e-01  2.86004985e-03 
 9.33720545e-01  2.86279455e-03 
 9.43446075e-01  2.86553925e-03 
 9.53171604e-01  2.86828396e-03 
 9.62897134e-01  2.87102866e-03 
 9.72622664e-01  2.87377336e-03 
 9.82348194e-01  2.87651806e-03 
 9.92073723e-01  2.87926277e-03 
 1.00179925e+00  2.88200747e-03 
 1.01152478e+00  2.88475217e-03 
 1.02125031e+00  2.88749688e-03 
 1.03097584e+00  2.89024158e-03 
 1.04070137e+00  2.89298628e-03 
 1.05042690e+00  2.89573098e-03 
 1.06015243e+00  2.89847569e-03 
 1.06987796e+00  2.90122039e-03 
 1.07960349e+00  2.90396509e-03 
 1.08932902e+00  2.90670979e-03 
 1.09905455e+00  2.90945450e-03 
 1.10878008e+00  2.91219920e-03 
 1.11850561e+00  2.91494390e-03 
 1.12823114e+00  2.91768861e-03 
 1.13795667e+00  2.92043331e-03 
 1.14768220e+00  2.92317801e-03 
 1.15740773e+00  2.92592271e-03 
 1.16713326e+00  2.92866742e-03 
 1.17685879e+00  2.93141212e-03 
 1.18658432e+00  2.93415682e-03 
 1.19630985e+00  2.93690153e-03 
 1.20603538e+00  2.93964623e-03 
 1.21576091e+00  2.94239093e-03 
 1.22548644e+00  2.94513563e-03 
 1.23521197e+00  2.94788034e-03 
 1.24493750e+00  2.95062504e-03 
 1.25466303e+00  2.95336974e-03 
 1.26438856e+00  2.95611445e-03 
 1.27411409e+00  2.95885915e-03 
 1.28383961e+00  2.96160385e-03 
 1.29356514e+00  2.96434855e-03 
 1.30329067e+00  2.96709326e-03 
 1.31301620e+00  2.96983796e-03 
 1.32274173e+00  2.97258266e-03 
 1.33246726e+00  2.97532736e-03 
 1.34219279e+00  2.97807207e-03 
 1.35191832e+00  2.98081677e-03 
 1.36164385e+00  2.98356147e-03 
 1.37136938e+00  2.98630618e-03 
 1.38109491e+00  2.98905088e-03 
 1.39082044e+00  2.99179558e-03 
 1.40054597e+00  2.99454028e-03 
 1.41027150e+00  2.99728499e-03 
 1.41999703e+00  3.00002969e-03 
 1.42972256e+00  3.00277439e-03 
 1.43944809e+00  3.00551910e-03 
 1.44917362e+00  3.00826380e-03 
 1.45889915e+00  3.01100850e-03 
 1.46862468e+00  3.01375320e-03 
 1.47835021e+00  3.01649791e-03 
 1.48807574e+00  3.01924261e-03 
 1.49780127e+00  3.02198731e-03 
 1.50752680e+00  3.02473201e-03 
 1.51725233e+00  3.02747672e-03 
 1.52697786e+00  3.03022142e-03 
 1.53670339e+00  3.03296612e-03 
 1.54642892e+00  3.03571083e-03 
 1.55615445e+00  3.03845553e-03 
 1.56587998e+00  3.04120023e-03 
 1.57560551e+00  3.04394493e-03 
 1.58533104e+00  3.04668964e-03 
 1.59505657e+00  3.04943434e-03 
 1.60478210e+00  3.05217904e-03 
 1.61450763e+00  3.05492375e-03 
 1.62423316e+00  3.05766845e-03 
 1.63395868e+00  3.06041315e-03 
 1.64368421e+00  3.06315785e-03 
 1.65340974e+00  3.06590256e-03 
 1.66313527e+00  3.06864726e-03 
 1.67286080e+00  3.07139196e-03 
 1.68258633e+00  3.07413667e-03 
 1.69231186e+00  3.07688137e-03 
 1.70203739e+00  3.07962607e-03 
 1.71176292e+00  3.08237077e-03 
 1.72148845e+00  3.08511548e-03 
 1.73121398e+00  3.08786018e-03 
 1.74093951e+00  3.09060488e-03 
 1.75066504e+00  3.09334958e-03 
 1.76039057e+00  3.09609429e-03 
 1.77011610e+00  3.09883899e-03 
 1.77984163e+00  3.10158369e-03 
 1.78956716e+00  3.10432840e-03 
 1.79929269e+00  3.10707310e-03 
 1.80901822e+00  3.10981780e-03 
 1.81874375e+00  3.11256250e-03 
 1.82846928e+00  3.11530721e-03 
 1.83819481e+00  3.11805191e-03 
 1.84792034e+00  3.12079661e-03 
 1.85764587e+00  3.12354132e-03 
 1.86737140e+00  3.12628602e-03 
 1.87709693e+00  3.12903072e-03 
 1.88682246e+00  3.13177542e-03 
 1.89654799e+00  3.13452013e-03 
 1.90627352e+00  3.13726483e-03 
 1.91599905e+00  3.14000953e-03 
 1.92572458e+00  3.14275424e-03 
 1.93545011e+00  3.14549894e-03 
 1.94517564e+00  3.14824364e-03 
 1.95490117e+00  3.15098834e-03 
 1.96462670e+00  3.15373305e-03 
 1.97435223e+00  3.15647775e-03 
 1.98407775e+00  3.15922245e-03 
 1.99380328e+00  3.16196715e-03 
 2.00352881e+00  3.16471186e-03 
 2.01325434e+00  3.16745656e-03 
 2.02297987e+00  3.17020126e-03 
 2.03270540e+00  3.17294597e-03 
 2.04243093e+00  3.17569067e-03 
 2.05215646e+00  3.17843537e-03 
 2.06188199e+00  3.18118007e-03 
 2.07160752e+00  3.18392478e-03 
 2.08133305e+00  3.18666948e-03 
 2.09105858e+00  3.18941418e-03 
 2.10078411e+00  3.19215889e-03 
 2.11050964e+00  3.19490359e-03 
 2.12023517e+00  3.19764829e-03 
 2.12996070e+00  3.20039299e-03 
 2.13968623e+00  3.20313770e-03 
 2.14941176e+00  3.20588240e-03 
 2.15913729e+00  3.20862710e-03 
 2.16886282e+00  3.21137181e-03 
 2.17858835e+00  3.21411651e-03 
 2.18831388e+00  3.21686121e-03 
 2.19803941e+00  3.21960591e-03 
 2.20776494e+00  3.22235062e-03 
 2.21749047e+00  3.22509532e-03 
 2.22721600e+00  3.22784002e-03 
 2.23694153e+00  3.23058472e-03 
 2.24666706e+00  3.23332943e-03 
 2.25639259e+00  3.23607413e-03 
 2.26611812e+00  3.23881883e-03 
 2.27584365e+00  3.24156354e-03 
 2.28556918e+00  3.24430824e-03 
 2.29529471e+00  3.24705294e-03 
 2.30502024e+00  3.24979764e-03 
 2.31474577e+00  3.25254235e-03 
 2.32447130e+00  3.25528705e-03 
 2.33419682e+00  3.25803175e-03 
 2.34392235e+00  3.26077646e-03 
 2.35364788e+00  3.26352116e-03 
 2.36337341e+00  3.26626586e-03 
 2.37309894e+00  3.26901056e-03 
 2.38282447e+00  3.27175527e-03 
 2.39255000e+00  3.27449997e-03 
 2.40227553e+00  3.27724467e-03 
 2.41200106e+00  3.27998938e-03 
 2.42172659e+00  3.28273408e-03 
 2.43145212e+00  3.28547878e-03 
 2.44117765e+00  3.28822348e-03 
 2.45090318e+00  3.29096819e-03 
 2.46062871e+00  3.29371289e-03 
 2.47035424e+00  3.29645759e-03 
 2.48007977e+00  3.29920229e-03 
 2.48980530e+00  3.30194700e-03 
 2.49953083e+00  3.30469170e-03 
 2.50925636e+00  3.30743640e-03 
 2.51898189e+00  3.31018111e-03 
 2.52870742e+00  3.31292581e-03 
 2.53843295e+00  3.31567051e-03 
 2.54815848e+00  3.31841521e-03 
 2.55788401e+00  3.32115992e-03 
 2.56760954e+00  3.32390462e-03 
 2.57733507e+00  3.32664932e-03 
 2.58706060e+00  3.32939403e-03 
 2.59678613e+00  3.33213873e-03 
 2.60651166e+00  3.33488343e-03 
 2.61623719e+00  3.33762813e-03 
 2.62596272e+00  3.34037284e-03 
 2.63568825e+00  3.34311754e-03 
 2.64541378e+00  3.34586224e-03 
 2.65513931e+00  3.34860695e-03 
 2.66486484e+00  3.35135165e-03 
 2.67459036e+00  3.35409635e-03 
 2.68431589e+00  3.35684105e-03 
 2.69404142e+00  3.35958576e-03 
 2.70376695e+00  3.36233046e-03 
 2.71349248e+00  3.36507516e-03 
 2.72321801e+00  3.36781986e-03 
 2.73294354e+00  3.37056457e-03 
 2.74266907e+00  3.37330927e-03 
 2.75239460e+00  3.37605397e-03 
 2.76212013e+00  3.37879868e-03 
 2.77184566e+00  3.38154338e-03 
 2.78157119e+00  3.38428808e-03 
 2.79129672e+00  3.38703278e-03 
 2.80102225e+00  3.38977749e-03 
 2.81074778e+00  3.39252219e-03 
 2.82047331e+00  3.39526689e-03 
 2.83019884e+00  3.39801160e-03 
 2.83992437e+00  3.40075630e-03 
 2.84964990e+00  3.40350100e-03 
 2.85937543e+00  3.40624570e-03 
 2.86910096e+00  3.40899041e-03 
 2.87882649e+00  3.41173511e-03 
 2.88855202e+00  3.41447981e-03 
 2.89827755e+00  3.41722452e-03 
 2.90800308e+00  3.41996922e-03 
 2.91772861e+00  3.42271392e-03 
 2.92745414e+00  3.42545862e-03 
 2.93717967e+00  3.42820333e-03 
 2.94690520e+00  3.43094803e-03 
 2.95663073e+00  3.43369273e-03 
 2.96635626e+00  3.43643744e-03 
 2.97608179e+00  3.43918214e-03 
 2.98580732e+00  3.44192684e-03 
 2.99553285e+00  3.44467154e-03 
 3.00525838e+00  3.44741625e-03 
 3.01498391e+00  3.45016095e-03 
 3.02470943e+00  3.45290565e-03 
 3.03443496e+00  3.45565035e-03 
 3.04416049e+00  3.45839506e-03 
 3.05388602e+00  3.46113976e-03 
 3.06361155e+00  3.46388446e-03 
 3.07333708e+00  3.46662917e-03 
 3.08306261e+00  3.46937387e-03 
 3.09278814e+00  3.47211857e-03 
 3.10251367e+00  3.47486327e-03 
 3.11223920e+00  3.47760798e-03 
 3.12196473e+00  3.48035268e-03 
 3.13169026e+00  3.48309738e-03 
 3.14141579e+00  3.48584209e-03 
 3.15114132e+00  3.48858679e-03 
 3.16086685e+00  3.49133149e-03 
 3.17059238e+00  3.49407619e-03 
 3.18031791e+00  3.49682090e-03 
 3.19004344e+00  3.49956560e-03 
 3.19976897e+00  3.50231030e-03 
 3.20949450e+00  3.50505501e-03 
 3.21922003e+00  3.50779971e-03 
 3.22894556e+00  3.51054441e-03 
 3.23867109e+00  3.51328911e-03 
 3.24839662e+00  3.51603382e-03 
 3.25812215e+00  3.51877852e-03 
 3.26784768e+00  3.52152322e-03 
 3.27757321e+00  3.52426793e-03 
 3.28729874e+00  3.52701263e-03 
 3.29702427e+00  3.52975733e-03 
 3.30674980e+00  3.53250203e-03 
 3.31647533e+00  3.53524674e-03 
 3.32620086e+00  3.53799144e-03 
 3.33592639e+00  3.54073614e-03 
 3.34565192e+00  3.54348084e-03 
 3.35537745e+00  3.54622555e-03 
 3.36510297e+00  3.54897025e-03 
 3.37482850e+00  3.55171495e-03 
 3.38455403e+00  3.55445966e-03 
 3.39427956e+00  3.55720436e-03 
 3.40400509e+00  3.55994906e-03 
 3.41373062e+00  3.56269376e-03 
 3.42345615e+00  3.56543847e-03 
 3.43318168e+00  3.56818317e-03 
 3.44290721e+00  3.57092787e-03 
 3.45263274e+00  3.57367258e-03 
 3.46235827e+00  3.57641728e-03 
 3.47208380e+00  3.57916198e-03 
 3.48180933e+00  3.58190668e-03 
 3.49153486e+00  3.58465139e-03 
 3.50126039e+00  3.58739609e-03 
 3.51098592e+00  3.59014079e-03 
 3.52071145e+00  3.59288550e-03 
 3.53043698e+00  3.59563020e-03 
 3.54016251e+00  3.59837490e-03 
 3.54988804e+00  3.60111960e-03 
 3.55961357e+00  3.60386431e-03 
 3.56933910e+00  3.60660901e-03 
 3.57906463e+00  3.60935371e-03 
 3.58879016e+00  3.61209842e-03 
 3.59851569e+00  3.61484312e-03 
 3.60824122e+00  3.61758782e-03 
 3.61796675e+00  3.62033252e-03 
 3.62769228e+00  3.62307723e-03 
 3.63741781e+00  3.62582193e-03 
 3.64714334e+00  3.62856663e-03 
 3.65686887e+00  3.63131133e-03 
 3.66659440e+00  3.63405604e-03 
 3.67631993e+00  3.63680074e-03 
 3.68604546e+00  3.63954544e-03 
 3.69577099e+00  3.64229015e-03 
 3.70549652e+00  3.64503485e-03 
 3.71522204e+00  3.64777955e-03 
 3.72494757e+00  3.65052425e-03 
 3.73467310e+00  3.65326896e-03 
 3.74439863e+00  3.65601366e-03 
 3.75412416e+00  3.65875836e-03 
 3.76384969e+00  3.66150307e-03 
 3.77357522e+00  3.66424777e-03 
 3.78330075e+00  3.66699247e-03 
 3.79302628e+00  3.66973717e-03 
 3.80275181e+00  3.67248188e-03 
 3.81247734e+00  3.67522658e-03 
 3.82220287e+00  3.67797128e-03 
 3.83192840e+00  3.68071599e-03 
 3.84165393e+00  3.68346069e-03 
 3.85137946e+00  3.68620539e-03 
 3.86110499e+00  3.68895009e-03 
 3.87083052e+00  3.69169480e-03 
 3.88055605e+00  3.69443950e-03 
 3.89028158e+00  3.69718420e-03 
 3.90000711e+00  3.69992891e-03 
 3.90973264e+00  3.70267361e-03 
 3.91945817e+00  3.70541831e-03 
 3.92918370e+00  3.70816301e-03 
 3.93890923e+00  3.71090772e-03 
 3.94863476e+00  3.71365242e-03 
 3.95836029e+00  3.71639712e-03 
 3.96808582e+00  3.71914183e-03 
 3.97781135e+00  3.72188653e-03 
 3.98753688e+00  3.72463123e-03 
 3.99726241e+00  3.72737593e-03 
 4.00698794e+00  3.73012064e-03 
 4.01671347e+00  3.73286534e-03 
 4.02643900e+00  3.73561004e-03 
 4.03616453e+00  3.73835474e-03 
 4.04589006e+00  3.74109945e-03 
 4.05561558e+00  3.74384415e-03 
 4.06534111e+00  3.74658885e-03 
 4.07506664e+00  3.74933356e-03 
 4.08479217e+00  3.75207826e-03 
 4.09451770e+00  3.75482296e-03 
 4.10424323e+00  3.75756766e-03 
 4.11396876e+00  3.76031237e-03 
 4.12369429e+00  3.76305707e-03 
 4.13341982e+00  3.76580177e-03 
 4.14314535e+00  3.76854648e-03 
 4.15287088e+00  3.77129118e-03 
 4.16259641e+00  3.77403588e-03 
 4.17232194e+00  3.77678058e-03 
 4.18204747e+00  3.77952529e-03 
 4.19177300e+00  3.78226999e-03 
 4.20149853e+00  3.78501469e-03 
 4.21122406e+00  3.78775940e-03 
 4.22094959e+00  3.79050410e-03 
 4.23067512e+00  3.79324880e-03 
 4.24040065e+00  3.79599350e-03 
 4.25012618e+00  3.79873821e-03 
 4.25985171e+00  3.80148291e-03 
 4.26957724e+00  3.80422761e-03 
 4.27930277e+00  3.80697232e-03 
 4.28902830e+00  3.80971702e-03 
 4.29875383e+00  3.81246172e-03 
 4.30847936e+00  3.81520642e-03 
 4.31820489e+00  3.81795113e-03 
 4.32793042e+00  3.82069583e-03 
 4.33765595e+00  3.82344053e-03 
 4.34738148e+00  3.82618524e-03 
 4.35710701e+00  3.82892994e-03 
 4.36683254e+00  3.83167464e-03 
 4.37655807e+00  3.83441934e-03 
 4.38628360e+00  3.83716405e-03 
 4.39600913e+00  3.83990875e-03 
 4.40573465e+00  3.84265345e-03 
 4.41546018e+00  3.84539816e-03 
 4.42518571e+00  3.84814286e-03 
 4.43491124e+00  3.85088756e-03 
 4.44463677e+00  3.85363226e-03 
 4.45436230e+00  3.85637697e-03 
 4.46408783e+00  3.85912167e-03 
 4.47381336e+00  3.86186637e-03 
 4.48353889e+00  3.86461107e-03 
 4.49326442e+00  3.86735578e-03 
 4.50298995e+00  3.87010048e-03 
 4.51271548e+00  3.87284518e-03 
 4.52244101e+00  3.87558989e-03 
 4.53216654e+00  3.87833459e-03 
 4.54189207e+00  3.88107929e-03 
 4.55161760e+00  3.88382399e-03 
 4.56134313e+00  3.88656870e-03 
 4.57106866e+00  3.88931340e-03 
 4.58079419e+00  3.89205810e-03 
 4.59051972e+00  3.89480281e-03 
 4.60024525e+00  3.89754751e-03 
 4.60997078e+00  3.90029221e-03 
 4.61969631e+00  3.90303691e-03 
 4.62942184e+00  3.90578162e-03 
 4.63914737e+00  3.90852632e-03 
 4.64887290e+00  3.91127102e-03 
 4.65859843e+00  3.91401573e-03 
 4.66832396e+00  3.91676043e-03 
 4.67804949e+00  3.91950513e-03 
 4.68777502e+00  3.92224983e-03 
 4.69750055e+00  3.92499454e-03 
 4.70722608e+00  3.92773924e-03 
 4.71695161e+00  3.93048394e-03 
 4.72667714e+00  3.93322865e-03 
 4.73640267e+00  3.93597335e-03 
 4.74612819e+00  3.93871805e-03 
 4.75585372e+00  3.94146275e-03 
 4.76557925e+00  3.94420746e-03 
 4.77530478e+00  3.94695216e-03 
 4.78503031e+00  3.94969686e-03 
 4.79475584e+00  3.95244157e-03 
 4.80448137e+00  3.95518627e-03 
 4.81420690e+00  3.95793097e-03 
 4.82393243e+00  3.96067567e-03 
 4.83365796e+00  3.96342038e-03 
 4.84338349e+00  3.96616508e-03 
 4.85310902e+00  3.96890978e-03 
 4.86283455e+00  3.97165449e-03 
 4.87256008e+00  3.97439919e-03 
 4.88228561e+00  3.97714389e-03 
 4.89201114e+00  3.97988859e-03 
 4.90173667e+00  3.98263330e-03 
 4.91146220e+00  3.98537800e-03 
 4.92118773e+00  3.98812270e-03 
 4.93091326e+00  3.99086741e-03 
 4.94063879e+00  3.99361211e-03 
 4.95036432e+00  3.99635681e-03 
 4.96008985e+00  3.99910151e-03 
 4.96981538e+00  4.00184622e-03 
 4.97954091e+00  4.00459092e-03 
 4.98926644e+00  4.00733562e-03 
 4.99899197e+00  4.01008032e-03 
 5.00871750e+00  4.01282503e-03 
 5.01844303e+00  4.01556973e-03 
 5.02816856e+00  4.01831443e-03 
 5.03789409e+00  4.02105914e-03 
 5.04761962e+00  4.02380384e-03 
 5.05734515e+00  4.02654854e-03 
 5.06707068e+00  4.02929324e-03 
 5.07679621e+00  4.03203795e-03 
 5.08652173e+00  4.03478265e-03 
 5.09624726e+00  4.03752735e-03 
 5.10597279e+00  4.04027206e-03 
 5.11569832e+00  4.04301676e-03 
 5.12542385e+00  4.04576146e-03 
 5.13514938e+00  4.04850616e-03 
 5.14487491e+00  4.05125087e-03 
 5.15460044e+00  4.05399557e-03 
 5.16432597e+00  4.05674027e-03 
 5.17405150e+00  4.05948498e-03 
 5.18377703e+00  4.06222968e-03 
 5.19350256e+00  4.06497438e-03 
 5.20322809e+00  4.06771908e-03 
 5.21295362e+00  4.07046379e-03 
 5.22267915e+00  4.07320849e-03 
 5.23240468e+00  4.07595319e-03 
 5.24213021e+00  4.07869790e-03 
 5.25185574e+00  4.08144260e-03 
 5.26158127e+00  4.08418730e-03 
 5.27130680e+00  4.08693200e-03 
 5.28103233e+00  4.08967671e-03 
 5.29075786e+00  4.09242141e-03 
 5.30048339e+00  4.09516611e-03 
 5.31020892e+00  4.09791082e-03 
 5.31993445e+00  4.10065552e-03 
 5.32965998e+00  4.10340022e-03 
 5.33938551e+00  4.10614492e-03 
 5.34911104e+00  4.10888963e-03 
 5.35883657e+00  4.11163433e-03 
 5.36856210e+00  4.11437903e-03 
 5.37828763e+00  4.11712374e-03 
 5.38801316e+00  4.11986844e-03 
 5.39773869e+00  4.12261314e-03 
 5.40746422e+00  4.12535784e-03 
 5.41718975e+00  4.12810255e-03 
 5.42691528e+00  4.13084725e-03 
 5.43664080e+00  4.13359195e-03 
 5.44636633e+00  4.13633666e-03 
 5.45609186e+00  4.13908136e-03 
 5.46581739e+00  4.14182606e-03 
 5.47554292e+00  4.14457076e-03 
 5.48526845e+00  4.14731547e-03 
 5.49499398e+00  4.15006017e-03 
 5.50471951e+00  4.15280487e-03 
 5.51444504e+00  4.15554958e-03 
 5.52417057e+00  4.15829428e-03 
 5.53389610e+00  4.16103898e-03 
 5.54362163e+00  4.16378368e-03 
 5.55334716e+00  4.16652839e-03 
 5.56307269e+00  4.16927309e-03 
 5.57279822e+00  4.17201779e-03 
 5.58252375e+00  4.17476250e-03 
 5.59224928e+00  4.17750720e-03 
 5.60197481e+00  4.18025190e-03 
 5.61170034e+00  4.18299660e-03 
 5.62142587e+00  4.18574131e-03 
 5.63115140e+00  4.18848601e-03 
 5.64087693e+00  4.19123071e-03 
 5.65060246e+00  4.19397541e-03 
 5.66032799e+00  4.19672012e-03 
 5.67005352e+00  4.19946482e-03 
 5.67977905e+00  4.20220952e-03 
 5.68950458e+00  4.20495423e-03 
 5.69923011e+00  4.20769893e-03 
 5.70895564e+00  4.21044363e-03 
 5.71868117e+00  4.21318833e-03 
 5.72840670e+00  4.21593304e-03 
 5.73813223e+00  4.21867774e-03 
 5.74785776e+00  4.22142244e-03 
 5.75758329e+00  4.22416715e-03 
 5.76730882e+00  4.22691185e-03 
 5.77703434e+00  4.22965655e-03 
 5.78675987e+00  4.23240125e-03 
 5.79648540e+00  4.23514596e-03 
 5.80621093e+00  4.23789066e-03 
 5.81593646e+00  4.24063536e-03 
 5.82566199e+00  4.24338007e-03 
 5.83538752e+00  4.24612477e-03 
 5.84511305e+00  4.24886947e-03 
 5.85483858e+00  4.25161417e-03 
 5.86456411e+00  4.25435888e-03 
 5.87428964e+00  4.25710358e-03 
 5.88401517e+00  4.25984828e-03 
 5.89374070e+00  4.26259299e-03 
 5.90346623e+00  4.26533769e-03 
 5.91319176e+00  4.26808239e-03 
 5.92291729e+00  4.27082709e-03 
 5.93264282e+00  4.27357180e-03 
 5.94236835e+00  4.27631650e-03 
 5.95209388e+00  4.27906120e-03 
 5.96181941e+00  4.28180591e-03 
 5.97154494e+00  4.28455061e-03 
 5.98127047e+00  4.28729531e-03 
 5.99099600e+00  4.29004001e-03 
 6.00072153e+00  4.29278472e-03 
 6.01044706e+00  4.29552942e-03 
 6.02017259e+00  4.29827412e-03 
 6.02989812e+00  4.30101883e-03 
 6.03962365e+00  4.30376353e-03 
 6.04934918e+00  4.30650823e-03 
 6.05907471e+00  4.30925293e-03 
 6.06880024e+00  4.31199764e-03 
 6.07852577e+00  4.31474234e-03 
 6.08825130e+00  4.31748704e-03 
 6.09797683e+00  4.32023175e-03 
 6.10770236e+00  4.32297645e-03 
 6.11742788e+00  4.32572115e-03 
 6.12715341e+00  4.32846585e-03 
 6.13687894e+00  4.33121056e-03 
 6.14660447e+00  4.33395526e-03 
 6.15633000e+00  4.33669996e-03 
 6.16605553e+00  4.33944467e-03 
 6.17578106e+00  4.34218937e-03 
 6.18550659e+00  4.34493407e-03 
 6.19523212e+00  4.34767877e-03 
 6.20495765e+00  4.35042348e-03 
 6.21468318e+00  4.35316818e-03 
 6.22440871e+00  4.35591288e-03 
 6.23413424e+00  4.35865759e-03 
 6.24385977e+00  4.36140229e-03 
 6.25358530e+00  4.36414699e-03 
 6.26331083e+00  4.36689169e-03 
 6.27303636e+00  4.36963640e-03 
 6.28276189e+00  4.37238110e-03 
 6.29248742e+00  4.37512580e-03 
 6.30221295e+00  4.37787051e-03 
 6.31193848e+00  4.38061521e-03 
 6.32166401e+00  4.38335991e-03 
 6.33138954e+00  4.38610461e-03 
 6.34111507e+00  4.38884932e-03 
 6.35084060e+00  4.39159402e-03 
 6.36056613e+00  4.39433872e-03 
 6.37029166e+00  4.39708343e-03 
 6.38001719e+00  4.39982813e-03 
 6.38974272e+00  4.40257283e-03 
 6.39946825e+00  4.40531753e-03 
 6.40919378e+00  4.40806224e-03 
 6.41891931e+00  4.41080694e-03 
 6.42864484e+00  4.41355164e-03 
 6.43837037e+00  4.41629635e-03 
 6.44809590e+00  4.41904105e-03 
 6.45782142e+00  4.42178575e-03 
 6.46754695e+00  4.42453045e-03 
 6.47727248e+00  4.42727516e-03 
 6.48699801e+00  4.43001986e-03 
 6.49672354e+00  4.43276456e-03 
 6.50644907e+00  4.43550927e-03 
 6.51617460e+00  4.43825397e-03 
 6.52590013e+00  4.44099867e-03 
 6.53562566e+00  4.44374337e-03 
 6.54535119e+00  4.44648808e-03 
 6.55507672e+00  4.44923278e-03 
 6.56480225e+00  4.45197748e-03 
 6.57452778e+00  4.45472219e-03 
 6.58425331e+00  4.45746689e-03 
 6.59397884e+00  4.46021159e-03 
 6.60370437e+00  4.46295629e-03 
 6.61342990e+00  4.46570100e-03 
 6.62315543e+00  4.46844570e-03 
 6.63288096e+00  4.47119040e-03 
 6.64260649e+00  4.47393511e-03 
 6.65233202e+00  4.47667981e-03 
 6.66205755e+00  4.47942451e-03 
 6.67178308e+00  4.48216921e-03 
 6.68150861e+00  4.48491392e-03 
 6.69123414e+00  4.48765862e-03 
 6.70095967e+00  4.49040332e-03 
 6.71068520e+00  4.49314803e-03 
 6.72041073e+00  4.49589273e-03 
 6.73013626e+00  4.49863743e-03 
 6.73986179e+00  4.50138213e-03 
 6.74958732e+00  4.50412684e-03 
 6.75931285e+00  4.50687154e-03 
 6.76903838e+00  4.50961624e-03 
 6.77876391e+00  4.51236095e-03 
 6.78848944e+00  4.51510565e-03 
 6.79821496e+00  4.51785035e-03 
 6.80794049e+00  4.52059505e-03 
 6.81766602e+00  4.52333976e-03 
 6.82739155e+00  4.52608446e-03 
 6.83711708e+00  4.52882916e-03 
 6.84684261e+00  4.53157387e-03 
 6.85656814e+00  4.53431857e-03 
 6.86629367e+00  4.53706327e-03 
 6.87601920e+00  4.53980797e-03 
 6.88574473e+00  4.54255268e-03 
 6.89547026e+00  4.54529738e-03 
 6.90519579e+00  4.54804208e-03 
 6.91492132e+00  4.55078679e-03 
 6.92464685e+00  4.55353149e-03 
 6.93437238e+00  4.55627619e-03 
 6.94409791e+00  4.55902089e-03 
 6.95382344e+00  4.56176560e-03 
 6.96354897e+00  4.56451030e-03 
 6.97327450e+00  4.56725500e-03 
 6.98300003e+00  4.56999971e-03 
 6.99272556e+00  4.57274441e-03 
 7.00245109e+00  4.57548911e-03 
 7.01217662e+00  4.57823381e-03 
 7.02190215e+00  4.58097852e-03 
 7.03162768e+00  4.58372322e-03 
 7.04135321e+00  4.58646792e-03 
 7.05107874e+00  4.58921263e-03 
 7.06080427e+00  4.59195733e-03 
 7.07052980e+00  4.59470203e-03 
 7.08025533e+00  4.59744673e-03 
 7.08998086e+00  4.60019144e-03 
 7.09970639e+00  4.60293614e-03 
 7.10943192e+00  4.60568084e-03 
 7.11915745e+00  4.60842555e-03 
 7.12888298e+00  4.61117025e-03 
 7.13860850e+00  4.61391495e-03 
 7.14833403e+00  4.61665965e-03 
 7.15805956e+00  4.61940436e-03 
 7.16778509e+00  4.62214906e-03 
 7.17751062e+00  4.62489376e-03 
 7.18723615e+00  4.62763847e-03 
 7.19696168e+00  4.63038317e-03 
 7.20668721e+00  4.63312787e-03 
 7.21641274e+00  4.63587257e-03 
 7.22613827e+00  4.63861728e-03 
 7.23586380e+00  4.64136198e-03 
 7.24558933e+00  4.64410668e-03 
 7.25531486e+00  4.64685139e-03 
 7.26504039e+00  4.64959609e-03 
 7.27476592e+00  4.65234079e-03 
 7.28449145e+00  4.65508549e-03 
 7.29421698e+00  4.65783020e-03 
 7.30394251e+00  4.66057490e-03 
 7.31366804e+00  4.66331960e-03 
 7.32339357e+00  4.66606431e-03 
 7.33311910e+00  4.66880901e-03 
 7.34284463e+00  4.67155371e-03 
 7.35257016e+00  4.67429841e-03 
 7.36229569e+00  4.67704312e-03 
 7.37202122e+00  4.67978782e-03 
 7.38174675e+00  4.68253252e-03 
 7.39147228e+00  4.68527723e-03 
 7.40119781e+00  4.68802193e-03 
 7.41092334e+00  4.69076663e-03 
 7.42064887e+00  4.69351133e-03 
 7.43037440e+00  4.69625604e-03 
 7.44009993e+00  4.69900074e-03 
 7.44982546e+00  4.70174544e-03 
 7.45955099e+00  4.70449015e-03 
 7.46927652e+00  4.70723485e-03 
 7.47900204e+00  4.70997955e-03 
 7.48872757e+00  4.71272425e-03 
 7.49845310e+00  4.71546896e-03 
 7.50817863e+00  4.71821366e-03 
 7.51790416e+00  4.72095836e-03 
 7.52762969e+00  4.72370307e-03 
 7.53735522e+00  4.72644777e-03 
 7.54708075e+00  4.72919247e-03 
 7.55680628e+00  4.73193717e-03 
 7.56653181e+00  4.73468188e-03 
 7.57625734e+00  4.73742658e-03 
 7.58598287e+00  4.74017128e-03 
 7.59570840e+00  4.74291599e-03 
 7.60543393e+00  4.74566069e-03 
 7.61515946e+00  4.74840539e-03 
 7.62488499e+00  4.75115009e-03 
 7.63461052e+00  4.75389480e-03 
 7.64433605e+00  4.75663950e-03 
 7.65406158e+00  4.75938420e-03 
 7.66378711e+00  4.76212891e-03 
 7.67351264e+00  4.76487361e-03 
 7.68323817e+00  4.76761831e-03 
 7.69296370e+00  4.77036301e-03 
 7.70268923e+00  4.77310772e-03 
 7.71241476e+00  4.77585242e-03 
 7.72214029e+00  4.77859712e-03 
 7.73186582e+00  4.78134183e-03 
 7.74159135e+00  4.78408653e-03 
 7.75131688e+00  4.78683123e-03 
 7.76104241e+00  4.78957593e-03 
 7.77076794e+00  4.79232064e-03 
 7.78049347e+00  4.79506534e-03 
 7.79021900e+00  4.79781004e-03 
 7.79994453e+00  4.80055475e-03 
 7.80967006e+00  4.80329945e-03 
 7.81939558e+00  4.80604415e-03 
 7.82912111e+00  4.80878885e-03 
 7.83884664e+00  4.81153356e-03 
 7.84857217e+00  4.81427826e-03 
 7.85829770e+00  4.81702296e-03 
 7.86802323e+00  4.81976767e-03 
 7.87774876e+00  4.82251237e-03 
 7.88747429e+00  4.82525707e-03 
 7.89719982e+00  4.82800177e-03 
 7.90692535e+00  4.83074648e-03 
 7.91665088e+00  4.83349118e-03 
 7.92637641e+00  4.83623588e-03 
 7.93610194e+00  4.83898059e-03 
 7.94582747e+00  4.84172529e-03 
 7.95555300e+00  4.84446999e-03 
 7.96527853e+00  4.84721469e-03 
 7.97500406e+00  4.84995940e-03 
 7.98472959e+00  4.85270410e-03 
 7.99445512e+00  4.85544880e-03 
 8.00418065e+00  4.85819351e-03 
 8.01390618e+00  4.86093821e-03 
 8.02363171e+00  4.86368291e-03 
 8.03335724e+00  4.86642761e-03 
 8.04308277e+00  4.86917232e-03 
 8.05280830e+00  4.87191702e-03 
 8.06253383e+00  4.87466172e-03 
 8.07225936e+00  4.87740643e-03 
 8.08198489e+00  4.88015113e-03 
 8.09171042e+00  4.88289583e-03 
 8.10143595e+00  4.88564053e-03 
 8.11116148e+00  4.88838524e-03 
 8.12088701e+00  4.89112994e-03 
 8.13061254e+00  4.89387464e-03 
 8.14033807e+00  4.89661935e-03 
 8.15006360e+00  4.89936405e-03 
 8.15978912e+00  4.90210875e-03 
 8.16951465e+00  4.90485345e-03 
 8.17924018e+00  4.90759816e-03 
 8.18896571e+00  4.91034286e-03 
 8.19869124e+00  4.91308756e-03 
 8.20841677e+00  4.91583227e-03 
 8.21814230e+00  4.91857697e-03 
 8.22786783e+00  4.92132167e-03 
 8.23759336e+00  4.92406637e-03 
 8.24731889e+00  4.92681108e-03 
 8.25704442e+00  4.92955578e-03 
 8.26676995e+00  4.93230048e-03 
 8.27649548e+00  4.93504519e-03 
 8.28622101e+00  4.93778989e-03 
 8.29594654e+00  4.94053459e-03 
 8.30567207e+00  4.94327929e-03 
 8.31539760e+00  4.94602400e-03 
 8.32512313e+00  4.94876870e-03 
 8.33484866e+00  4.95151340e-03 
 8.34457419e+00  4.95425811e-03 
 8.35429972e+00  4.95700281e-03 
 8.36402525e+00  4.95974751e-03 
 8.37375078e+00  4.96249221e-03 
 8.38347631e+00  4.96523692e-03 
 8.39320184e+00  4.96798162e-03 
 8.40292737e+00  4.97072632e-03 
 8.41265290e+00  4.97347103e-03 
 8.42237843e+00  4.97621573e-03 
 8.43210396e+00  4.97896043e-03 
 8.44182949e+00  4.98170513e-03 
 8.45155502e+00  4.98444984e-03 
 8.46128055e+00  4.98719454e-03 
 8.47100608e+00  4.98993924e-03 
 8.48073161e+00  4.99268395e-03 
 8.49045714e+00  4.99542865e-03 
 8.50018266e+00  4.99817335e-03 
 8.50990819e+00  5.00091805e-03 
 8.51963372e+00  5.00366276e-03 
 8.52935925e+00  5.00640746e-03 
 8.53908478e+00  5.00915216e-03 
 8.54881031e+00  5.01189687e-03 
 8.55853584e+00  5.01464157e-03 
 8.56826137e+00  5.01738627e-03 
 8.57798690e+00  5.02013098e-03 
 8.58771243e+00  5.02287568e-03 
 8.59743796e+00  5.02562038e-03 
 8.60716349e+00  5.02836508e-03 
 8.61688902e+00  5.03110979e-03 
 8.62661455e+00  5.03385449e-03 
 8.63634008e+00  5.03659919e-03 
 8.64606561e+00  5.03934390e-03 
 8.65579114e+00  5.04208860e-03 
 8.66551667e+00  5.04483330e-03 
 8.67524220e+00  5.04757800e-03 
 8.68496773e+00  5.05032271e-03 
 8.69469326e+00  5.05306741e-03 
 8.70441879e+00  5.05581211e-03 
 8.71414432e+00  5.05855682e-03 
 8.72386985e+00  5.06130152e-03 
 8.73359538e+00  5.06404622e-03 
 8.74332091e+00  5.06679092e-03 
 8.75304644e+00  5.06953563e-03 
 8.76277197e+00  5.07228033e-03 
 8.77249750e+00  5.07502503e-03 
 8.78222303e+00  5.07776974e-03 
 8.79194856e+00  5.08051444e-03 
 8.80167409e+00  5.08325914e-03 
 8.81139962e+00  5.08600384e-03 
 8.82112515e+00  5.08874855e-03 
 8.83085068e+00  5.09149325e-03 
 8.84057620e+00  5.09423795e-03 
 8.85030173e+00  5.09698266e-03 
 8.86002726e+00  5.09972736e-03 
 8.86975279e+00  5.10247206e-03 
 8.87947832e+00  5.10521676e-03 
 8.88920385e+00  5.10796147e-03 
 8.89892938e+00  5.11070617e-03 
 8.90865491e+00  5.11345087e-03 
 8.91838044e+00  5.11619558e-03 
 8.92810597e+00  5.11894028e-03 
 8.93783150e+00  5.12168498e-03 
 8.94755703e+00  5.12442968e-03 
 8.95728256e+00  5.12717439e-03 
 8.96700809e+00  5.12991909e-03 
 8.97673362e+00  5.13266379e-03 
 8.98645915e+00  5.13540850e-03 
 8.99618468e+00  5.13815320e-03 
 9.00591021e+00  5.14089790e-03 
 9.01563574e+00  5.14364260e-03 
 9.02536127e+00  5.14638731e-03 
 9.03508680e+00  5.14913201e-03 
 9.04481233e+00  5.15187671e-03 
 9.05453786e+00  5.15462142e-03 
 9.06426339e+00  5.15736612e-03 
 9.07398892e+00  5.16011082e-03 
 9.08371445e+00  5.16285552e-03 
 9.09343998e+00  5.16560023e-03 
 9.10316551e+00  5.16834493e-03 
 9.11289104e+00  5.17108963e-03 
 9.12261657e+00  5.17383434e-03 
 9.13234210e+00  5.17657904e-03 
 9.14206763e+00  5.17932374e-03 
 9.15179316e+00  5.18206844e-03 
 9.16151869e+00  5.18481315e-03 
 9.17124421e+00  5.18755785e-03 
 9.18096974e+00  5.19030255e-03 
 9.19069527e+00  5.19304726e-03 
 9.20042080e+00  5.19579196e-03 
 9.21014633e+00  5.19853666e-03 
 9.21987186e+00  5.20128136e-03 
 9.22959739e+00  5.20402607e-03 
 9.23932292e+00  5.20677077e-03 
 9.24904845e+00  5.20951547e-03 
 9.25877398e+00  5.21226018e-03 
 9.26849951e+00  5.21500488e-03 
 9.27822504e+00  5.21774958e-03 
 9.28795057e+00  5.22049429e-03 
 9.29767610e+00  5.22323899e-03 
 9.30740163e+00  5.22598369e-03 
 9.31712716e+00  5.22872839e-03 
 9.32685269e+00  5.23147310e-03 
 9.33657822e+00  5.23421780e-03 
 9.34630375e+00  5.23696250e-03 
 9.35602928e+00  5.23970721e-03 
 9.36575481e+00  5.24245191e-03 
 9.37548034e+00  5.24519661e-03 
 9.38520587e+00  5.24794131e-03 
 9.39493140e+00  5.25068602e-03 
 9.40465693e+00  5.25343072e-03 
 9.41438246e+00  5.25617542e-03 
 9.42410799e+00  5.25892013e-03 
 9.43383352e+00  5.26166483e-03 
 9.44355905e+00  5.26440953e-03 
 9.45328458e+00  5.26715423e-03 
 9.46301011e+00  5.26989894e-03 
 9.47273564e+00  5.27264364e-03 
 9.48246117e+00  5.27538834e-03 
 9.49218670e+00  5.27813305e-03 
 9.50191223e+00  5.28087775e-03 
 9.51163775e+00  5.28362245e-03 
 9.52136328e+00  5.28636715e-03 
 9.53108881e+00  5.28911186e-03 
 9.54081434e+00  5.29185656e-03 
 9.55053987e+00  5.29460126e-03 
 9.56026540e+00  5.29734597e-03 
 9.56999093e+00  5.30009067e-03 
 9.57971646e+00  5.30283537e-03 
 9.58944199e+00  5.30558007e-03 
 9.59916752e+00  5.30832478e-03 
 9.60889305e+00  5.31106948e-03 
 9.61861858e+00  5.31381418e-03 
 9.62834411e+00  5.31655889e-03 
 9.63806964e+00  5.31930359e-03 
 9.64779517e+00  5.32204829e-03 
 9.65752070e+00  5.32479299e-03 
 9.66724623e+00  5.32753770e-03 
 9.67697176e+00  5.33028240e-03 
 9.68669729e+00  5.33302710e-03 
 9.69642282e+00  5.33577181e-03 
 9.70614835e+00  5.33851651e-03 
 9.71587388e+00  5.34126121e-03 
 9.72559941e+00  5.34400591e-03 
 9.73532494e+00  5.34675062e-03 
 9.74505047e+00  5.34949532e-03 
 9.75477600e+00  5.35224002e-03 
 9.76450153e+00  5.35498473e-03 
 9.77422706e+00  5.35772943e-03 
 9.78395259e+00  5.36047413e-03 
 9.79367812e+00  5.36321884e-03 
 9.80340365e+00  5.36596354e-03 
 9.81312918e+00  5.36870824e-03 
 9.82285471e+00  5.37145294e-03 
 9.83258024e+00  5.37419765e-03 
 9.84230577e+00  5.37694235e-03 
 9.85203129e+00  5.37968705e-03 
 9.86175682e+00  5.38243176e-03 
 9.87148235e+00  5.38517646e-03 
 9.88120788e+00  5.38792116e-03 
 9.89093341e+00  5.39066586e-03 
 9.90065894e+00  5.39341057e-03 
 9.91038447e+00  5.39615527e-03 
 9.92011000e+00  5.39889997e-03 
 9.92983553e+00  5.40164468e-03 
 9.93956106e+00  5.40438938e-03 
 9.94928659e+00  5.40713408e-03 
 9.95901212e+00  5.40987878e-03 
 9.96873765e+00  5.41262349e-03 
 9.97846318e+00  5.41536819e-03 
 9.98818871e+00  5.41811289e-03 
 9.99791424e+00  5.42085760e-03 
 1.00076398e+01  5.42360230e-03 
 1.00173653e+01  5.42634700e-03 
 1.00270908e+01  5.42909170e-03 
 1.00368164e+01  5.43183641e-03 
 1.00465419e+01  5.43458111e-03 
 1.00562674e+01  5.43732581e-03 
 1.00659929e+01  5.44007052e-03 
 1.00757185e+01  5.44281522e-03 
 1.00854440e+01  5.44555992e-03 
 1.00951695e+01  5.44830462e-03 
 1.01048951e+01  5.45104933e-03 
 1.01146206e+01  5.45379403e-03 
 1.01243461e+01  5.45653873e-03 
 1.01340717e+01  5.45928344e-03 
 1.01437972e+01  5.46202814e-03 
 1.01535227e+01  5.46477284e-03 
 1.01632482e+01  5.46751754e-03 
 1.01729738e+01  5.47026225e-03 
 1.01826993e+01  5.47300695e-03 
 1.01924248e+01  5.47575165e-03 
 1.02021504e+01  5.47849636e-03 
 1.02118759e+01  5.48124106e-03 
 1.02216014e+01  5.48398576e-03 
 1.02313270e+01  5.48673047e-03 
 1.02410525e+01  5.48947517e-03 
 1.02507780e+01  5.49221987e-03 
 1.02605035e+01  5.49496457e-03 
 1.02702291e+01  5.49770928e-03 
 1.02799546e+01  5.50045398e-03 
 1.02896801e+01  5.50319868e-03 
 1.02994057e+01  5.50594339e-03 
 1.03091312e+01  5.50868809e-03 
 1.03188567e+01  5.51143279e-03 
 1.03285823e+01  5.51417749e-03 
 1.03383078e+01  5.51692220e-03 
 1.03480333e+01  5.51966690e-03 
 1.03577588e+01  5.52241160e-03 
 1.03674844e+01  5.52515631e-03 
 1.03772099e+01  5.52790101e-03 
 1.03869354e+01  5.53064571e-03 
 1.03966610e+01  5.53339041e-03 
 1.04063865e+01  5.53613512e-03 
 1.04161120e+01  5.53887982e-03 
 1.04258375e+01  5.54162452e-03 
 1.04355631e+01  5.54436923e-03 
 1.04452886e+01  5.54711393e-03 
 1.04550141e+01  5.54985863e-03 
 1.04647397e+01  5.55260333e-03 
 1.04744652e+01  5.55534804e-03 
 1.04841907e+01  5.55809274e-03 
 1.04939163e+01  5.56083744e-03 
 1.05036418e+01  5.56358215e-03 
 1.05133673e+01  5.56632685e-03 
 1.05230928e+01  5.56907155e-03 
 1.05328184e+01  5.57181625e-03 
 1.05425439e+01  5.57456096e-03 
 1.05522694e+01  5.57730566e-03 
 1.05619950e+01  5.58005036e-03 
 1.05717205e+01  5.58279507e-03 
 1.05814460e+01  5.58553977e-03 
 1.05911716e+01  5.58828447e-03 
 1.06008971e+01  5.59102918e-03 
 1.06106226e+01  5.59377388e-03 
 1.06203481e+01  5.59651858e-03 
 1.06300737e+01  5.59926328e-03 
 1.06397992e+01  5.60200799e-03 
 1.06495247e+01  5.60475269e-03 
 1.06592503e+01  5.60749739e-03 
 1.06689758e+01  5.61024210e-03 
 1.06787013e+01  5.61298680e-03 
 1.06884268e+01  5.61573150e-03 
 1.06981524e+01  5.61847620e-03 
 1.07078779e+01  5.62122091e-03 
 1.07176034e+01  5.62396561e-03 
 1.07273290e+01  5.62671031e-03 
 1.07370545e+01  5.62945502e-03 
 1.07467800e+01  5.63219972e-03 
 1.07565056e+01  5.63494442e-03 
 1.07662311e+01  5.63768912e-03 
 1.07759566e+01  5.64043383e-03 
 1.07856821e+01  5.64317853e-03 
 1.07954077e+01  5.64592323e-03 
 1.08051332e+01  5.64866794e-03 
 1.08148587e+01  5.65141264e-03 
 1.08245843e+01  5.65415734e-03 
 1.08343098e+01  5.65690204e-03 
 1.08440353e+01  5.65964675e-03 
 1.08537609e+01  5.66239145e-03 
 1.08634864e+01  5.66513615e-03 
 1.08732119e+01  5.66788086e-03 
 1.08829374e+01  5.67062556e-03 
 1.08926630e+01  5.67337026e-03 
 1.09023885e+01  5.67611496e-03 
 1.09121140e+01  5.67885967e-03 
 1.09218396e+01  5.68160437e-03 
 1.09315651e+01  5.68434907e-03 
 1.09412906e+01  5.68709378e-03 
 1.09510162e+01  5.68983848e-03 
 1.09607417e+01  5.69258318e-03 
 1.09704672e+01  5.69532789e-03 
 1.09801927e+01  5.69807259e-03 
 1.09899183e+01  5.70081729e-03 
 1.09996438e+01  5.70356199e-03 
 1.10093693e+01  5.70630670e-03 
 1.10190949e+01  5.70905140e-03 
 1.10288204e+01  5.71179610e-03 
 1.10385459e+01  5.71454081e-03 
 1.10482714e+01  5.71728551e-03 
 1.10579970e+01  5.72003021e-03 
 1.10677225e+01  5.72277491e-03 
 1.10774480e+01  5.72551962e-03 
 1.10871736e+01  5.72826432e-03 
 1.10968991e+01  5.73100902e-03 
 1.11066246e+01  5.73375373e-03 
 1.11163502e+01  5.73649843e-03 
 1.11260757e+01  5.73924313e-03 
 1.11358012e+01  5.74198783e-03 
 1.11455267e+01  5.74473254e-03 
 1.11552523e+01  5.74747724e-03 
 1.11649778e+01  5.75022194e-03 
 1.11747033e+01  5.75296665e-03 
 1.11844289e+01  5.75571135e-03 
 1.11941544e+01  5.75845605e-03 
 1.12038799e+01  5.76120075e-03 
 1.12136055e+01  5.76394546e-03 
 1.12233310e+01  5.76669016e-03 
 1.12330565e+01  5.76943486e-03 
 1.12427820e+01  5.77217957e-03 
 1.12525076e+01  5.77492427e-03 
 1.12622331e+01  5.77766897e-03 
 1.12719586e+01  5.78041368e-03 
 1.12816842e+01  5.78315838e-03 
 1.12914097e+01  5.78590308e-03 
 1.13011352e+01  5.78864778e-03 
 1.13108608e+01  5.79139249e-03 
 1.13205863e+01  5.79413719e-03 
 1.13303118e+01  5.79688189e-03 
 1.13400373e+01  5.79962660e-03 
 1.13497629e+01  5.80237130e-03 
 1.13594884e+01  5.80511600e-03 
 1.13692139e+01  5.80786070e-03 
 1.13789395e+01  5.81060541e-03 
 1.13886650e+01  5.81335011e-03 
 1.13983905e+01  5.81609481e-03 
 1.14081160e+01  5.81883952e-03 
 1.14178416e+01  5.82158422e-03 
 1.14275671e+01  5.82432892e-03 
 1.14372926e+01  5.82707362e-03 
 1.14470182e+01  5.82981833e-03 
 1.14567437e+01  5.83256303e-03 
 1.14664692e+01  5.83530773e-03 
 1.14761948e+01  5.83805244e-03 
 1.14859203e+01  5.84079714e-03 
 1.14956458e+01  5.84354184e-03 
 1.15053713e+01  5.84628655e-03 
 1.15150969e+01  5.84903125e-03 
 1.15248224e+01  5.85177595e-03 
 1.15345479e+01  5.85452065e-03 
 1.15442735e+01  5.85726536e-03 
 1.15539990e+01  5.86001006e-03 
 1.15637245e+01  5.86275476e-03 
 1.15734501e+01  5.86549947e-03 
 1.15831756e+01  5.86824417e-03 
 1.15929011e+01  5.87098887e-03 
 1.16026266e+01  5.87373357e-03 
 1.16123522e+01  5.87647828e-03 
 1.16220777e+01  5.87922298e-03 
 1.16318032e+01  5.88196768e-03 
 1.16415288e+01  5.88471239e-03 
 1.16512543e+01  5.88745709e-03 
 1.16609798e+01  5.89020179e-03 
 1.16707054e+01  5.89294649e-03 
 1.16804309e+01  5.89569120e-03 
 1.16901564e+01  5.89843590e-03 
 1.16998819e+01  5.90118060e-03 
 1.17096075e+01  5.90392531e-03 
 1.17193330e+01  5.90667001e-03 
 1.17290585e+01  5.90941471e-03 
 1.17387841e+01  5.91215941e-03 
 1.17485096e+01  5.91490412e-03 
 1.17582351e+01  5.91764882e-03 
 1.17679606e+01  5.92039352e-03 
 1.17776862e+01  5.92313823e-03 
 1.17874117e+01  5.92588293e-03 
 1.17971372e+01  5.92862763e-03 
 1.18068628e+01  5.93137234e-03 
 1.18165883e+01  5.93411704e-03 
 1.18263138e+01  5.93686174e-03 
 1.18360394e+01  5.93960644e-03 
 1.18457649e+01  5.94235115e-03 
 1.18554904e+01  5.94509585e-03 
 1.18652159e+01  5.94784055e-03 
 1.18749415e+01  5.95058526e-03 
 1.18846670e+01  5.95332996e-03 
 1.18943925e+01  5.95607466e-03 
 1.19041181e+01  5.95881936e-03 
 1.19138436e+01  5.96156407e-03 
 1.19235691e+01  5.96430877e-03 
 1.19332947e+01  5.96705347e-03 
 1.19430202e+01  5.96979818e-03 
 1.19527457e+01  5.97254288e-03 
 1.19624712e+01  5.97528758e-03 
 1.19721968e+01  5.97803228e-03 
 1.19819223e+01  5.98077699e-03 
 1.19916478e+01  5.98352169e-03 
 1.20013734e+01  5.98626639e-03 
 1.20110989e+01  5.98901110e-03 
 1.20208244e+01  5.99175580e-03 
 1.20305499e+01  5.99450050e-03 
 1.20402755e+01  5.99724521e-03 
 1.20500010e+01  5.99998991e-03 
 1.20597265e+01  6.00273461e-03 
 1.20694521e+01  6.00547931e-03 
 1.20791776e+01  6.00822402e-03 
 1.20889031e+01  6.01096872e-03 
 1.20986287e+01  6.01371342e-03 
 1.21083542e+01  6.01645813e-03 
 1.21180797e+01  6.01920283e-03 
 1.21278052e+01  6.02194753e-03 
 1.21375308e+01  6.02469223e-03 
 1.21472563e+01  6.02743694e-03 
 1.21569818e+01  6.03018164e-03 
 1.21667074e+01  6.03292634e-03 
 1.21764329e+01  6.03567105e-03 
 1.21861584e+01  6.03841575e-03 
 1.21958840e+01  6.04116045e-03 
 1.22056095e+01  6.04390515e-03 
 1.22153350e+01  6.04664986e-03 
 1.22250605e+01  6.04939456e-03 
 1.22347861e+01  6.05213926e-03 
 1.22445116e+01  6.05488397e-03 
 1.22542371e+01  6.05762867e-03 
 1.22639627e+01  6.06037337e-03 
 1.22736882e+01  6.06311808e-03 
 1.22834137e+01  6.06586278e-03 
 1.22931393e+01  6.06860748e-03 
 1.23028648e+01  6.07135218e-03 
 1.23125903e+01  6.07409689e-03 
 1.23223158e+01  6.07684159e-03 
 1.23320414e+01  6.07958629e-03 
 1.23417669e+01  6.08233100e-03 
 1.23514924e+01  6.08507570e-03 
 1.23612180e+01  6.08782040e-03 
 1.23709435e+01  6.09056510e-03 
 1.23806690e+01  6.09330981e-03 
 1.23903945e+01  6.09605451e-03 
 1.24001201e+01  6.09879921e-03 
 1.24098456e+01  6.10154392e-03 
 1.24195711e+01  6.10428862e-03 
 1.24292967e+01  6.10703332e-03 
 1.24390222e+01  6.10977802e-03 
 1.24487477e+01  6.11252273e-03 
 1.24584733e+01  6.11526743e-03 
 1.24681988e+01  6.11801213e-03 
 1.24779243e+01  6.12075684e-03 
 1.24876498e+01  6.12350154e-03 
 1.24973754e+01  6.12624624e-03 
 1.25071009e+01  6.12899095e-03 
 1.25168264e+01  6.13173565e-03 
 1.25265520e+01  6.13448035e-03 
 1.25362775e+01  6.13722505e-03 
 1.25460030e+01  6.13996976e-03 
 1.25557286e+01  6.14271446e-03 
 1.25654541e+01  6.14545916e-03 
 1.25751796e+01  6.14820387e-03 
 1.25849051e+01  6.15094857e-03 
 1.25946307e+01  6.15369327e-03 
 1.26043562e+01  6.15643797e-03 
 1.26140817e+01  6.15918268e-03 
 1.26238073e+01  6.16192738e-03 
 1.26335328e+01  6.16467208e-03 
 1.26432583e+01  6.16741679e-03 
 1.26529839e+01  6.17016149e-03 
 1.26627094e+01  6.17290619e-03 
 1.26724349e+01  6.17565089e-03 
 1.26821604e+01  6.17839560e-03 
 1.26918860e+01  6.18114030e-03 
 1.27016115e+01  6.18388500e-03 
 1.27113370e+01  6.18662971e-03 
 1.27210626e+01  6.18937441e-03 
 1.27307881e+01  6.19211911e-03 
 1.27405136e+01  6.19486382e-03 
 1.27502391e+01  6.19760852e-03 
 1.27599647e+01  6.20035322e-03 
 1.27696902e+01  6.20309792e-03 
 1.27794157e+01  6.20584263e-03 
 1.27891413e+01  6.20858733e-03 
 1.27988668e+01  6.21133203e-03 
 1.28085923e+01  6.21407674e-03 
 1.28183179e+01  6.21682144e-03 
 1.28280434e+01  6.21956614e-03 
 1.28377689e+01  6.22231084e-03 
 1.28474944e+01  6.22505555e-03 
 1.28572200e+01  6.22780025e-03 
 1.28669455e+01  6.23054495e-03 
 1.28766710e+01  6.23328966e-03 
 1.28863966e+01  6.23603436e-03 
 1.28961221e+01  6.23877906e-03 
 1.29058476e+01  6.24152376e-03 
 1.29155732e+01  6.24426847e-03 
 1.29252987e+01  6.24701317e-03 
 1.29350242e+01  6.24975787e-03 
 1.29447497e+01  6.25250258e-03 
 1.29544753e+01  6.25524728e-03 
 1.29642008e+01  6.25799198e-03 
 1.29739263e+01  6.26073669e-03 
 1.29836519e+01  6.26348139e-03 
 1.29933774e+01  6.26622609e-03 
 1.30031029e+01  6.26897079e-03 
 1.30128285e+01  6.27171550e-03 
 1.30225540e+01  6.27446020e-03 
 1.30322795e+01  6.27720490e-03 
 1.30420050e+01  6.27994961e-03 
 1.30517306e+01  6.28269431e-03 
 1.30614561e+01  6.28543901e-03 
 1.30711816e+01  6.28818371e-03 
 1.30809072e+01  6.29092842e-03 
 1.30906327e+01  6.29367312e-03 
 1.31003582e+01  6.29641782e-03 
 1.31100837e+01  6.29916253e-03 
 1.31198093e+01  6.30190723e-03 
 1.31295348e+01  6.30465193e-03 
 1.31392603e+01  6.30739663e-03 
 1.31489859e+01  6.31014134e-03 
 1.31587114e+01  6.31288604e-03 
 1.31684369e+01  6.31563074e-03 
 1.31781625e+01  6.31837545e-03 
 1.31878880e+01  6.32112015e-03 
 1.31976135e+01  6.32386485e-03 
 1.32073390e+01  6.32660956e-03 
 1.32170646e+01  6.32935426e-03 
 1.32267901e+01  6.33209896e-03 
 1.32365156e+01  6.33484366e-03 
 1.32462412e+01  6.33758837e-03 
 1.32559667e+01  6.34033307e-03 
 1.32656922e+01  6.34307777e-03 
 1.32754178e+01  6.34582248e-03 
 1.32851433e+01  6.34856718e-03 
 1.32948688e+01  6.35131188e-03 
 1.33045943e+01  6.35405658e-03 
 1.33143199e+01  6.35680129e-03 
 1.33240454e+01  6.35954599e-03 
 1.33337709e+01  6.36229069e-03 
 1.33434965e+01  6.36503540e-03 
 1.33532220e+01  6.36778010e-03 
 1.33629475e+01  6.37052480e-03 
 1.33726730e+01  6.37326951e-03 
 1.33823986e+01  6.37601421e-03 
 1.33921241e+01  6.37875891e-03 
 1.34018496e+01  6.38150361e-03 
 1.34115752e+01  6.38424832e-03 
 1.34213007e+01  6.38699302e-03 
 1.34310262e+01  6.38973772e-03 
 1.34407518e+01  6.39248243e-03 
 1.34504773e+01  6.39522713e-03 
 1.34602028e+01  6.39797183e-03 
 1.34699283e+01  6.40071653e-03 
 1.34796539e+01  6.40346124e-03 
 1.34893794e+01  6.40620594e-03 
 1.34991049e+01  6.40895064e-03 
 1.35088305e+01  6.41169535e-03 
 1.35185560e+01  6.41444005e-03 
 1.35282815e+01  6.41718475e-03 
 1.35380071e+01  6.41992945e-03 
 1.35477326e+01  6.42267416e-03 
 1.35574581e+01  6.42541886e-03 
 1.35671836e+01  6.42816356e-03 
 1.35769092e+01  6.43090827e-03 
 1.35866347e+01  6.43365297e-03 
 1.35963602e+01  6.43639767e-03 
 1.36060858e+01  6.43914238e-03 
 1.36158113e+01  6.44188708e-03 
 1.36255368e+01  6.44463178e-03 
 1.36352624e+01  6.44737648e-03 
 1.36449879e+01  6.45012119e-03 
 1.36547134e+01  6.45286589e-03 
 1.36644389e+01  6.45561059e-03 
 1.36741645e+01  6.45835530e-03 
 1.36838900e+01  6.46110000e-03 
 1.36936155e+01  6.46384470e-03 
 1.37033411e+01  6.46658940e-03 
 1.37130666e+01  6.46933411e-03 
 1.37227921e+01  6.47207881e-03 
 1.37325176e+01  6.47482351e-03 
 1.37422432e+01  6.47756822e-03 
 1.37519687e+01  6.48031292e-03 
 1.37616942e+01  6.48305762e-03 
 1.37714198e+01  6.48580233e-03 
 1.37811453e+01  6.48854703e-03 
 1.37908708e+01  6.49129173e-03 
 1.38005964e+01  6.49403643e-03 
 1.38103219e+01  6.49678114e-03 
 1.38200474e+01  6.49952584e-03 
 1.38297729e+01  6.50227054e-03 
 1.38394985e+01  6.50501525e-03 
 1.38492240e+01  6.50775995e-03 
 1.38589495e+01  6.51050465e-03 
 1.38686751e+01  6.51324935e-03 
 1.38784006e+01  6.51599406e-03 
 1.38881261e+01  6.51873876e-03 
 1.38978517e+01  6.52148346e-03 
 1.39075772e+01  6.52422817e-03 
 1.39173027e+01  6.52697287e-03 
 1.39270282e+01  6.52971757e-03 
 1.39367538e+01  6.53246228e-03 
 1.39464793e+01  6.53520698e-03 
 1.39562048e+01  6.53795168e-03 
 1.39659304e+01  6.54069638e-03 
 1.39756559e+01  6.54344109e-03 
 1.39853814e+01  6.54618579e-03 
 1.39951070e+01  6.54893049e-03 
 1.40048325e+01  6.55167520e-03 
 1.40145580e+01  6.55441990e-03 
 1.40242835e+01  6.55716460e-03 
 1.40340091e+01  6.55990930e-03 
 1.40437346e+01  6.56265401e-03 
 1.40534601e+01  6.56539871e-03 
 1.40631857e+01  6.56814341e-03 
 1.40729112e+01  6.57088812e-03 
 1.40826367e+01  6.57363282e-03 
 1.40923622e+01  6.57637752e-03 
 1.41020878e+01  6.57912223e-03 
 1.41118133e+01  6.58186693e-03 
 1.41215388e+01  6.58461163e-03 
 1.41312644e+01  6.58735633e-03 
 1.41409899e+01  6.59010104e-03 
 1.41507154e+01  6.59284574e-03 
 1.41604410e+01  6.59559044e-03 
 1.41701665e+01  6.59833515e-03 
 1.41798920e+01  6.60107985e-03 
 1.41896175e+01  6.60382455e-03 
 1.41993431e+01  6.60656925e-03 
 1.42090686e+01  6.60931396e-03 
 1.42187941e+01  6.61205866e-03 
 1.42285197e+01  6.61480336e-03 
 1.42382452e+01  6.61754807e-03 
 1.42479707e+01  6.62029277e-03 
 1.42576963e+01  6.62303747e-03 
 1.42674218e+01  6.62578218e-03 
 1.42771473e+01  6.62852688e-03 
 1.42868728e+01  6.63127158e-03 
 1.42965984e+01  6.63401628e-03 
 1.43063239e+01  6.63676099e-03 
 1.43160494e+01  6.63950569e-03 
 1.43257750e+01  6.64225039e-03 
 1.43355005e+01  6.64499510e-03 
