 1.34861900e-02 -1.34861900e-04 
 1.67935046e-02 -6.79350463e-05 
 2.01152007e-02 -1.15200699e-06 
 2.34409200e-02  6.55908004e-05 
 2.67744971e-02  1.32255029e-04 
 3.01162545e-02  1.98837455e-04 
 3.34665256e-02  2.65334744e-04 
 3.68256655e-02  3.31743345e-04 
 4.01940511e-02  3.98059489e-04 
 4.35720834e-02  4.64279166e-04 
 4.69601890e-02  5.30398110e-04 
 5.03588227e-02  5.96411773e-04 
 5.37684698e-02  6.62315302e-04 
 5.71896491e-02  7.28103509e-04 
 6.06229153e-02  7.93770847e-04 
 6.40688631e-02  8.59311369e-04 
 6.75281306e-02  9.24718694e-04 
 7.10014035e-02  9.89985965e-04 
 7.44894199e-02  1.05510580e-03 
 7.79929757e-02  1.12007024e-03 
 8.15129306e-02  1.18487069e-03 
 8.50502145e-02  1.24949786e-03 
 8.86058355e-02  1.31394164e-03 
 9.21808887e-02  1.37819111e-03 
 9.57765656e-02  1.44223434e-03 
 9.93941658e-02  1.50605834e-03 
 1.03035110e-01  1.56964890e-03 
 1.06700953e-01  1.63299047e-03 
 1.10393404e-01  1.69606596e-03 
 1.14114344e-01  1.75885656e-03 
 1.17865848e-01  1.82134152e-03 
 1.21650214e-01  1.88349786e-03 
 1.25469991e-01  1.94530009e-03 
 1.29328014e-01  2.00671986e-03 
 1.33227452e-01  2.06772548e-03 
 1.37171851e-01  2.12828149e-03 
 1.41165193e-01  2.18834807e-03 
 1.45211969e-01  2.24788031e-03 
 1.49317255e-01  2.30682745e-03 
 1.53486810e-01  2.36513190e-03 
 1.57727188e-01  2.42272812e-03 
 1.62045874e-01  2.47954126e-03 
 1.66451438e-01  2.53548562e-03 
 1.70953717e-01  2.59046283e-03 
 1.75564030e-01  2.64435970e-03 
 1.80295409e-01  2.69704591e-03 
 1.85162858e-01  2.74837142e-03 
 1.90183618e-01  2.79816382e-03 
 1.95377403e-01  2.84622597e-03 
 2.00766567e-01  2.89233433e-03 
 2.06376090e-01  2.93623910e-03 
 2.12233266e-01  2.97766734e-03 
 2.18366881e-01  3.01633119e-03 
 2.24805667e-01  3.05194333e-03 
 2.31575826e-01  3.08424174e-03 
 2.38697658e-01  3.11302342e-03 
 2.46181680e-01  3.13818320e-03 
 2.54025208e-01  3.15974792e-03 
 2.62210677e-01  3.17789323e-03 
 2.70706713e-01  3.19293287e-03 
 2.79471958e-01  3.20528042e-03 
 2.88460468e-01  3.21539532e-03 
 2.97626981e-01  3.22373019e-03 
 3.06930767e-01  3.23069233e-03 
 3.16337610e-01  3.23662390e-03 
 3.25820234e-01  3.24179766e-03 
 3.35357718e-01  3.24642282e-03 
 3.44934466e-01  3.25065534e-03 
 3.54539087e-01  3.25460913e-03 
 3.64163382e-01  3.25836618e-03 
 3.73801510e-01  3.26198490e-03 
 3.83449338e-01  3.26550662e-03 
 3.93103956e-01  3.26896044e-03 
 4.02763323e-01  3.27236677e-03 
 4.12426010e-01  3.27573990e-03 
 4.22091016e-01  3.27908984e-03 
 4.31757643e-01  3.28242357e-03 
 4.41425404e-01  3.28574596e-03 
 4.51093958e-01  3.28906042e-03 
 4.60763067e-01  3.29236933e-03 
 4.70432564e-01  3.29567436e-03 
 4.80102334e-01  3.29897666e-03 
 4.89772295e-01  3.30227705e-03 
 4.99442390e-01  3.30557610e-03 
 5.09112579e-01  3.30887421e-03 
 5.18782834e-01  3.31217166e-03 
 5.28453136e-01  3.31546864e-03 
 5.38123471e-01  3.31876529e-03 
 5.47793830e-01  3.32206170e-03 
 5.57464205e-01  3.32535795e-03 
 5.67134591e-01  3.32865409e-03 
 5.76804986e-01  3.33195014e-03 
 5.86475386e-01  3.33524614e-03 
 5.96145791e-01  3.33854209e-03 
 6.05816198e-01  3.34183802e-03 
 6.15486608e-01  3.34513392e-03 
 6.25157019e-01  3.34842981e-03 
 6.34827432e-01  3.35172568e-03 
 6.44497845e-01  3.35502155e-03 
 6.54168259e-01  3.35831741e-03 
 6.63838673e-01  3.36161327e-03 
 6.73509087e-01  3.36490913e-03 
 6.83179502e-01  3.36820498e-03 
 6.92849916e-01  3.37150084e-03 
 7.02520331e-01  3.37479669e-03 
 7.12190746e-01  3.37809254e-03 
 7.21861161e-01  3.38138839e-03 
 7.31531576e-01  3.38468424e-03 
 7.41201991e-01  3.38798009e-03 
 7.50872406e-01  3.39127594e-03 
 7.60542821e-01  3.39457179e-03 
 7.70213237e-01  3.39786763e-03 
 7.79883652e-01  3.40116348e-03 
 7.89554067e-01  3.40445933e-03 
 7.99224482e-01  3.40775518e-03 
 8.08894897e-01  3.41105103e-03 
 8.18565312e-01  3.41434688e-03 
 8.28235727e-01  3.41764273e-03 
 8.37906142e-01  3.42093858e-03 
 8.47576558e-01  3.42423442e-03 
 8.57246973e-01  3.42753027e-03 
 8.66917388e-01  3.43082612e-03 
 8.76587803e-01  3.43412197e-03 
 8.86258218e-01  3.43741782e-03 
 8.95928633e-01  3.44071367e-03 
 9.05599048e-01  3.44400952e-03 
 9.15269464e-01  3.44730536e-03 
 9.24939879e-01  3.45060121e-03 
 9.34610294e-01  3.45389706e-03 
 9.44280709e-01  3.45719291e-03 
 9.53951124e-01  3.46048876e-03 
 9.63621539e-01  3.46378461e-03 
 9.73291954e-01  3.46708046e-03 
 9.82962370e-01  3.47037630e-03 
 9.92632785e-01  3.47367215e-03 
 1.00230320e+00  3.47696800e-03 
 1.01197362e+00  3.48026385e-03 
 1.02164403e+00  3.48355970e-03 
 1.03131445e+00  3.48685555e-03 
 1.04098486e+00  3.49015140e-03 
 1.05065528e+00  3.49344724e-03 
 1.06032569e+00  3.49674309e-03 
 1.06999611e+00  3.50003894e-03 
 1.07966652e+00  3.50333479e-03 
 1.08933694e+00  3.50663064e-03 
 1.09900735e+00  3.50992649e-03 
 1.10867777e+00  3.51322234e-03 
 1.11834818e+00  3.51651818e-03 
 1.12801860e+00  3.51981403e-03 
 1.13768901e+00  3.52310988e-03 
 1.14735943e+00  3.52640573e-03 
 1.15702984e+00  3.52970158e-03 
 1.16670026e+00  3.53299743e-03 
 1.17637067e+00  3.53629328e-03 
 1.18604109e+00  3.53958912e-03 
 1.19571150e+00  3.54288497e-03 
 1.20538192e+00  3.54618082e-03 
 1.21505233e+00  3.54947667e-03 
 1.22472275e+00  3.55277252e-03 
 1.23439316e+00  3.55606837e-03 
 1.24406358e+00  3.55936422e-03 
 1.25373399e+00  3.56266006e-03 
 1.26340441e+00  3.56595591e-03 
 1.27307482e+00  3.56925176e-03 
 1.28274524e+00  3.57254761e-03 
 1.29241565e+00  3.57584346e-03 
 1.30208607e+00  3.57913931e-03 
 1.31175648e+00  3.58243516e-03 
 1.32142690e+00  3.58573100e-03 
 1.33109731e+00  3.58902685e-03 
 1.34076773e+00  3.59232270e-03 
 1.35043814e+00  3.59561855e-03 
 1.36010856e+00  3.59891440e-03 
 1.36977898e+00  3.60221025e-03 
 1.37944939e+00  3.60550610e-03 
 1.38911981e+00  3.60880195e-03 
 1.39879022e+00  3.61209779e-03 
 1.40846064e+00  3.61539364e-03 
 1.41813105e+00  3.61868949e-03 
 1.42780147e+00  3.62198534e-03 
 1.43747188e+00  3.62528119e-03 
 1.44714230e+00  3.62857704e-03 
 1.45681271e+00  3.63187289e-03 
 1.46648313e+00  3.63516873e-03 
 1.47615354e+00  3.63846458e-03 
 1.48582396e+00  3.64176043e-03 
 1.49549437e+00  3.64505628e-03 
 1.50516479e+00  3.64835213e-03 
 1.51483520e+00  3.65164798e-03 
 1.52450562e+00  3.65494383e-03 
 1.53417603e+00  3.65823967e-03 
 1.54384645e+00  3.66153552e-03 
 1.55351686e+00  3.66483137e-03 
 1.56318728e+00  3.66812722e-03 
 1.57285769e+00  3.67142307e-03 
 1.58252811e+00  3.67471892e-03 
 1.59219852e+00  3.67801477e-03 
 1.60186894e+00  3.68131061e-03 
 1.61153935e+00  3.68460646e-03 
 1.62120977e+00  3.68790231e-03 
 1.63088018e+00  3.69119816e-03 
 1.64055060e+00  3.69449401e-03 
 1.65022101e+00  3.69778986e-03 
 1.65989143e+00  3.70108571e-03 
 1.66956184e+00  3.70438155e-03 
 1.67923226e+00  3.70767740e-03 
 1.68890267e+00  3.71097325e-03 
 1.69857309e+00  3.71426910e-03 
 1.70824351e+00  3.71756495e-03 
 1.71791392e+00  3.72086080e-03 
 1.72758434e+00  3.72415665e-03 
 1.73725475e+00  3.72745249e-03 
 1.74692517e+00  3.73074834e-03 
 1.75659558e+00  3.73404419e-03 
 1.76626600e+00  3.73734004e-03 
 1.77593641e+00  3.74063589e-03 
 1.78560683e+00  3.74393174e-03 
 1.79527724e+00  3.74722759e-03 
 1.80494766e+00  3.75052343e-03 
 1.81461807e+00  3.75381928e-03 
 1.82428849e+00  3.75711513e-03 
 1.83395890e+00  3.76041098e-03 
 1.84362932e+00  3.76370683e-03 
 1.85329973e+00  3.76700268e-03 
 1.86297015e+00  3.77029853e-03 
 1.87264056e+00  3.77359438e-03 
 1.88231098e+00  3.77689022e-03 
 1.89198139e+00  3.78018607e-03 
 1.90165181e+00  3.78348192e-03 
 1.91132222e+00  3.78677777e-03 
 1.92099264e+00  3.79007362e-03 
 1.93066305e+00  3.79336947e-03 
 1.94033347e+00  3.79666532e-03 
 1.95000388e+00  3.79996116e-03 
 1.95967430e+00  3.80325701e-03 
 1.96934471e+00  3.80655286e-03 
 1.97901513e+00  3.80984871e-03 
 1.98868554e+00  3.81314456e-03 
 1.99835596e+00  3.81644041e-03 
 2.00802637e+00  3.81973626e-03 
 2.01769679e+00  3.82303210e-03 
 2.02736720e+00  3.82632795e-03 
 2.03703762e+00  3.82962380e-03 
 2.04670804e+00  3.83291965e-03 
 2.05637845e+00  3.83621550e-03 
 2.06604887e+00  3.83951135e-03 
 2.07571928e+00  3.84280720e-03 
 2.08538970e+00  3.84610304e-03 
 2.09506011e+00  3.84939889e-03 
 2.10473053e+00  3.85269474e-03 
 2.11440094e+00  3.85599059e-03 
 2.12407136e+00  3.85928644e-03 
 2.13374177e+00  3.86258229e-03 
 2.14341219e+00  3.86587814e-03 
 2.15308260e+00  3.86917398e-03 
 2.16275302e+00  3.87246983e-03 
 2.17242343e+00  3.87576568e-03 
 2.18209385e+00  3.87906153e-03 
 2.19176426e+00  3.88235738e-03 
 2.20143468e+00  3.88565323e-03 
 2.21110509e+00  3.88894908e-03 
 2.22077551e+00  3.89224492e-03 
 2.23044592e+00  3.89554077e-03 
 2.24011634e+00  3.89883662e-03 
 2.24978675e+00  3.90213247e-03 
 2.25945717e+00  3.90542832e-03 
 2.26912758e+00  3.90872417e-03 
 2.27879800e+00  3.91202002e-03 
 2.28846841e+00  3.91531587e-03 
 2.29813883e+00  3.91861171e-03 
 2.30780924e+00  3.92190756e-03 
 2.31747966e+00  3.92520341e-03 
 2.32715007e+00  3.92849926e-03 
 2.33682049e+00  3.93179511e-03 
 2.34649090e+00  3.93509096e-03 
 2.35616132e+00  3.93838681e-03 
 2.36583173e+00  3.94168265e-03 
 2.37550215e+00  3.94497850e-03 
 2.38517256e+00  3.94827435e-03 
 2.39484298e+00  3.95157020e-03 
 2.40451340e+00  3.95486605e-03 
 2.41418381e+00  3.95816190e-03 
 2.42385423e+00  3.96145775e-03 
 2.43352464e+00  3.96475359e-03 
 2.44319506e+00  3.96804944e-03 
 2.45286547e+00  3.97134529e-03 
 2.46253589e+00  3.97464114e-03 
 2.47220630e+00  3.97793699e-03 
 2.48187672e+00  3.98123284e-03 
 2.49154713e+00  3.98452869e-03 
 2.50121755e+00  3.98782453e-03 
 2.51088796e+00  3.99112038e-03 
 2.52055838e+00  3.99441623e-03 
 2.53022879e+00  3.99771208e-03 
 2.53989921e+00  4.00100793e-03 
 2.54956962e+00  4.00430378e-03 
 2.55924004e+00  4.00759963e-03 
 2.56891045e+00  4.01089547e-03 
 2.57858087e+00  4.01419132e-03 
 2.58825128e+00  4.01748717e-03 
 2.59792170e+00  4.02078302e-03 
 2.60759211e+00  4.02407887e-03 
 2.61726253e+00  4.02737472e-03 
 2.62693294e+00  4.03067057e-03 
 2.63660336e+00  4.03396642e-03 
 2.64627377e+00  4.03726226e-03 
 2.65594419e+00  4.04055811e-03 
 2.66561460e+00  4.04385396e-03 
 2.67528502e+00  4.04714981e-03 
 2.68495543e+00  4.05044566e-03 
 2.69462585e+00  4.05374151e-03 
 2.70429626e+00  4.05703736e-03 
 2.71396668e+00  4.06033320e-03 
 2.72363709e+00  4.06362905e-03 
 2.73330751e+00  4.06692490e-03 
 2.74297793e+00  4.07022075e-03 
 2.75264834e+00  4.07351660e-03 
 2.76231876e+00  4.07681245e-03 
 2.77198917e+00  4.08010830e-03 
 2.78165959e+00  4.08340414e-03 
 2.79133000e+00  4.08669999e-03 
 2.80100042e+00  4.08999584e-03 
 2.81067083e+00  4.09329169e-03 
 2.82034125e+00  4.09658754e-03 
 2.83001166e+00  4.09988339e-03 
 2.83968208e+00  4.10317924e-03 
 2.84935249e+00  4.10647508e-03 
 2.85902291e+00  4.10977093e-03 
 2.86869332e+00  4.11306678e-03 
 2.87836374e+00  4.11636263e-03 
 2.88803415e+00  4.11965848e-03 
 2.89770457e+00  4.12295433e-03 
 2.90737498e+00  4.12625018e-03 
 2.91704540e+00  4.12954602e-03 
 2.92671581e+00  4.13284187e-03 
 2.93638623e+00  4.13613772e-03 
 2.94605664e+00  4.13943357e-03 
 2.95572706e+00  4.14272942e-03 
 2.96539747e+00  4.14602527e-03 
 2.97506789e+00  4.14932112e-03 
 2.98473830e+00  4.15261697e-03 
 2.99440872e+00  4.15591281e-03 
 3.00407913e+00  4.15920866e-03 
 3.01374955e+00  4.16250451e-03 
 3.02341996e+00  4.16580036e-03 
 3.03309038e+00  4.16909621e-03 
 3.04276079e+00  4.17239206e-03 
 3.05243121e+00  4.17568791e-03 
 3.06210162e+00  4.17898375e-03 
 3.07177204e+00  4.18227960e-03 
 3.08144245e+00  4.18557545e-03 
 3.09111287e+00  4.18887130e-03 
 3.10078329e+00  4.19216715e-03 
 3.11045370e+00  4.19546300e-03 
 3.12012412e+00  4.19875885e-03 
 3.12979453e+00  4.20205469e-03 
 3.13946495e+00  4.20535054e-03 
 3.14913536e+00  4.20864639e-03 
 3.15880578e+00  4.21194224e-03 
 3.16847619e+00  4.21523809e-03 
 3.17814661e+00  4.21853394e-03 
 3.18781702e+00  4.22182979e-03 
 3.19748744e+00  4.22512563e-03 
 3.20715785e+00  4.22842148e-03 
 3.21682827e+00  4.23171733e-03 
 3.22649868e+00  4.23501318e-03 
 3.23616910e+00  4.23830903e-03 
 3.24583951e+00  4.24160488e-03 
 3.25550993e+00  4.24490073e-03 
 3.26518034e+00  4.24819657e-03 
 3.27485076e+00  4.25149242e-03 
 3.28452117e+00  4.25478827e-03 
 3.29419159e+00  4.25808412e-03 
 3.30386200e+00  4.26137997e-03 
 3.31353242e+00  4.26467582e-03 
 3.32320283e+00  4.26797167e-03 
 3.33287325e+00  4.27126752e-03 
 3.34254366e+00  4.27456336e-03 
 3.35221408e+00  4.27785921e-03 
 3.36188449e+00  4.28115506e-03 
 3.37155491e+00  4.28445091e-03 
 3.38122532e+00  4.28774676e-03 
 3.39089574e+00  4.29104261e-03 
 3.40056615e+00  4.29433846e-03 
 3.41023657e+00  4.29763430e-03 
 3.41990698e+00  4.30093015e-03 
 3.42957740e+00  4.30422600e-03 
 3.43924781e+00  4.30752185e-03 
 3.44891823e+00  4.31081770e-03 
 3.45858865e+00  4.31411355e-03 
 3.46825906e+00  4.31740940e-03 
 3.47792948e+00  4.32070524e-03 
 3.48759989e+00  4.32400109e-03 
 3.49727031e+00  4.32729694e-03 
 3.50694072e+00  4.33059279e-03 
 3.51661114e+00  4.33388864e-03 
 3.52628155e+00  4.33718449e-03 
 3.53595197e+00  4.34048034e-03 
 3.54562238e+00  4.34377618e-03 
 3.55529280e+00  4.34707203e-03 
 3.56496321e+00  4.35036788e-03 
 3.57463363e+00  4.35366373e-03 
 3.58430404e+00  4.35695958e-03 
 3.59397446e+00  4.36025543e-03 
 3.60364487e+00  4.36355128e-03 
 3.61331529e+00  4.36684713e-03 
 3.62298570e+00  4.37014297e-03 
 3.63265612e+00  4.37343882e-03 
 3.64232653e+00  4.37673467e-03 
 3.65199695e+00  4.38003052e-03 
 3.66166736e+00  4.38332637e-03 
 3.67133778e+00  4.38662222e-03 
 3.68100819e+00  4.38991807e-03 
 3.69067861e+00  4.39321391e-03 
 3.70034902e+00  4.39650976e-03 
 3.71001944e+00  4.39980561e-03 
 3.71968985e+00  4.40310146e-03 
 3.72936027e+00  4.40639731e-03 
 3.73903068e+00  4.40969316e-03 
 3.74870110e+00  4.41298901e-03 
 3.75837151e+00  4.41628485e-03 
 3.76804193e+00  4.41958070e-03 
 3.77771234e+00  4.42287655e-03 
 3.78738276e+00  4.42617240e-03 
 3.79705318e+00  4.42946825e-03 
 3.80672359e+00  4.43276410e-03 
 3.81639401e+00  4.43605995e-03 
 3.82606442e+00  4.43935579e-03 
 3.83573484e+00  4.44265164e-03 
 3.84540525e+00  4.44594749e-03 
 3.85507567e+00  4.44924334e-03 
 3.86474608e+00  4.45253919e-03 
 3.87441650e+00  4.45583504e-03 
 3.88408691e+00  4.45913089e-03 
 3.89375733e+00  4.46242674e-03 
 3.90342774e+00  4.46572258e-03 
 3.91309816e+00  4.46901843e-03 
 3.92276857e+00  4.47231428e-03 
 3.93243899e+00  4.47561013e-03 
 3.94210940e+00  4.47890598e-03 
 3.95177982e+00  4.48220183e-03 
 3.96145023e+00  4.48549768e-03 
 3.97112065e+00  4.48879352e-03 
 3.98079106e+00  4.49208937e-03 
 3.99046148e+00  4.49538522e-03 
 4.00013189e+00  4.49868107e-03 
 4.00980231e+00  4.50197692e-03 
 4.01947272e+00  4.50527277e-03 
 4.02914314e+00  4.50856862e-03 
 4.03881355e+00  4.51186446e-03 
 4.04848397e+00  4.51516031e-03 
 4.05815438e+00  4.51845616e-03 
 4.06782480e+00  4.52175201e-03 
 4.07749521e+00  4.52504786e-03 
 4.08716563e+00  4.52834371e-03 
 4.09683604e+00  4.53163956e-03 
 4.10650646e+00  4.53493540e-03 
 4.11617687e+00  4.53823125e-03 
 4.12584729e+00  4.54152710e-03 
 4.13551770e+00  4.54482295e-03 
 4.14518812e+00  4.54811880e-03 
 4.15485854e+00  4.55141465e-03 
 4.16452895e+00  4.55471050e-03 
 4.17419937e+00  4.55800635e-03 
 4.18386978e+00  4.56130219e-03 
 4.19354020e+00  4.56459804e-03 
 4.20321061e+00  4.56789389e-03 
 4.21288103e+00  4.57118974e-03 
 4.22255144e+00  4.57448559e-03 
 4.23222186e+00  4.57778144e-03 
 4.24189227e+00  4.58107729e-03 
 4.25156269e+00  4.58437313e-03 
 4.26123310e+00  4.58766898e-03 
 4.27090352e+00  4.59096483e-03 
 4.28057393e+00  4.59426068e-03 
 4.29024435e+00  4.59755653e-03 
 4.29991476e+00  4.60085238e-03 
 4.30958518e+00  4.60414823e-03 
 4.31925559e+00  4.60744407e-03 
 4.32892601e+00  4.61073992e-03 
 4.33859642e+00  4.61403577e-03 
 4.34826684e+00  4.61733162e-03 
 4.35793725e+00  4.62062747e-03 
 4.36760767e+00  4.62392332e-03 
 4.37727808e+00  4.62721917e-03 
 4.38694850e+00  4.63051502e-03 
 4.39661891e+00  4.63381086e-03 
 4.40628933e+00  4.63710671e-03 
 4.41595974e+00  4.64040256e-03 
 4.42563016e+00  4.64369841e-03 
 4.43530057e+00  4.64699426e-03 
 4.44497099e+00  4.65029011e-03 
 4.45464140e+00  4.65358596e-03 
 4.46431182e+00  4.65688180e-03 
 4.47398223e+00  4.66017765e-03 
 4.48365265e+00  4.66347350e-03 
 4.49332306e+00  4.66676935e-03 
 4.50299348e+00  4.67006520e-03 
 4.51266390e+00  4.67336105e-03 
 4.52233431e+00  4.67665690e-03 
 4.53200473e+00  4.67995274e-03 
 4.54167514e+00  4.68324859e-03 
 4.55134556e+00  4.68654444e-03 
 4.56101597e+00  4.68984029e-03 
 4.57068639e+00  4.69313614e-03 
 4.58035680e+00  4.69643199e-03 
 4.59002722e+00  4.69972784e-03 
 4.59969763e+00  4.70302368e-03 
 4.60936805e+00  4.70631953e-03 
 4.61903846e+00  4.70961538e-03 
 4.62870888e+00  4.71291123e-03 
 4.63837929e+00  4.71620708e-03 
 4.64804971e+00  4.71950293e-03 
 4.65772012e+00  4.72279878e-03 
 4.66739054e+00  4.72609463e-03 
 4.67706095e+00  4.72939047e-03 
 4.68673137e+00  4.73268632e-03 
 4.69640178e+00  4.73598217e-03 
 4.70607220e+00  4.73927802e-03 
 4.71574261e+00  4.74257387e-03 
 4.72541303e+00  4.74586972e-03 
 4.73508344e+00  4.74916557e-03 
 4.74475386e+00  4.75246141e-03 
 4.75442427e+00  4.75575726e-03 
 4.76409469e+00  4.75905311e-03 
 4.77376510e+00  4.76234896e-03 
 4.78343552e+00  4.76564481e-03 
 4.79310593e+00  4.76894066e-03 
 4.80277635e+00  4.77223651e-03 
 4.81244676e+00  4.77553235e-03 
 4.82211718e+00  4.77882820e-03 
 4.83178759e+00  4.78212405e-03 
 4.84145801e+00  4.78541990e-03 
 4.85112843e+00  4.78871575e-03 
 4.86079884e+00  4.79201160e-03 
 4.87046926e+00  4.79530745e-03 
 4.88013967e+00  4.79860330e-03 
 4.88981009e+00  4.80189914e-03 
 4.89948050e+00  4.80519499e-03 
 4.90915092e+00  4.80849084e-03 
 4.91882133e+00  4.81178669e-03 
 4.92849175e+00  4.81508254e-03 
 4.93816216e+00  4.81837839e-03 
 4.94783258e+00  4.82167424e-03 
 4.95750299e+00  4.82497008e-03 
 4.96717341e+00  4.82826593e-03 
 4.97684382e+00  4.83156178e-03 
 4.98651424e+00  4.83485763e-03 
 4.99618465e+00  4.83815348e-03 
 5.00585507e+00  4.84144933e-03 
 5.01552548e+00  4.84474518e-03 
 5.02519590e+00  4.84804102e-03 
 5.03486631e+00  4.85133687e-03 
 5.04453673e+00  4.85463272e-03 
 5.05420714e+00  4.85792857e-03 
 5.06387756e+00  4.86122442e-03 
 5.07354797e+00  4.86452027e-03 
 5.08321839e+00  4.86781612e-03 
 5.09288880e+00  4.87111197e-03 
 5.10255922e+00  4.87440781e-03 
 5.11222963e+00  4.87770366e-03 
 5.12190005e+00  4.88099951e-03 
 5.13157046e+00  4.88429536e-03 
 5.14124088e+00  4.88759121e-03 
 5.15091129e+00  4.89088706e-03 
 5.16058171e+00  4.89418291e-03 
 5.17025212e+00  4.89747875e-03 
 5.17992254e+00  4.90077460e-03 
 5.18959295e+00  4.90407045e-03 
 5.19926337e+00  4.90736630e-03 
 5.20893379e+00  4.91066215e-03 
 5.21860420e+00  4.91395800e-03 
 5.22827462e+00  4.91725385e-03 
 5.23794503e+00  4.92054969e-03 
 5.24761545e+00  4.92384554e-03 
 5.25728586e+00  4.92714139e-03 
 5.26695628e+00  4.93043724e-03 
 5.27662669e+00  4.93373309e-03 
 5.28629711e+00  4.93702894e-03 
 5.29596752e+00  4.94032479e-03 
 5.30563794e+00  4.94362064e-03 
 5.31530835e+00  4.94691648e-03 
 5.32497877e+00  4.95021233e-03 
 5.33464918e+00  4.95350818e-03 
 5.34431960e+00  4.95680403e-03 
 5.35399001e+00  4.96009988e-03 
 5.36366043e+00  4.96339573e-03 
 5.37333084e+00  4.96669158e-03 
 5.38300126e+00  4.96998742e-03 
 5.39267167e+00  4.97328327e-03 
 5.40234209e+00  4.97657912e-03 
 5.41201250e+00  4.97987497e-03 
 5.42168292e+00  4.98317082e-03 
 5.43135333e+00  4.98646667e-03 
 5.44102375e+00  4.98976252e-03 
 5.45069416e+00  4.99305836e-03 
 5.46036458e+00  4.99635421e-03 
 5.47003499e+00  4.99965006e-03 
 5.47970541e+00  5.00294591e-03 
 5.48937582e+00  5.00624176e-03 
 5.49904624e+00  5.00953761e-03 
 5.50871665e+00  5.01283346e-03 
 5.51838707e+00  5.01612931e-03 
 5.52805748e+00  5.01942515e-03 
 5.53772790e+00  5.02272100e-03 
 5.54739831e+00  5.02601685e-03 
 5.55706873e+00  5.02931270e-03 
 5.56673915e+00  5.03260855e-03 
 5.57640956e+00  5.03590440e-03 
 5.58607998e+00  5.03920025e-03 
 5.59575039e+00  5.04249609e-03 
 5.60542081e+00  5.04579194e-03 
 5.61509122e+00  5.04908779e-03 
 5.62476164e+00  5.05238364e-03 
 5.63443205e+00  5.05567949e-03 
 5.64410247e+00  5.05897534e-03 
 5.65377288e+00  5.06227119e-03 
 5.66344330e+00  5.06556703e-03 
 5.67311371e+00  5.06886288e-03 
 5.68278413e+00  5.07215873e-03 
 5.69245454e+00  5.07545458e-03 
 5.70212496e+00  5.07875043e-03 
 5.71179537e+00  5.08204628e-03 
 5.72146579e+00  5.08534213e-03 
 5.73113620e+00  5.08863798e-03 
 5.74080662e+00  5.09193382e-03 
 5.75047703e+00  5.09522967e-03 
 5.76014745e+00  5.09852552e-03 
 5.76981786e+00  5.10182137e-03 
 5.77948828e+00  5.10511722e-03 
 5.78915869e+00  5.10841307e-03 
 5.79882911e+00  5.11170892e-03 
 5.80849952e+00  5.11500476e-03 
 5.81816994e+00  5.11830061e-03 
 5.82784035e+00  5.12159646e-03 
 5.83751077e+00  5.12489231e-03 
 5.84718118e+00  5.12818816e-03 
 5.85685160e+00  5.13148401e-03 
 5.86652201e+00  5.13477986e-03 
 5.87619243e+00  5.13807571e-03 
 5.88586284e+00  5.14137155e-03 
 5.89553326e+00  5.14466740e-03 
 5.90520367e+00  5.14796325e-03 
 5.91487409e+00  5.15125910e-03 
 5.92454451e+00  5.15455495e-03 
 5.93421492e+00  5.15785080e-03 
 5.94388534e+00  5.16114665e-03 
 5.95355575e+00  5.16444249e-03 
 5.96322617e+00  5.16773834e-03 
 5.97289658e+00  5.17103419e-03 
 5.98256700e+00  5.17433004e-03 
 5.99223741e+00  5.17762589e-03 
 6.00190783e+00  5.18092174e-03 
 6.01157824e+00  5.18421759e-03 
 6.02124866e+00  5.18751343e-03 
 6.03091907e+00  5.19080928e-03 
 6.04058949e+00  5.19410513e-03 
 6.05025990e+00  5.19740098e-03 
 6.05993032e+00  5.20069683e-03 
 6.06960073e+00  5.20399268e-03 
 6.07927115e+00  5.20728853e-03 
 6.08894156e+00  5.21058438e-03 
 6.09861198e+00  5.21388022e-03 
 6.10828239e+00  5.21717607e-03 
 6.11795281e+00  5.22047192e-03 
 6.12762322e+00  5.22376777e-03 
 6.13729364e+00  5.22706362e-03 
 6.14696405e+00  5.23035947e-03 
 6.15663447e+00  5.23365532e-03 
 6.16630488e+00  5.23695116e-03 
 6.17597530e+00  5.24024701e-03 
 6.18564571e+00  5.24354286e-03 
 6.19531613e+00  5.24683871e-03 
 6.20498654e+00  5.25013456e-03 
 6.21465696e+00  5.25343041e-03 
 6.22432737e+00  5.25672626e-03 
 6.23399779e+00  5.26002210e-03 
 6.24366820e+00  5.26331795e-03 
 6.25333862e+00  5.26661380e-03 
 6.26300903e+00  5.26990965e-03 
 6.27267945e+00  5.27320550e-03 
 6.28234987e+00  5.27650135e-03 
 6.29202028e+00  5.27979720e-03 
 6.30169070e+00  5.28309305e-03 
 6.31136111e+00  5.28638889e-03 
 6.32103153e+00  5.28968474e-03 
 6.33070194e+00  5.29298059e-03 
 6.34037236e+00  5.29627644e-03 
 6.35004277e+00  5.29957229e-03 
 6.35971319e+00  5.30286814e-03 
 6.36938360e+00  5.30616399e-03 
 6.37905402e+00  5.30945983e-03 
 6.38872443e+00  5.31275568e-03 
 6.39839485e+00  5.31605153e-03 
 6.40806526e+00  5.31934738e-03 
 6.41773568e+00  5.32264323e-03 
 6.42740609e+00  5.32593908e-03 
 6.43707651e+00  5.32923493e-03 
 6.44674692e+00  5.33253078e-03 
 6.45641734e+00  5.33582662e-03 
 6.46608775e+00  5.33912247e-03 
 6.47575817e+00  5.34241832e-03 
 6.48542858e+00  5.34571417e-03 
 6.49509900e+00  5.34901002e-03 
 6.50476941e+00  5.35230587e-03 
 6.51443983e+00  5.35560172e-03 
 6.52411024e+00  5.35889756e-03 
 6.53378066e+00  5.36219341e-03 
 6.54345107e+00  5.36548926e-03 
 6.55312149e+00  5.36878511e-03 
 6.56279190e+00  5.37208096e-03 
 6.57246232e+00  5.37537681e-03 
 6.58213273e+00  5.37867266e-03 
 6.59180315e+00  5.38196851e-03 
 6.60147356e+00  5.38526435e-03 
 6.61114398e+00  5.38856020e-03 
 6.62081439e+00  5.39185605e-03 
 6.63048481e+00  5.39515190e-03 
 6.64015523e+00  5.39844775e-03 
 6.64982564e+00  5.40174360e-03 
 6.65949606e+00  5.40503945e-03 
 6.66916647e+00  5.40833529e-03 
 6.67883689e+00  5.41163114e-03 
 6.68850730e+00  5.41492699e-03 
 6.69817772e+00  5.41822284e-03 
 6.70784813e+00  5.42151869e-03 
 6.71751855e+00  5.42481454e-03 
 6.72718896e+00  5.42811039e-03 
 6.73685938e+00  5.43140623e-03 
 6.74652979e+00  5.43470208e-03 
 6.75620021e+00  5.43799793e-03 
 6.76587062e+00  5.44129378e-03 
 6.77554104e+00  5.44458963e-03 
 6.78521145e+00  5.44788548e-03 
 6.79488187e+00  5.45118133e-03 
 6.80455228e+00  5.45447718e-03 
 6.81422270e+00  5.45777302e-03 
 6.82389311e+00  5.46106887e-03 
 6.83356353e+00  5.46436472e-03 
 6.84323394e+00  5.46766057e-03 
 6.85290436e+00  5.47095642e-03 
 6.86257477e+00  5.47425227e-03 
 6.87224519e+00  5.47754812e-03 
 6.88191560e+00  5.48084396e-03 
 6.89158602e+00  5.48413981e-03 
 6.90125643e+00  5.48743566e-03 
 6.91092685e+00  5.49073151e-03 
 6.92059726e+00  5.49402736e-03 
 6.93026768e+00  5.49732321e-03 
 6.93993809e+00  5.50061906e-03 
 6.94960851e+00  5.50391491e-03 
 6.95927892e+00  5.50721075e-03 
 6.96894934e+00  5.51050660e-03 
 6.97861975e+00  5.51380245e-03 
 6.98829017e+00  5.51709830e-03 
 6.99796059e+00  5.52039415e-03 
 7.00763100e+00  5.52369000e-03 
 7.01730142e+00  5.52698585e-03 
 7.02697183e+00  5.53028169e-03 
 7.03664225e+00  5.53357754e-03 
 7.04631266e+00  5.53687339e-03 
 7.05598308e+00  5.54016924e-03 
 7.06565349e+00  5.54346509e-03 
 7.07532391e+00  5.54676094e-03 
 7.08499432e+00  5.55005679e-03 
 7.09466474e+00  5.55335264e-03 
 7.10433515e+00  5.55664848e-03 
 7.11400557e+00  5.55994433e-03 
 7.12367598e+00  5.56324018e-03 
 7.13334640e+00  5.56653603e-03 
 7.14301681e+00  5.56983188e-03 
 7.15268723e+00  5.57312773e-03 
 7.16235764e+00  5.57642358e-03 
 7.17202806e+00  5.57971942e-03 
 7.18169847e+00  5.58301527e-03 
 7.19136889e+00  5.58631112e-03 
 7.20103930e+00  5.58960697e-03 
 7.21070972e+00  5.59290282e-03 
 7.22038013e+00  5.59619867e-03 
 7.23005055e+00  5.59949452e-03 
 7.23972096e+00  5.60279036e-03 
 7.24939138e+00  5.60608621e-03 
 7.25906179e+00  5.60938206e-03 
 7.26873221e+00  5.61267791e-03 
 7.27840262e+00  5.61597376e-03 
 7.28807304e+00  5.61926961e-03 
 7.29774345e+00  5.62256546e-03 
 7.30741387e+00  5.62586131e-03 
 7.31708428e+00  5.62915715e-03 
 7.32675470e+00  5.63245300e-03 
 7.33642511e+00  5.63574885e-03 
 7.34609553e+00  5.63904470e-03 
 7.35576595e+00  5.64234055e-03 
 7.36543636e+00  5.64563640e-03 
 7.37510678e+00  5.64893225e-03 
 7.38477719e+00  5.65222809e-03 
 7.39444761e+00  5.65552394e-03 
 7.40411802e+00  5.65881979e-03 
 7.41378844e+00  5.66211564e-03 
 7.42345885e+00  5.66541149e-03 
 7.43312927e+00  5.66870734e-03 
 7.44279968e+00  5.67200319e-03 
 7.45247010e+00  5.67529904e-03 
 7.46214051e+00  5.67859488e-03 
 7.47181093e+00  5.68189073e-03 
 7.48148134e+00  5.68518658e-03 
 7.49115176e+00  5.68848243e-03 
 7.50082217e+00  5.69177828e-03 
 7.51049259e+00  5.69507413e-03 
 7.52016300e+00  5.69836998e-03 
 7.52983342e+00  5.70166582e-03 
 7.53950383e+00  5.70496167e-03 
 7.54917425e+00  5.70825752e-03 
 7.55884466e+00  5.71155337e-03 
 7.56851508e+00  5.71484922e-03 
 7.57818549e+00  5.71814507e-03 
 7.58785591e+00  5.72144092e-03 
 7.59752632e+00  5.72473677e-03 
 7.60719674e+00  5.72803261e-03 
 7.61686715e+00  5.73132846e-03 
 7.62653757e+00  5.73462431e-03 
 7.63620798e+00  5.73792016e-03 
 7.64587840e+00  5.74121601e-03 
 7.65554881e+00  5.74451186e-03 
 7.66521923e+00  5.74780771e-03 
 7.67488964e+00  5.75110355e-03 
 7.68456006e+00  5.75439940e-03 
 7.69423047e+00  5.75769525e-03 
 7.70390089e+00  5.76099110e-03 
 7.71357131e+00  5.76428695e-03 
 7.72324172e+00  5.76758280e-03 
 7.73291214e+00  5.77087865e-03 
 7.74258255e+00  5.77417450e-03 
 7.75225297e+00  5.77747034e-03 
 7.76192338e+00  5.78076619e-03 
 7.77159380e+00  5.78406204e-03 
 7.78126421e+00  5.78735789e-03 
 7.79093463e+00  5.79065374e-03 
 7.80060504e+00  5.79394959e-03 
 7.81027546e+00  5.79724544e-03 
 7.81994587e+00  5.80054128e-03 
 7.82961629e+00  5.80383713e-03 
 7.83928670e+00  5.80713298e-03 
 7.84895712e+00  5.81042883e-03 
 7.85862753e+00  5.81372468e-03 
 7.86829795e+00  5.81702053e-03 
 7.87796836e+00  5.82031638e-03 
 7.88763878e+00  5.82361223e-03 
 7.89730919e+00  5.82690807e-03 
 7.90697961e+00  5.83020392e-03 
 7.91665002e+00  5.83349977e-03 
 7.92632044e+00  5.83679562e-03 
 7.93599085e+00  5.84009147e-03 
 7.94566127e+00  5.84338732e-03 
 7.95533168e+00  5.84668317e-03 
 7.96500210e+00  5.84997901e-03 
 7.97467251e+00  5.85327486e-03 
 7.98434293e+00  5.85657071e-03 
 7.99401334e+00  5.85986656e-03 
 8.00368376e+00  5.86316241e-03 
 8.01335417e+00  5.86645826e-03 
 8.02302459e+00  5.86975411e-03 
 8.03269500e+00  5.87304996e-03 
 8.04236542e+00  5.87634580e-03 
 8.05203583e+00  5.87964165e-03 
 8.06170625e+00  5.88293750e-03 
 8.07137667e+00  5.88623335e-03 
 8.08104708e+00  5.88952920e-03 
 8.09071750e+00  5.89282505e-03 
 8.10038791e+00  5.89612090e-03 
 8.11005833e+00  5.89941674e-03 
 8.11972874e+00  5.90271259e-03 
 8.12939916e+00  5.90600844e-03 
 8.13906957e+00  5.90930429e-03 
 8.14873999e+00  5.91260014e-03 
 8.15841040e+00  5.91589599e-03 
 8.16808082e+00  5.91919184e-03 
 8.17775123e+00  5.92248769e-03 
 8.18742165e+00  5.92578353e-03 
 8.19709206e+00  5.92907938e-03 
 8.20676248e+00  5.93237523e-03 
 8.21643289e+00  5.93567108e-03 
 8.22610331e+00  5.93896693e-03 
 8.23577372e+00  5.94226278e-03 
 8.24544414e+00  5.94555863e-03 
 8.25511455e+00  5.94885447e-03 
 8.26478497e+00  5.95215032e-03 
 8.27445538e+00  5.95544617e-03 
 8.28412580e+00  5.95874202e-03 
 8.29379621e+00  5.96203787e-03 
 8.30346663e+00  5.96533372e-03 
 8.31313704e+00  5.96862957e-03 
 8.32280746e+00  5.97192542e-03 
 8.33247787e+00  5.97522126e-03 
 8.34214829e+00  5.97851711e-03 
 8.35181870e+00  5.98181296e-03 
 8.36148912e+00  5.98510881e-03 
 8.37115953e+00  5.98840466e-03 
 8.38082995e+00  5.99170051e-03 
 8.39050036e+00  5.99499636e-03 
 8.40017078e+00  5.99829220e-03 
 8.40984119e+00  6.00158805e-03 
 8.41951161e+00  6.00488390e-03 
 8.42918202e+00  6.00817975e-03 
 8.43885244e+00  6.01147560e-03 
 8.44852286e+00  6.01477145e-03 
 8.45819327e+00  6.01806730e-03 
 8.46786369e+00  6.02136315e-03 
 8.47753410e+00  6.02465899e-03 
 8.48720452e+00  6.02795484e-03 
 8.49687493e+00  6.03125069e-03 
 8.50654535e+00  6.03454654e-03 
 8.51621576e+00  6.03784239e-03 
 8.52588618e+00  6.04113824e-03 
 8.53555659e+00  6.04443409e-03 
 8.54522701e+00  6.04772993e-03 
 8.55489742e+00  6.05102578e-03 
 8.56456784e+00  6.05432163e-03 
 8.57423825e+00  6.05761748e-03 
 8.58390867e+00  6.06091333e-03 
 8.59357908e+00  6.06420918e-03 
 8.60324950e+00  6.06750503e-03 
 8.61291991e+00  6.07080088e-03 
 8.62259033e+00  6.07409672e-03 
 8.63226074e+00  6.07739257e-03 
 8.64193116e+00  6.08068842e-03 
 8.65160157e+00  6.08398427e-03 
 8.66127199e+00  6.08728012e-03 
 8.67094240e+00  6.09057597e-03 
 8.68061282e+00  6.09387182e-03 
 8.69028323e+00  6.09716766e-03 
 8.69995365e+00  6.10046351e-03 
 8.70962406e+00  6.10375936e-03 
 8.71929448e+00  6.10705521e-03 
 8.72896489e+00  6.11035106e-03 
 8.73863531e+00  6.11364691e-03 
 8.74830572e+00  6.11694276e-03 
 8.75797614e+00  6.12023861e-03 
 8.76764655e+00  6.12353445e-03 
 8.77731697e+00  6.12683030e-03 
 8.78698738e+00  6.13012615e-03 
 8.79665780e+00  6.13342200e-03 
 8.80632822e+00  6.13671785e-03 
 8.81599863e+00  6.14001370e-03 
 8.82566905e+00  6.14330955e-03 
 8.83533946e+00  6.14660539e-03 
 8.84500988e+00  6.14990124e-03 
 8.85468029e+00  6.15319709e-03 
 8.86435071e+00  6.15649294e-03 
 8.87402112e+00  6.15978879e-03 
 8.88369154e+00  6.16308464e-03 
 8.89336195e+00  6.16638049e-03 
 8.90303237e+00  6.16967634e-03 
 8.91270278e+00  6.17297218e-03 
 8.92237320e+00  6.17626803e-03 
 8.93204361e+00  6.17956388e-03 
 8.94171403e+00  6.18285973e-03 
 8.95138444e+00  6.18615558e-03 
 8.96105486e+00  6.18945143e-03 
 8.97072527e+00  6.19274728e-03 
 8.98039569e+00  6.19604313e-03 
 8.99006610e+00  6.19933897e-03 
 8.99973652e+00  6.20263482e-03 
 9.00940693e+00  6.20593067e-03 
 9.01907735e+00  6.20922652e-03 
 9.02874776e+00  6.21252237e-03 
 9.03841818e+00  6.21581822e-03 
 9.04808859e+00  6.21911407e-03 
 9.05775901e+00  6.22240991e-03 
 9.06742942e+00  6.22570576e-03 
 9.07709984e+00  6.22900161e-03 
 9.08677025e+00  6.23229746e-03 
 9.09644067e+00  6.23559331e-03 
 9.10611108e+00  6.23888916e-03 
 9.11578150e+00  6.24218501e-03 
 9.12545191e+00  6.24548086e-03 
 9.13512233e+00  6.24877670e-03 
 9.14479274e+00  6.25207255e-03 
 9.15446316e+00  6.25536840e-03 
 9.16413358e+00  6.25866425e-03 
 9.17380399e+00  6.26196010e-03 
 9.18347441e+00  6.26525595e-03 
 9.19314482e+00  6.26855180e-03 
 9.20281524e+00  6.27184764e-03 
 9.21248565e+00  6.27514349e-03 
 9.22215607e+00  6.27843934e-03 
 9.23182648e+00  6.28173519e-03 
 9.24149690e+00  6.28503104e-03 
 9.25116731e+00  6.28832689e-03 
 9.26083773e+00  6.29162274e-03 
 9.27050814e+00  6.29491859e-03 
 9.28017856e+00  6.29821443e-03 
 9.28984897e+00  6.30151028e-03 
 9.29951939e+00  6.30480613e-03 
 9.30918980e+00  6.30810198e-03 
 9.31886022e+00  6.31139783e-03 
 9.32853063e+00  6.31469368e-03 
 9.33820105e+00  6.31798953e-03 
 9.34787146e+00  6.32128537e-03 
 9.35754188e+00  6.32458122e-03 
 9.36721229e+00  6.32787707e-03 
 9.37688271e+00  6.33117292e-03 
 9.38655312e+00  6.33446877e-03 
 9.39622354e+00  6.33776462e-03 
 9.40589395e+00  6.34106047e-03 
 9.41556437e+00  6.34435632e-03 
 9.42523478e+00  6.34765216e-03 
 9.43490520e+00  6.35094801e-03 
 9.44457561e+00  6.35424386e-03 
 9.45424603e+00  6.35753971e-03 
 9.46391644e+00  6.36083556e-03 
 9.47358686e+00  6.36413141e-03 
 9.48325727e+00  6.36742726e-03 
 9.49292769e+00  6.37072311e-03 
 9.50259810e+00  6.37401895e-03 
 9.51226852e+00  6.37731480e-03 
 9.52193893e+00  6.38061065e-03 
 9.53160935e+00  6.38390650e-03 
 9.54127977e+00  6.38720235e-03 
 9.55095018e+00  6.39049820e-03 
 9.56062060e+00  6.39379405e-03 
 9.57029101e+00  6.39708989e-03 
 9.57996143e+00  6.40038574e-03 
 9.58963184e+00  6.40368159e-03 
 9.59930226e+00  6.40697744e-03 
 9.60897267e+00  6.41027329e-03 
 9.61864309e+00  6.41356914e-03 
 9.62831350e+00  6.41686499e-03 
 9.63798392e+00  6.42016084e-03 
 9.64765433e+00  6.42345668e-03 
 9.65732475e+00  6.42675253e-03 
 9.66699516e+00  6.43004838e-03 
 9.67666558e+00  6.43334423e-03 
 9.68633599e+00  6.43664008e-03 
 9.69600641e+00  6.43993593e-03 
 9.70567682e+00  6.44323178e-03 
 9.71534724e+00  6.44652762e-03 
 9.72501765e+00  6.44982347e-03 
 9.73468807e+00  6.45311932e-03 
 9.74435848e+00  6.45641517e-03 
 9.75402890e+00  6.45971102e-03 
 9.76369931e+00  6.46300687e-03 
 9.77336973e+00  6.46630272e-03 
 9.78304014e+00  6.46959857e-03 
 9.79271056e+00  6.47289441e-03 
 9.80238097e+00  6.47619026e-03 
 9.81205139e+00  6.47948611e-03 
 9.82172180e+00  6.48278196e-03 
 9.83139222e+00  6.48607781e-03 
 9.84106263e+00  6.48937366e-03 
 9.85073305e+00  6.49266951e-03 
 9.86040346e+00  6.49596536e-03 
 9.87007388e+00  6.49926120e-03 
 9.87974429e+00  6.50255705e-03 
 9.88941471e+00  6.50585290e-03 
 9.89908513e+00  6.50914875e-03 
 9.90875554e+00  6.51244460e-03 
 9.91842596e+00  6.51574045e-03 
 9.92809637e+00  6.51903630e-03 
 9.93776679e+00  6.52233214e-03 
 9.94743720e+00  6.52562799e-03 
 9.95710762e+00  6.52892384e-03 
 9.96677803e+00  6.53221969e-03 
 9.97644845e+00  6.53551554e-03 
 9.98611886e+00  6.53881139e-03 
 9.99578928e+00  6.54210724e-03 
 1.00054597e+01  6.54540309e-03 
 1.00151301e+01  6.54869893e-03 
 1.00248005e+01  6.55199478e-03 
 1.00344709e+01  6.55529063e-03 
 1.00441414e+01  6.55858648e-03 
 1.00538118e+01  6.56188233e-03 
 1.00634822e+01  6.56517818e-03 
 1.00731526e+01  6.56847403e-03 
 1.00828230e+01  6.57176987e-03 
 1.00924934e+01  6.57506572e-03 
 1.01021638e+01  6.57836157e-03 
 1.01118343e+01  6.58165742e-03 
 1.01215047e+01  6.58495327e-03 
 1.01311751e+01  6.58824912e-03 
 1.01408455e+01  6.59154497e-03 
 1.01505159e+01  6.59484082e-03 
 1.01601863e+01  6.59813666e-03 
 1.01698567e+01  6.60143251e-03 
 1.01795272e+01  6.60472836e-03 
 1.01891976e+01  6.60802421e-03 
 1.01988680e+01  6.61132006e-03 
 1.02085384e+01  6.61461591e-03 
 1.02182088e+01  6.61791176e-03 
 1.02278792e+01  6.62120761e-03 
 1.02375497e+01  6.62450345e-03 
 1.02472201e+01  6.62779930e-03 
 1.02568905e+01  6.63109515e-03 
 1.02665609e+01  6.63439100e-03 
 1.02762313e+01  6.63768685e-03 
 1.02859017e+01  6.64098270e-03 
 1.02955721e+01  6.64427855e-03 
 1.03052426e+01  6.64757439e-03 
 1.03149130e+01  6.65087024e-03 
 1.03245834e+01  6.65416609e-03 
 1.03342538e+01  6.65746194e-03 
 1.03439242e+01  6.66075779e-03 
 1.03535946e+01  6.66405364e-03 
 1.03632651e+01  6.66734949e-03 
 1.03729355e+01  6.67064534e-03 
 1.03826059e+01  6.67394118e-03 
 1.03922763e+01  6.67723703e-03 
 1.04019467e+01  6.68053288e-03 
 1.04116171e+01  6.68382873e-03 
 1.04212875e+01  6.68712458e-03 
 1.04309580e+01  6.69042043e-03 
 1.04406284e+01  6.69371628e-03 
 1.04502988e+01  6.69701213e-03 
 1.04599692e+01  6.70030797e-03 
 1.04696396e+01  6.70360382e-03 
 1.04793100e+01  6.70689967e-03 
 1.04889804e+01  6.71019552e-03 
 1.04986509e+01  6.71349137e-03 
 1.05083213e+01  6.71678722e-03 
 1.05179917e+01  6.72008307e-03 
 1.05276621e+01  6.72337891e-03 
 1.05373325e+01  6.72667476e-03 
 1.05470029e+01  6.72997061e-03 
 1.05566734e+01  6.73326646e-03 
 1.05663438e+01  6.73656231e-03 
 1.05760142e+01  6.73985816e-03 
 1.05856846e+01  6.74315401e-03 
 1.05953550e+01  6.74644986e-03 
 1.06050254e+01  6.74974570e-03 
 1.06146958e+01  6.75304155e-03 
 1.06243663e+01  6.75633740e-03 
 1.06340367e+01  6.75963325e-03 
 1.06437071e+01  6.76292910e-03 
 1.06533775e+01  6.76622495e-03 
 1.06630479e+01  6.76952080e-03 
 1.06727183e+01  6.77281664e-03 
 1.06823888e+01  6.77611249e-03 
 1.06920592e+01  6.77940834e-03 
 1.07017296e+01  6.78270419e-03 
 1.07114000e+01  6.78600004e-03 
 1.07210704e+01  6.78929589e-03 
 1.07307408e+01  6.79259174e-03 
 1.07404112e+01  6.79588759e-03 
 1.07500817e+01  6.79918343e-03 
 1.07597521e+01  6.80247928e-03 
 1.07694225e+01  6.80577513e-03 
 1.07790929e+01  6.80907098e-03 
 1.07887633e+01  6.81236683e-03 
 1.07984337e+01  6.81566268e-03 
 1.08081041e+01  6.81895853e-03 
 1.08177746e+01  6.82225438e-03 
 1.08274450e+01  6.82555022e-03 
 1.08371154e+01  6.82884607e-03 
 1.08467858e+01  6.83214192e-03 
 1.08564562e+01  6.83543777e-03 
 1.08661266e+01  6.83873362e-03 
 1.08757971e+01  6.84202947e-03 
 1.08854675e+01  6.84532532e-03 
 1.08951379e+01  6.84862116e-03 
 1.09048083e+01  6.85191701e-03 
 1.09144787e+01  6.85521286e-03 
 1.09241491e+01  6.85850871e-03 
 1.09338195e+01  6.86180456e-03 
 1.09434900e+01  6.86510041e-03 
 1.09531604e+01  6.86839626e-03 
 1.09628308e+01  6.87169211e-03 
 1.09725012e+01  6.87498795e-03 
 1.09821716e+01  6.87828380e-03 
 1.09918420e+01  6.88157965e-03 
 1.10015124e+01  6.88487550e-03 
 1.10111829e+01  6.88817135e-03 
 1.10208533e+01  6.89146720e-03 
 1.10305237e+01  6.89476305e-03 
 1.10401941e+01  6.89805890e-03 
 1.10498645e+01  6.90135474e-03 
 1.10595349e+01  6.90465059e-03 
 1.10692054e+01  6.90794644e-03 
 1.10788758e+01  6.91124229e-03 
 1.10885462e+01  6.91453814e-03 
 1.10982166e+01  6.91783399e-03 
 1.11078870e+01  6.92112984e-03 
 1.11175574e+01  6.92442569e-03 
 1.11272278e+01  6.92772153e-03 
 1.11368983e+01  6.93101738e-03 
 1.11465687e+01  6.93431323e-03 
 1.11562391e+01  6.93760908e-03 
 1.11659095e+01  6.94090493e-03 
 1.11755799e+01  6.94420078e-03 
 1.11852503e+01  6.94749663e-03 
 1.11949208e+01  6.95079247e-03 
 1.12045912e+01  6.95408832e-03 
 1.12142616e+01  6.95738417e-03 
 1.12239320e+01  6.96068002e-03 
 1.12336024e+01  6.96397587e-03 
 1.12432728e+01  6.96727172e-03 
 1.12529432e+01  6.97056757e-03 
 1.12626137e+01  6.97386342e-03 
 1.12722841e+01  6.97715926e-03 
 1.12819545e+01  6.98045511e-03 
 1.12916249e+01  6.98375096e-03 
 1.13012953e+01  6.98704681e-03 
 1.13109657e+01  6.99034266e-03 
 1.13206361e+01  6.99363851e-03 
 1.13303066e+01  6.99693436e-03 
 1.13399770e+01  7.00023021e-03 
 1.13496474e+01  7.00352605e-03 
 1.13593178e+01  7.00682190e-03 
 1.13689882e+01  7.01011775e-03 
 1.13786586e+01  7.01341360e-03 
 1.13883291e+01  7.01670945e-03 
 1.13979995e+01  7.02000530e-03 
 1.14076699e+01  7.02330115e-03 
 1.14173403e+01  7.02659699e-03 
 1.14270107e+01  7.02989284e-03 
 1.14366811e+01  7.03318869e-03 
 1.14463515e+01  7.03648454e-03 
 1.14560220e+01  7.03978039e-03 
 1.14656924e+01  7.04307624e-03 
 1.14753628e+01  7.04637209e-03 
 1.14850332e+01  7.04966794e-03 
 1.14947036e+01  7.05296378e-03 
 1.15043740e+01  7.05625963e-03 
 1.15140445e+01  7.05955548e-03 
 1.15237149e+01  7.06285133e-03 
 1.15333853e+01  7.06614718e-03 
 1.15430557e+01  7.06944303e-03 
 1.15527261e+01  7.07273888e-03 
 1.15623965e+01  7.07603473e-03 
 1.15720669e+01  7.07933057e-03 
 1.15817374e+01  7.08262642e-03 
 1.15914078e+01  7.08592227e-03 
 1.16010782e+01  7.08921812e-03 
 1.16107486e+01  7.09251397e-03 
 1.16204190e+01  7.09580982e-03 
 1.16300894e+01  7.09910567e-03 
 1.16397598e+01  7.10240151e-03 
 1.16494303e+01  7.10569736e-03 
 1.16591007e+01  7.10899321e-03 
 1.16687711e+01  7.11228906e-03 
 1.16784415e+01  7.11558491e-03 
 1.16881119e+01  7.11888076e-03 
 1.16977823e+01  7.12217661e-03 
 1.17074528e+01  7.12547246e-03 
 1.17171232e+01  7.12876830e-03 
 1.17267936e+01  7.13206415e-03 
 1.17364640e+01  7.13536000e-03 
 1.17461344e+01  7.13865585e-03 
 1.17558048e+01  7.14195170e-03 
 1.17654752e+01  7.14524755e-03 
 1.17751457e+01  7.14854340e-03 
 1.17848161e+01  7.15183925e-03 
 1.17944865e+01  7.15513509e-03 
 1.18041569e+01  7.15843094e-03 
 1.18138273e+01  7.16172679e-03 
 1.18234977e+01  7.16502264e-03 
 1.18331682e+01  7.16831849e-03 
 1.18428386e+01  7.17161434e-03 
 1.18525090e+01  7.17491019e-03 
 1.18621794e+01  7.17820604e-03 
 1.18718498e+01  7.18150188e-03 
 1.18815202e+01  7.18479773e-03 
 1.18911906e+01  7.18809358e-03 
 1.19008611e+01  7.19138943e-03 
 1.19105315e+01  7.19468528e-03 
 1.19202019e+01  7.19798113e-03 
 1.19298723e+01  7.20127698e-03 
 1.19395427e+01  7.20457282e-03 
 1.19492131e+01  7.20786867e-03 
 1.19588835e+01  7.21116452e-03 
 1.19685540e+01  7.21446037e-03 
 1.19782244e+01  7.21775622e-03 
 1.19878948e+01  7.22105207e-03 
 1.19975652e+01  7.22434792e-03 
 1.20072356e+01  7.22764377e-03 
 1.20169060e+01  7.23093961e-03 
 1.20265765e+01  7.23423546e-03 
 1.20362469e+01  7.23753131e-03 
 1.20459173e+01  7.24082716e-03 
 1.20555877e+01  7.24412301e-03 
 1.20652581e+01  7.24741886e-03 
 1.20749285e+01  7.25071471e-03 
 1.20845989e+01  7.25401056e-03 
 1.20942694e+01  7.25730640e-03 
 1.21039398e+01  7.26060225e-03 
 1.21136102e+01  7.26389810e-03 
 1.21232806e+01  7.26719395e-03 
 1.21329510e+01  7.27048980e-03 
 1.21426214e+01  7.27378565e-03 
 1.21522919e+01  7.27708150e-03 
 1.21619623e+01  7.28037735e-03 
 1.21716327e+01  7.28367319e-03 
 1.21813031e+01  7.28696904e-03 
 1.21909735e+01  7.29026489e-03 
 1.22006439e+01  7.29356074e-03 
 1.22103143e+01  7.29685659e-03 
 1.22199848e+01  7.30015244e-03 
 1.22296552e+01  7.30344829e-03 
 1.22393256e+01  7.30674413e-03 
 1.22489960e+01  7.31003998e-03 
 1.22586664e+01  7.31333583e-03 
 1.22683368e+01  7.31663168e-03 
 1.22780072e+01  7.31992753e-03 
 1.22876777e+01  7.32322338e-03 
 1.22973481e+01  7.32651923e-03 
 1.23070185e+01  7.32981508e-03 
 1.23166889e+01  7.33311092e-03 
 1.23263593e+01  7.33640677e-03 
 1.23360297e+01  7.33970262e-03 
 1.23457002e+01  7.34299847e-03 
 1.23553706e+01  7.34629432e-03 
 1.23650410e+01  7.34959017e-03 
 1.23747114e+01  7.35288602e-03 
 1.23843818e+01  7.35618187e-03 
 1.23940522e+01  7.35947771e-03 
 1.24037226e+01  7.36277356e-03 
 1.24133931e+01  7.36606941e-03 
 1.24230635e+01  7.36936526e-03 
 1.24327339e+01  7.37266111e-03 
 1.24424043e+01  7.37595696e-03 
 1.24520747e+01  7.37925281e-03 
 1.24617451e+01  7.38254866e-03 
 1.24714155e+01  7.38584450e-03 
 1.24810860e+01  7.38914035e-03 
 1.24907564e+01  7.39243620e-03 
 1.25004268e+01  7.39573205e-03 
 1.25100972e+01  7.39902790e-03 
 1.25197676e+01  7.40232375e-03 
 1.25294380e+01  7.40561960e-03 
 1.25391085e+01  7.40891544e-03 
 1.25487789e+01  7.41221129e-03 
 1.25584493e+01  7.41550714e-03 
 1.25681197e+01  7.41880299e-03 
 1.25777901e+01  7.42209884e-03 
 1.25874605e+01  7.42539469e-03 
 1.25971309e+01  7.42869054e-03 
 1.26068014e+01  7.43198639e-03 
 1.26164718e+01  7.43528223e-03 
 1.26261422e+01  7.43857808e-03 
 1.26358126e+01  7.44187393e-03 
 1.26454830e+01  7.44516978e-03 
 1.26551534e+01  7.44846563e-03 
 1.26648239e+01  7.45176148e-03 
 1.26744943e+01  7.45505733e-03 
 1.26841647e+01  7.45835318e-03 
 1.26938351e+01  7.46164902e-03 
 1.27035055e+01  7.46494487e-03 
 1.27131759e+01  7.46824072e-03 
 1.27228463e+01  7.47153657e-03 
 1.27325168e+01  7.47483242e-03 
 1.27421872e+01  7.47812827e-03 
 1.27518576e+01  7.48142412e-03 
 1.27615280e+01  7.48471997e-03 
 1.27711984e+01  7.48801581e-03 
 1.27808688e+01  7.49131166e-03 
 1.27905392e+01  7.49460751e-03 
 1.28002097e+01  7.49790336e-03 
 1.28098801e+01  7.50119921e-03 
 1.28195505e+01  7.50449506e-03 
 1.28292209e+01  7.50779091e-03 
 1.28388913e+01  7.51108676e-03 
 1.28485617e+01  7.51438260e-03 
 1.28582322e+01  7.51767845e-03 
 1.28679026e+01  7.52097430e-03 
 1.28775730e+01  7.52427015e-03 
 1.28872434e+01  7.52756600e-03 
 1.28969138e+01  7.53086185e-03 
 1.29065842e+01  7.53415770e-03 
 1.29162546e+01  7.53745354e-03 
 1.29259251e+01  7.54074939e-03 
 1.29355955e+01  7.54404524e-03 
 1.29452659e+01  7.54734109e-03 
 1.29549363e+01  7.55063694e-03 
 1.29646067e+01  7.55393279e-03 
 1.29742771e+01  7.55722864e-03 
 1.29839476e+01  7.56052449e-03 
 1.29936180e+01  7.56382033e-03 
 1.30032884e+01  7.56711618e-03 
 1.30129588e+01  7.57041203e-03 
 1.30226292e+01  7.57370788e-03 
 1.30322996e+01  7.57700373e-03 
 1.30419700e+01  7.58029958e-03 
 1.30516405e+01  7.58359543e-03 
 1.30613109e+01  7.58689128e-03 
 1.30709813e+01  7.59018712e-03 
 1.30806517e+01  7.59348297e-03 
 1.30903221e+01  7.59677882e-03 
 1.30999925e+01  7.60007467e-03 
 1.31096629e+01  7.60337052e-03 
 1.31193334e+01  7.60666637e-03 
 1.31290038e+01  7.60996222e-03 
 1.31386742e+01  7.61325807e-03 
 1.31483446e+01  7.61655391e-03 
 1.31580150e+01  7.61984976e-03 
 1.31676854e+01  7.62314561e-03 
 1.31773559e+01  7.62644146e-03 
 1.31870263e+01  7.62973731e-03 
 1.31966967e+01  7.63303316e-03 
 1.32063671e+01  7.63632901e-03 
 1.32160375e+01  7.63962486e-03 
 1.32257079e+01  7.64292070e-03 
 1.32353783e+01  7.64621655e-03 
 1.32450488e+01  7.64951240e-03 
 1.32547192e+01  7.65280825e-03 
 1.32643896e+01  7.65610410e-03 
 1.32740600e+01  7.65939995e-03 
 1.32837304e+01  7.66269580e-03 
 1.32934008e+01  7.66599164e-03 
 1.33030713e+01  7.66928749e-03 
 1.33127417e+01  7.67258334e-03 
 1.33224121e+01  7.67587919e-03 
 1.33320825e+01  7.67917504e-03 
 1.33417529e+01  7.68247089e-03 
 1.33514233e+01  7.68576674e-03 
 1.33610937e+01  7.68906259e-03 
 1.33707642e+01  7.69235843e-03 
 1.33804346e+01  7.69565428e-03 
 1.33901050e+01  7.69895013e-03 
 1.33997754e+01  7.70224598e-03 
 1.34094458e+01  7.70554183e-03 
 1.34191162e+01  7.70883768e-03 
 1.34287866e+01  7.71213353e-03 
 1.34384571e+01  7.71542938e-03 
 1.34481275e+01  7.71872522e-03 
 1.34577979e+01  7.72202107e-03 
 1.34674683e+01  7.72531692e-03 
 1.34771387e+01  7.72861277e-03 
 1.34868091e+01  7.73190862e-03 
 1.34964796e+01  7.73520447e-03 
 1.35061500e+01  7.73850032e-03 
 1.35158204e+01  7.74179617e-03 
 1.35254908e+01  7.74509201e-03 
 1.35351612e+01  7.74838786e-03 
 1.35448316e+01  7.75168371e-03 
 1.35545020e+01  7.75497956e-03 
 1.35641725e+01  7.75827541e-03 
 1.35738429e+01  7.76157126e-03 
 1.35835133e+01  7.76486711e-03 
 1.35931837e+01  7.76816296e-03 
 1.36028541e+01  7.77145880e-03 
 1.36125245e+01  7.77475465e-03 
 1.36221949e+01  7.77805050e-03 
 1.36318654e+01  7.78134635e-03 
 1.36415358e+01  7.78464220e-03 
 1.36512062e+01  7.78793805e-03 
 1.36608766e+01  7.79123390e-03 
 1.36705470e+01  7.79452975e-03 
 1.36802174e+01  7.79782559e-03 
 1.36898879e+01  7.80112144e-03 
 1.36995583e+01  7.80441729e-03 
 1.37092287e+01  7.80771314e-03 
 1.37188991e+01  7.81100899e-03 
 1.37285695e+01  7.81430484e-03 
 1.37382399e+01  7.81760069e-03 
 1.37479103e+01  7.82089653e-03 
 1.37575808e+01  7.82419238e-03 
 1.37672512e+01  7.82748823e-03 
 1.37769216e+01  7.83078408e-03 
 1.37865920e+01  7.83407993e-03 
 1.37962624e+01  7.83737578e-03 
 1.38059328e+01  7.84067163e-03 
 1.38156033e+01  7.84396748e-03 
 1.38252737e+01  7.84726332e-03 
 1.38349441e+01  7.85055917e-03 
 1.38446145e+01  7.85385502e-03 
 1.38542849e+01  7.85715087e-03 
 1.38639553e+01  7.86044672e-03 
 1.38736257e+01  7.86374257e-03 
 1.38832962e+01  7.86703842e-03 
 1.38929666e+01  7.87033427e-03 
 1.39026370e+01  7.87363011e-03 
 1.39123074e+01  7.87692596e-03 
 1.39219778e+01  7.88022181e-03 
 1.39316482e+01  7.88351766e-03 
 1.39413186e+01  7.88681351e-03 
 1.39509891e+01  7.89010936e-03 
 1.39606595e+01  7.89340521e-03 
 1.39703299e+01  7.89670106e-03 
 1.39800003e+01  7.89999690e-03 
 1.39896707e+01  7.90329275e-03 
 1.39993411e+01  7.90658860e-03 
 1.40090116e+01  7.90988445e-03 
 1.40186820e+01  7.91318030e-03 
 1.40283524e+01  7.91647615e-03 
 1.40380228e+01  7.91977200e-03 
 1.40476932e+01  7.92306785e-03 
 1.40573636e+01  7.92636369e-03 
 1.40670340e+01  7.92965954e-03 
 1.40767045e+01  7.93295539e-03 
 1.40863749e+01  7.93625124e-03 
 1.40960453e+01  7.93954709e-03 
 1.41057157e+01  7.94284294e-03 
 1.41153861e+01  7.94613879e-03 
 1.41250565e+01  7.94943464e-03 
 1.41347270e+01  7.95273048e-03 
 1.41443974e+01  7.95602633e-03 
 1.41540678e+01  7.95932218e-03 
 1.41637382e+01  7.96261803e-03 
 1.41734086e+01  7.96591388e-03 
 1.41830790e+01  7.96920973e-03 
 1.41927494e+01  7.97250558e-03 
 1.42024199e+01  7.97580143e-03 
