 1.62924159e-02 -1.62924159e-04 
 1.95467657e-02 -9.54676573e-05 
 2.28119220e-02 -2.81192202e-05 
 2.60800588e-02  3.91994122e-05 
 2.93540336e-02  1.06459664e-04 
 3.26340534e-02  1.73659466e-04 
 3.59203313e-02  2.40796687e-04 
 3.92130924e-02  3.07869076e-04 
 4.25125736e-02  3.74874264e-04 
 4.58190250e-02  4.41809750e-04 
 4.91327104e-02  5.08672896e-04 
 5.24539085e-02  5.75460915e-04 
 5.57829139e-02  6.42170861e-04 
 5.91200387e-02  7.08799613e-04 
 6.24656134e-02  7.75343866e-04 
 6.58199883e-02  8.41800117e-04 
 6.91835359e-02  9.08164641e-04 
 7.25566516e-02  9.74433484e-04 
 7.59397565e-02  1.04060243e-03 
 7.93332993e-02  1.10666701e-03 
 8.27377586e-02  1.17262241e-03 
 8.61536455e-02  1.23846354e-03 
 8.95815070e-02  1.30418493e-03 
 9.30219288e-02  1.36978071e-03 
 9.64755392e-02  1.43524461e-03 
 9.99430132e-02  1.50056987e-03 
 1.03425077e-01  1.56574923e-03 
 1.06922514e-01  1.63077486e-03 
 1.10436169e-01  1.69563831e-03 
 1.13966955e-01  1.76033045e-03 
 1.17515863e-01  1.82484137e-03 
 1.21083968e-01  1.88916032e-03 
 1.24672440e-01  1.95327560e-03 
 1.28282551e-01  2.01717449e-03 
 1.31915695e-01  2.08084305e-03 
 1.35573395e-01  2.14426605e-03 
 1.39257323e-01  2.20742677e-03 
 1.42969319e-01  2.27030681e-03 
 1.46711412e-01  2.33288588e-03 
 1.50485844e-01  2.39514156e-03 
 1.54295104e-01  2.45704896e-03 
 1.58141957e-01  2.51858043e-03 
 1.62029488e-01  2.57970512e-03 
 1.65961148e-01  2.64038852e-03 
 1.69940810e-01  2.70059190e-03 
 1.73972833e-01  2.76027167e-03 
 1.78062142e-01  2.81937858e-03 
 1.82214317e-01  2.87785683e-03 
 1.86435702e-01  2.93564298e-03 
 1.90733531e-01  2.99266469e-03 
 1.95116076e-01  3.04883924e-03 
 1.99592825e-01  3.10407175e-03 
 2.04174676e-01  3.15825324e-03 
 2.08874166e-01  3.21125834e-03 
 2.13705715e-01  3.26294285e-03 
 2.18685884e-01  3.31314116e-03 
 2.23833606e-01  3.36166394e-03 
 2.29170361e-01  3.40829639e-03 
 2.34720201e-01  3.45279799e-03 
 2.40509500e-01  3.49490500e-03 
 2.46566258e-01  3.53433742e-03 
 2.52918747e-01  3.57081253e-03 
 2.59593291e-01  3.60406709e-03 
 2.66611158e-01  3.63388842e-03 
 2.73984857e-01  3.66015143e-03 
 2.81714651e-01  3.68285349e-03 
 2.89786491e-01  3.70213509e-03 
 2.98172437e-01  3.71827563e-03 
 3.06833820e-01  3.73166180e-03 
 3.15726247e-01  3.74273753e-03 
 3.24804852e-01  3.75195148e-03 
 3.34028412e-01  3.75971588e-03 
 3.43361713e-01  3.76638287e-03 
 3.52776289e-01  3.77223711e-03 
 3.62250062e-01  3.77749938e-03 
 3.71766427e-01  3.78233573e-03 
 3.81313165e-01  3.78686835e-03 
 3.90881427e-01  3.79118573e-03 
 4.00464877e-01  3.79535123e-03 
 4.10059011e-01  3.79940989e-03 
 4.19660647e-01  3.80339353e-03 
 4.29267545e-01  3.80732455e-03 
 4.38878131e-01  3.81121869e-03 
 4.48491300e-01  3.81508700e-03 
 4.58106280e-01  3.81893720e-03 
 4.67722528e-01  3.82277472e-03 
 4.77339666e-01  3.82660334e-03 
 4.86957428e-01  3.83042572e-03 
 4.96575627e-01  3.83424373e-03 
 5.06194135e-01  3.83805865e-03 
 5.15812858e-01  3.84187142e-03 
 5.25431734e-01  3.84568266e-03 
 5.35050716e-01  3.84949284e-03 
 5.44669775e-01  3.85330225e-03 
 5.54288886e-01  3.85711114e-03 
 5.63908035e-01  3.86091965e-03 
 5.73527211e-01  3.86472789e-03 
 5.83146405e-01  3.86853595e-03 
 5.92765613e-01  3.87234387e-03 
 6.02384831e-01  3.87615169e-03 
 6.12004055e-01  3.87995945e-03 
 6.21623284e-01  3.88376716e-03 
 6.31242516e-01  3.88757484e-03 
 6.40861751e-01  3.89138249e-03 
 6.50480987e-01  3.89519013e-03 
 6.60100225e-01  3.89899775e-03 
 6.69719464e-01  3.90280536e-03 
 6.79338703e-01  3.90661297e-03 
 6.88957943e-01  3.91042057e-03 
 6.98577183e-01  3.91422817e-03 
 7.08196424e-01  3.91803576e-03 
 7.17815664e-01  3.92184336e-03 
 7.27434905e-01  3.92565095e-03 
 7.37054146e-01  3.92945854e-03 
 7.46673387e-01  3.93326613e-03 
 7.56292628e-01  3.93707372e-03 
 7.65911868e-01  3.94088132e-03 
 7.75531109e-01  3.94468891e-03 
 7.85150350e-01  3.94849650e-03 
 7.94769591e-01  3.95230409e-03 
 8.04388832e-01  3.95611168e-03 
 8.14008074e-01  3.95991926e-03 
 8.23627315e-01  3.96372685e-03 
 8.33246556e-01  3.96753444e-03 
 8.42865797e-01  3.97134203e-03 
 8.52485038e-01  3.97514962e-03 
 8.62104279e-01  3.97895721e-03 
 8.71723520e-01  3.98276480e-03 
 8.81342761e-01  3.98657239e-03 
 8.90962002e-01  3.99037998e-03 
 9.00581243e-01  3.99418757e-03 
 9.10200484e-01  3.99799516e-03 
 9.19819725e-01  4.00180275e-03 
 9.29438966e-01  4.00561034e-03 
 9.39058207e-01  4.00941793e-03 
 9.48677448e-01  4.01322552e-03 
 9.58296689e-01  4.01703311e-03 
 9.67915930e-01  4.02084070e-03 
 9.77535171e-01  4.02464829e-03 
 9.87154412e-01  4.02845588e-03 
 9.96773653e-01  4.03226347e-03 
 1.00639289e+00  4.03607106e-03 
 1.01601214e+00  4.03987865e-03 
 1.02563138e+00  4.04368624e-03 
 1.03525062e+00  4.04749382e-03 
 1.04486986e+00  4.05130141e-03 
 1.05448910e+00  4.05510900e-03 
 1.06410834e+00  4.05891659e-03 
 1.07372758e+00  4.06272418e-03 
 1.08334682e+00  4.06653177e-03 
 1.09296606e+00  4.07033936e-03 
 1.10258530e+00  4.07414695e-03 
 1.11220455e+00  4.07795454e-03 
 1.12182379e+00  4.08176213e-03 
 1.13144303e+00  4.08556972e-03 
 1.14106227e+00  4.08937731e-03 
 1.15068151e+00  4.09318490e-03 
 1.16030075e+00  4.09699249e-03 
 1.16991999e+00  4.10080008e-03 
 1.17953923e+00  4.10460767e-03 
 1.18915847e+00  4.10841526e-03 
 1.19877772e+00  4.11222285e-03 
 1.20839696e+00  4.11603044e-03 
 1.21801620e+00  4.11983803e-03 
 1.22763544e+00  4.12364562e-03 
 1.23725468e+00  4.12745321e-03 
 1.24687392e+00  4.13126079e-03 
 1.25649316e+00  4.13506838e-03 
 1.26611240e+00  4.13887597e-03 
 1.27573164e+00  4.14268356e-03 
 1.28535088e+00  4.14649115e-03 
 1.29497013e+00  4.15029874e-03 
 1.30458937e+00  4.15410633e-03 
 1.31420861e+00  4.15791392e-03 
 1.32382785e+00  4.16172151e-03 
 1.33344709e+00  4.16552910e-03 
 1.34306633e+00  4.16933669e-03 
 1.35268557e+00  4.17314428e-03 
 1.36230481e+00  4.17695187e-03 
 1.37192405e+00  4.18075946e-03 
 1.38154330e+00  4.18456705e-03 
 1.39116254e+00  4.18837464e-03 
 1.40078178e+00  4.19218223e-03 
 1.41040102e+00  4.19598982e-03 
 1.42002026e+00  4.19979741e-03 
 1.42963950e+00  4.20360500e-03 
 1.43925874e+00  4.20741259e-03 
 1.44887798e+00  4.21122017e-03 
 1.45849722e+00  4.21502776e-03 
 1.46811646e+00  4.21883535e-03 
 1.47773571e+00  4.22264294e-03 
 1.48735495e+00  4.22645053e-03 
 1.49697419e+00  4.23025812e-03 
 1.50659343e+00  4.23406571e-03 
 1.51621267e+00  4.23787330e-03 
 1.52583191e+00  4.24168089e-03 
 1.53545115e+00  4.24548848e-03 
 1.54507039e+00  4.24929607e-03 
 1.55468963e+00  4.25310366e-03 
 1.56430888e+00  4.25691125e-03 
 1.57392812e+00  4.26071884e-03 
 1.58354736e+00  4.26452643e-03 
 1.59316660e+00  4.26833402e-03 
 1.60278584e+00  4.27214161e-03 
 1.61240508e+00  4.27594920e-03 
 1.62202432e+00  4.27975679e-03 
 1.63164356e+00  4.28356438e-03 
 1.64126280e+00  4.28737197e-03 
 1.65088204e+00  4.29117956e-03 
 1.66050129e+00  4.29498714e-03 
 1.67012053e+00  4.29879473e-03 
 1.67973977e+00  4.30260232e-03 
 1.68935901e+00  4.30640991e-03 
 1.69897825e+00  4.31021750e-03 
 1.70859749e+00  4.31402509e-03 
 1.71821673e+00  4.31783268e-03 
 1.72783597e+00  4.32164027e-03 
 1.73745521e+00  4.32544786e-03 
 1.74707445e+00  4.32925545e-03 
 1.75669370e+00  4.33306304e-03 
 1.76631294e+00  4.33687063e-03 
 1.77593218e+00  4.34067822e-03 
 1.78555142e+00  4.34448581e-03 
 1.79517066e+00  4.34829340e-03 
 1.80478990e+00  4.35210099e-03 
 1.81440914e+00  4.35590858e-03 
 1.82402838e+00  4.35971617e-03 
 1.83364762e+00  4.36352376e-03 
 1.84326687e+00  4.36733135e-03 
 1.85288611e+00  4.37113894e-03 
 1.86250535e+00  4.37494653e-03 
 1.87212459e+00  4.37875411e-03 
 1.88174383e+00  4.38256170e-03 
 1.89136307e+00  4.38636929e-03 
 1.90098231e+00  4.39017688e-03 
 1.91060155e+00  4.39398447e-03 
 1.92022079e+00  4.39779206e-03 
 1.92984003e+00  4.40159965e-03 
 1.93945928e+00  4.40540724e-03 
 1.94907852e+00  4.40921483e-03 
 1.95869776e+00  4.41302242e-03 
 1.96831700e+00  4.41683001e-03 
 1.97793624e+00  4.42063760e-03 
 1.98755548e+00  4.42444519e-03 
 1.99717472e+00  4.42825278e-03 
 2.00679396e+00  4.43206037e-03 
 2.01641320e+00  4.43586796e-03 
 2.02603245e+00  4.43967555e-03 
 2.03565169e+00  4.44348314e-03 
 2.04527093e+00  4.44729073e-03 
 2.05489017e+00  4.45109832e-03 
 2.06450941e+00  4.45490591e-03 
 2.07412865e+00  4.45871349e-03 
 2.08374789e+00  4.46252108e-03 
 2.09336713e+00  4.46632867e-03 
 2.10298637e+00  4.47013626e-03 
 2.11260561e+00  4.47394385e-03 
 2.12222486e+00  4.47775144e-03 
 2.13184410e+00  4.48155903e-03 
 2.14146334e+00  4.48536662e-03 
 2.15108258e+00  4.48917421e-03 
 2.16070182e+00  4.49298180e-03 
 2.17032106e+00  4.49678939e-03 
 2.17994030e+00  4.50059698e-03 
 2.18955954e+00  4.50440457e-03 
 2.19917878e+00  4.50821216e-03 
 2.20879803e+00  4.51201975e-03 
 2.21841727e+00  4.51582734e-03 
 2.22803651e+00  4.51963493e-03 
 2.23765575e+00  4.52344252e-03 
 2.24727499e+00  4.52725011e-03 
 2.25689423e+00  4.53105770e-03 
 2.26651347e+00  4.53486529e-03 
 2.27613271e+00  4.53867288e-03 
 2.28575195e+00  4.54248046e-03 
 2.29537119e+00  4.54628805e-03 
 2.30499044e+00  4.55009564e-03 
 2.31460968e+00  4.55390323e-03 
 2.32422892e+00  4.55771082e-03 
 2.33384816e+00  4.56151841e-03 
 2.34346740e+00  4.56532600e-03 
 2.35308664e+00  4.56913359e-03 
 2.36270588e+00  4.57294118e-03 
 2.37232512e+00  4.57674877e-03 
 2.38194436e+00  4.58055636e-03 
 2.39156361e+00  4.58436395e-03 
 2.40118285e+00  4.58817154e-03 
 2.41080209e+00  4.59197913e-03 
 2.42042133e+00  4.59578672e-03 
 2.43004057e+00  4.59959431e-03 
 2.43965981e+00  4.60340190e-03 
 2.44927905e+00  4.60720949e-03 
 2.45889829e+00  4.61101708e-03 
 2.46851753e+00  4.61482467e-03 
 2.47813677e+00  4.61863226e-03 
 2.48775602e+00  4.62243985e-03 
 2.49737526e+00  4.62624743e-03 
 2.50699450e+00  4.63005502e-03 
 2.51661374e+00  4.63386261e-03 
 2.52623298e+00  4.63767020e-03 
 2.53585222e+00  4.64147779e-03 
 2.54547146e+00  4.64528538e-03 
 2.55509070e+00  4.64909297e-03 
 2.56470994e+00  4.65290056e-03 
 2.57432918e+00  4.65670815e-03 
 2.58394843e+00  4.66051574e-03 
 2.59356767e+00  4.66432333e-03 
 2.60318691e+00  4.66813092e-03 
 2.61280615e+00  4.67193851e-03 
 2.62242539e+00  4.67574610e-03 
 2.63204463e+00  4.67955369e-03 
 2.64166387e+00  4.68336128e-03 
 2.65128311e+00  4.68716887e-03 
 2.66090235e+00  4.69097646e-03 
 2.67052160e+00  4.69478405e-03 
 2.68014084e+00  4.69859164e-03 
 2.68976008e+00  4.70239923e-03 
 2.69937932e+00  4.70620682e-03 
 2.70899856e+00  4.71001441e-03 
 2.71861780e+00  4.71382199e-03 
 2.72823704e+00  4.71762958e-03 
 2.73785628e+00  4.72143717e-03 
 2.74747552e+00  4.72524476e-03 
 2.75709476e+00  4.72905235e-03 
 2.76671401e+00  4.73285994e-03 
 2.77633325e+00  4.73666753e-03 
 2.78595249e+00  4.74047512e-03 
 2.79557173e+00  4.74428271e-03 
 2.80519097e+00  4.74809030e-03 
 2.81481021e+00  4.75189789e-03 
 2.82442945e+00  4.75570548e-03 
 2.83404869e+00  4.75951307e-03 
 2.84366793e+00  4.76332066e-03 
 2.85328718e+00  4.76712825e-03 
 2.86290642e+00  4.77093584e-03 
 2.87252566e+00  4.77474343e-03 
 2.88214490e+00  4.77855102e-03 
 2.89176414e+00  4.78235861e-03 
 2.90138338e+00  4.78616620e-03 
 2.91100262e+00  4.78997379e-03 
 2.92062186e+00  4.79378138e-03 
 2.93024110e+00  4.79758896e-03 
 2.93986034e+00  4.80139655e-03 
 2.94947959e+00  4.80520414e-03 
 2.95909883e+00  4.80901173e-03 
 2.96871807e+00  4.81281932e-03 
 2.97833731e+00  4.81662691e-03 
 2.98795655e+00  4.82043450e-03 
 2.99757579e+00  4.82424209e-03 
 3.00719503e+00  4.82804968e-03 
 3.01681427e+00  4.83185727e-03 
 3.02643351e+00  4.83566486e-03 
 3.03605276e+00  4.83947245e-03 
 3.04567200e+00  4.84328004e-03 
 3.05529124e+00  4.84708763e-03 
 3.06491048e+00  4.85089522e-03 
 3.07452972e+00  4.85470281e-03 
 3.08414896e+00  4.85851040e-03 
 3.09376820e+00  4.86231799e-03 
 3.10338744e+00  4.86612558e-03 
 3.11300668e+00  4.86993317e-03 
 3.12262592e+00  4.87374076e-03 
 3.13224517e+00  4.87754835e-03 
 3.14186441e+00  4.88135593e-03 
 3.15148365e+00  4.88516352e-03 
 3.16110289e+00  4.88897111e-03 
 3.17072213e+00  4.89277870e-03 
 3.18034137e+00  4.89658629e-03 
 3.18996061e+00  4.90039388e-03 
 3.19957985e+00  4.90420147e-03 
 3.20919909e+00  4.90800906e-03 
 3.21881833e+00  4.91181665e-03 
 3.22843758e+00  4.91562424e-03 
 3.23805682e+00  4.91943183e-03 
 3.24767606e+00  4.92323942e-03 
 3.25729530e+00  4.92704701e-03 
 3.26691454e+00  4.93085460e-03 
 3.27653378e+00  4.93466219e-03 
 3.28615302e+00  4.93846978e-03 
 3.29577226e+00  4.94227737e-03 
 3.30539150e+00  4.94608496e-03 
 3.31501075e+00  4.94989255e-03 
 3.32462999e+00  4.95370014e-03 
 3.33424923e+00  4.95750773e-03 
 3.34386847e+00  4.96131532e-03 
 3.35348771e+00  4.96512291e-03 
 3.36310695e+00  4.96893049e-03 
 3.37272619e+00  4.97273808e-03 
 3.38234543e+00  4.97654567e-03 
 3.39196467e+00  4.98035326e-03 
 3.40158391e+00  4.98416085e-03 
 3.41120316e+00  4.98796844e-03 
 3.42082240e+00  4.99177603e-03 
 3.43044164e+00  4.99558362e-03 
 3.44006088e+00  4.99939121e-03 
 3.44968012e+00  5.00319880e-03 
 3.45929936e+00  5.00700639e-03 
 3.46891860e+00  5.01081398e-03 
 3.47853784e+00  5.01462157e-03 
 3.48815708e+00  5.01842916e-03 
 3.49777633e+00  5.02223675e-03 
 3.50739557e+00  5.02604434e-03 
 3.51701481e+00  5.02985193e-03 
 3.52663405e+00  5.03365952e-03 
 3.53625329e+00  5.03746711e-03 
 3.54587253e+00  5.04127470e-03 
 3.55549177e+00  5.04508229e-03 
 3.56511101e+00  5.04888988e-03 
 3.57473025e+00  5.05269746e-03 
 3.58434949e+00  5.05650505e-03 
 3.59396874e+00  5.06031264e-03 
 3.60358798e+00  5.06412023e-03 
 3.61320722e+00  5.06792782e-03 
 3.62282646e+00  5.07173541e-03 
 3.63244570e+00  5.07554300e-03 
 3.64206494e+00  5.07935059e-03 
 3.65168418e+00  5.08315818e-03 
 3.66130342e+00  5.08696577e-03 
 3.67092266e+00  5.09077336e-03 
 3.68054190e+00  5.09458095e-03 
 3.69016115e+00  5.09838854e-03 
 3.69978039e+00  5.10219613e-03 
 3.70939963e+00  5.10600372e-03 
 3.71901887e+00  5.10981131e-03 
 3.72863811e+00  5.11361890e-03 
 3.73825735e+00  5.11742649e-03 
 3.74787659e+00  5.12123408e-03 
 3.75749583e+00  5.12504167e-03 
 3.76711507e+00  5.12884926e-03 
 3.77673432e+00  5.13265685e-03 
 3.78635356e+00  5.13646444e-03 
 3.79597280e+00  5.14027202e-03 
 3.80559204e+00  5.14407961e-03 
 3.81521128e+00  5.14788720e-03 
 3.82483052e+00  5.15169479e-03 
 3.83444976e+00  5.15550238e-03 
 3.84406900e+00  5.15930997e-03 
 3.85368824e+00  5.16311756e-03 
 3.86330748e+00  5.16692515e-03 
 3.87292673e+00  5.17073274e-03 
 3.88254597e+00  5.17454033e-03 
 3.89216521e+00  5.17834792e-03 
 3.90178445e+00  5.18215551e-03 
 3.91140369e+00  5.18596310e-03 
 3.92102293e+00  5.18977069e-03 
 3.93064217e+00  5.19357828e-03 
 3.94026141e+00  5.19738587e-03 
 3.94988065e+00  5.20119346e-03 
 3.95949990e+00  5.20500105e-03 
 3.96911914e+00  5.20880864e-03 
 3.97873838e+00  5.21261623e-03 
 3.98835762e+00  5.21642382e-03 
 3.99797686e+00  5.22023141e-03 
 4.00759610e+00  5.22403900e-03 
 4.01721534e+00  5.22784658e-03 
 4.02683458e+00  5.23165417e-03 
 4.03645382e+00  5.23546176e-03 
 4.04607306e+00  5.23926935e-03 
 4.05569231e+00  5.24307694e-03 
 4.06531155e+00  5.24688453e-03 
 4.07493079e+00  5.25069212e-03 
 4.08455003e+00  5.25449971e-03 
 4.09416927e+00  5.25830730e-03 
 4.10378851e+00  5.26211489e-03 
 4.11340775e+00  5.26592248e-03 
 4.12302699e+00  5.26973007e-03 
 4.13264623e+00  5.27353766e-03 
 4.14226548e+00  5.27734525e-03 
 4.15188472e+00  5.28115284e-03 
 4.16150396e+00  5.28496043e-03 
 4.17112320e+00  5.28876802e-03 
 4.18074244e+00  5.29257561e-03 
 4.19036168e+00  5.29638320e-03 
 4.19998092e+00  5.30019079e-03 
 4.20960016e+00  5.30399838e-03 
 4.21921940e+00  5.30780597e-03 
 4.22883864e+00  5.31161356e-03 
 4.23845789e+00  5.31542114e-03 
 4.24807713e+00  5.31922873e-03 
 4.25769637e+00  5.32303632e-03 
 4.26731561e+00  5.32684391e-03 
 4.27693485e+00  5.33065150e-03 
 4.28655409e+00  5.33445909e-03 
 4.29617333e+00  5.33826668e-03 
 4.30579257e+00  5.34207427e-03 
 4.31541181e+00  5.34588186e-03 
 4.32503105e+00  5.34968945e-03 
 4.33465030e+00  5.35349704e-03 
 4.34426954e+00  5.35730463e-03 
 4.35388878e+00  5.36111222e-03 
 4.36350802e+00  5.36491981e-03 
 4.37312726e+00  5.36872740e-03 
 4.38274650e+00  5.37253499e-03 
 4.39236574e+00  5.37634258e-03 
 4.40198498e+00  5.38015017e-03 
 4.41160422e+00  5.38395776e-03 
 4.42122347e+00  5.38776535e-03 
 4.43084271e+00  5.39157294e-03 
 4.44046195e+00  5.39538053e-03 
 4.45008119e+00  5.39918812e-03 
 4.45970043e+00  5.40299570e-03 
 4.46931967e+00  5.40680329e-03 
 4.47893891e+00  5.41061088e-03 
 4.48855815e+00  5.41441847e-03 
 4.49817739e+00  5.41822606e-03 
 4.50779663e+00  5.42203365e-03 
 4.51741588e+00  5.42584124e-03 
 4.52703512e+00  5.42964883e-03 
 4.53665436e+00  5.43345642e-03 
 4.54627360e+00  5.43726401e-03 
 4.55589284e+00  5.44107160e-03 
 4.56551208e+00  5.44487919e-03 
 4.57513132e+00  5.44868678e-03 
 4.58475056e+00  5.45249437e-03 
 4.59436980e+00  5.45630196e-03 
 4.60398905e+00  5.46010955e-03 
 4.61360829e+00  5.46391714e-03 
 4.62322753e+00  5.46772473e-03 
 4.63284677e+00  5.47153232e-03 
 4.64246601e+00  5.47533991e-03 
 4.65208525e+00  5.47914750e-03 
 4.66170449e+00  5.48295509e-03 
 4.67132373e+00  5.48676268e-03 
 4.68094297e+00  5.49057026e-03 
 4.69056221e+00  5.49437785e-03 
 4.70018146e+00  5.49818544e-03 
 4.70980070e+00  5.50199303e-03 
 4.71941994e+00  5.50580062e-03 
 4.72903918e+00  5.50960821e-03 
 4.73865842e+00  5.51341580e-03 
 4.74827766e+00  5.51722339e-03 
 4.75789690e+00  5.52103098e-03 
 4.76751614e+00  5.52483857e-03 
 4.77713538e+00  5.52864616e-03 
 4.78675462e+00  5.53245375e-03 
 4.79637387e+00  5.53626134e-03 
 4.80599311e+00  5.54006893e-03 
 4.81561235e+00  5.54387652e-03 
 4.82523159e+00  5.54768411e-03 
 4.83485083e+00  5.55149170e-03 
 4.84447007e+00  5.55529929e-03 
 4.85408931e+00  5.55910688e-03 
 4.86370855e+00  5.56291447e-03 
 4.87332779e+00  5.56672206e-03 
 4.88294704e+00  5.57052965e-03 
 4.89256628e+00  5.57433724e-03 
 4.90218552e+00  5.57814482e-03 
 4.91180476e+00  5.58195241e-03 
 4.92142400e+00  5.58576000e-03 
 4.93104324e+00  5.58956759e-03 
 4.94066248e+00  5.59337518e-03 
 4.95028172e+00  5.59718277e-03 
 4.95990096e+00  5.60099036e-03 
 4.96952020e+00  5.60479795e-03 
 4.97913945e+00  5.60860554e-03 
 4.98875869e+00  5.61241313e-03 
 4.99837793e+00  5.61622072e-03 
 5.00799717e+00  5.62002831e-03 
 5.01761641e+00  5.62383590e-03 
 5.02723565e+00  5.62764349e-03 
 5.03685489e+00  5.63145108e-03 
 5.04647413e+00  5.63525867e-03 
 5.05609337e+00  5.63906626e-03 
 5.06571262e+00  5.64287385e-03 
 5.07533186e+00  5.64668144e-03 
 5.08495110e+00  5.65048903e-03 
 5.09457034e+00  5.65429662e-03 
 5.10418958e+00  5.65810421e-03 
 5.11380882e+00  5.66191180e-03 
 5.12342806e+00  5.66571939e-03 
 5.13304730e+00  5.66952697e-03 
 5.14266654e+00  5.67333456e-03 
 5.15228578e+00  5.67714215e-03 
 5.16190503e+00  5.68094974e-03 
 5.17152427e+00  5.68475733e-03 
 5.18114351e+00  5.68856492e-03 
 5.19076275e+00  5.69237251e-03 
 5.20038199e+00  5.69618010e-03 
 5.21000123e+00  5.69998769e-03 
 5.21962047e+00  5.70379528e-03 
 5.22923971e+00  5.70760287e-03 
 5.23885895e+00  5.71141046e-03 
 5.24847820e+00  5.71521805e-03 
 5.25809744e+00  5.71902564e-03 
 5.26771668e+00  5.72283323e-03 
 5.27733592e+00  5.72664082e-03 
 5.28695516e+00  5.73044841e-03 
 5.29657440e+00  5.73425600e-03 
 5.30619364e+00  5.73806359e-03 
 5.31581288e+00  5.74187118e-03 
 5.32543212e+00  5.74567877e-03 
 5.33505136e+00  5.74948636e-03 
 5.34467061e+00  5.75329395e-03 
 5.35428985e+00  5.75710153e-03 
 5.36390909e+00  5.76090912e-03 
 5.37352833e+00  5.76471671e-03 
 5.38314757e+00  5.76852430e-03 
 5.39276681e+00  5.77233189e-03 
 5.40238605e+00  5.77613948e-03 
 5.41200529e+00  5.77994707e-03 
 5.42162453e+00  5.78375466e-03 
 5.43124377e+00  5.78756225e-03 
 5.44086302e+00  5.79136984e-03 
 5.45048226e+00  5.79517743e-03 
 5.46010150e+00  5.79898502e-03 
 5.46972074e+00  5.80279261e-03 
 5.47933998e+00  5.80660020e-03 
 5.48895922e+00  5.81040779e-03 
 5.49857846e+00  5.81421538e-03 
 5.50819770e+00  5.81802297e-03 
 5.51781694e+00  5.82183056e-03 
 5.52743619e+00  5.82563815e-03 
 5.53705543e+00  5.82944574e-03 
 5.54667467e+00  5.83325333e-03 
 5.55629391e+00  5.83706092e-03 
 5.56591315e+00  5.84086851e-03 
 5.57553239e+00  5.84467610e-03 
 5.58515163e+00  5.84848368e-03 
 5.59477087e+00  5.85229127e-03 
 5.60439011e+00  5.85609886e-03 
 5.61400935e+00  5.85990645e-03 
 5.62362860e+00  5.86371404e-03 
 5.63324784e+00  5.86752163e-03 
 5.64286708e+00  5.87132922e-03 
 5.65248632e+00  5.87513681e-03 
 5.66210556e+00  5.87894440e-03 
 5.67172480e+00  5.88275199e-03 
 5.68134404e+00  5.88655958e-03 
 5.69096328e+00  5.89036717e-03 
 5.70058252e+00  5.89417476e-03 
 5.71020177e+00  5.89798235e-03 
 5.71982101e+00  5.90178994e-03 
 5.72944025e+00  5.90559753e-03 
 5.73905949e+00  5.90940512e-03 
 5.74867873e+00  5.91321271e-03 
 5.75829797e+00  5.91702030e-03 
 5.76791721e+00  5.92082789e-03 
 5.77753645e+00  5.92463548e-03 
 5.78715569e+00  5.92844307e-03 
 5.79677493e+00  5.93225066e-03 
 5.80639418e+00  5.93605824e-03 
 5.81601342e+00  5.93986583e-03 
 5.82563266e+00  5.94367342e-03 
 5.83525190e+00  5.94748101e-03 
 5.84487114e+00  5.95128860e-03 
 5.85449038e+00  5.95509619e-03 
 5.86410962e+00  5.95890378e-03 
 5.87372886e+00  5.96271137e-03 
 5.88334810e+00  5.96651896e-03 
 5.89296734e+00  5.97032655e-03 
 5.90258659e+00  5.97413414e-03 
 5.91220583e+00  5.97794173e-03 
 5.92182507e+00  5.98174932e-03 
 5.93144431e+00  5.98555691e-03 
 5.94106355e+00  5.98936450e-03 
 5.95068279e+00  5.99317209e-03 
 5.96030203e+00  5.99697968e-03 
 5.96992127e+00  6.00078727e-03 
 5.97954051e+00  6.00459486e-03 
 5.98915976e+00  6.00840245e-03 
 5.99877900e+00  6.01221004e-03 
 6.00839824e+00  6.01601763e-03 
 6.01801748e+00  6.01982522e-03 
 6.02763672e+00  6.02363281e-03 
 6.03725596e+00  6.02744039e-03 
 6.04687520e+00  6.03124798e-03 
 6.05649444e+00  6.03505557e-03 
 6.06611368e+00  6.03886316e-03 
 6.07573292e+00  6.04267075e-03 
 6.08535217e+00  6.04647834e-03 
 6.09497141e+00  6.05028593e-03 
 6.10459065e+00  6.05409352e-03 
 6.11420989e+00  6.05790111e-03 
 6.12382913e+00  6.06170870e-03 
 6.13344837e+00  6.06551629e-03 
 6.14306761e+00  6.06932388e-03 
 6.15268685e+00  6.07313147e-03 
 6.16230609e+00  6.07693906e-03 
 6.17192534e+00  6.08074665e-03 
 6.18154458e+00  6.08455424e-03 
 6.19116382e+00  6.08836183e-03 
 6.20078306e+00  6.09216942e-03 
 6.21040230e+00  6.09597701e-03 
 6.22002154e+00  6.09978460e-03 
 6.22964078e+00  6.10359219e-03 
 6.23926002e+00  6.10739978e-03 
 6.24887926e+00  6.11120737e-03 
 6.25849850e+00  6.11501496e-03 
 6.26811775e+00  6.11882254e-03 
 6.27773699e+00  6.12263013e-03 
 6.28735623e+00  6.12643772e-03 
 6.29697547e+00  6.13024531e-03 
 6.30659471e+00  6.13405290e-03 
 6.31621395e+00  6.13786049e-03 
 6.32583319e+00  6.14166808e-03 
 6.33545243e+00  6.14547567e-03 
 6.34507167e+00  6.14928326e-03 
 6.35469091e+00  6.15309085e-03 
 6.36431016e+00  6.15689844e-03 
 6.37392940e+00  6.16070603e-03 
 6.38354864e+00  6.16451362e-03 
 6.39316788e+00  6.16832121e-03 
 6.40278712e+00  6.17212880e-03 
 6.41240636e+00  6.17593639e-03 
 6.42202560e+00  6.17974398e-03 
 6.43164484e+00  6.18355157e-03 
 6.44126408e+00  6.18735916e-03 
 6.45088333e+00  6.19116675e-03 
 6.46050257e+00  6.19497434e-03 
 6.47012181e+00  6.19878193e-03 
 6.47974105e+00  6.20258952e-03 
 6.48936029e+00  6.20639711e-03 
 6.49897953e+00  6.21020469e-03 
 6.50859877e+00  6.21401228e-03 
 6.51821801e+00  6.21781987e-03 
 6.52783725e+00  6.22162746e-03 
 6.53745649e+00  6.22543505e-03 
 6.54707574e+00  6.22924264e-03 
 6.55669498e+00  6.23305023e-03 
 6.56631422e+00  6.23685782e-03 
 6.57593346e+00  6.24066541e-03 
 6.58555270e+00  6.24447300e-03 
 6.59517194e+00  6.24828059e-03 
 6.60479118e+00  6.25208818e-03 
 6.61441042e+00  6.25589577e-03 
 6.62402966e+00  6.25970336e-03 
 6.63364891e+00  6.26351095e-03 
 6.64326815e+00  6.26731854e-03 
 6.65288739e+00  6.27112613e-03 
 6.66250663e+00  6.27493372e-03 
 6.67212587e+00  6.27874131e-03 
 6.68174511e+00  6.28254890e-03 
 6.69136435e+00  6.28635649e-03 
 6.70098359e+00  6.29016408e-03 
 6.71060283e+00  6.29397167e-03 
 6.72022207e+00  6.29777926e-03 
 6.72984132e+00  6.30158685e-03 
 6.73946056e+00  6.30539443e-03 
 6.74907980e+00  6.30920202e-03 
 6.75869904e+00  6.31300961e-03 
 6.76831828e+00  6.31681720e-03 
 6.77793752e+00  6.32062479e-03 
 6.78755676e+00  6.32443238e-03 
 6.79717600e+00  6.32823997e-03 
 6.80679524e+00  6.33204756e-03 
 6.81641448e+00  6.33585515e-03 
 6.82603373e+00  6.33966274e-03 
 6.83565297e+00  6.34347033e-03 
 6.84527221e+00  6.34727792e-03 
 6.85489145e+00  6.35108551e-03 
 6.86451069e+00  6.35489310e-03 
 6.87412993e+00  6.35870069e-03 
 6.88374917e+00  6.36250828e-03 
 6.89336841e+00  6.36631587e-03 
 6.90298765e+00  6.37012346e-03 
 6.91260690e+00  6.37393105e-03 
 6.92222614e+00  6.37773864e-03 
 6.93184538e+00  6.38154623e-03 
 6.94146462e+00  6.38535382e-03 
 6.95108386e+00  6.38916141e-03 
 6.96070310e+00  6.39296900e-03 
 6.97032234e+00  6.39677658e-03 
 6.97994158e+00  6.40058417e-03 
 6.98956082e+00  6.40439176e-03 
 6.99918006e+00  6.40819935e-03 
 7.00879931e+00  6.41200694e-03 
 7.01841855e+00  6.41581453e-03 
 7.02803779e+00  6.41962212e-03 
 7.03765703e+00  6.42342971e-03 
 7.04727627e+00  6.42723730e-03 
 7.05689551e+00  6.43104489e-03 
 7.06651475e+00  6.43485248e-03 
 7.07613399e+00  6.43866007e-03 
 7.08575323e+00  6.44246766e-03 
 7.09537248e+00  6.44627525e-03 
 7.10499172e+00  6.45008284e-03 
 7.11461096e+00  6.45389043e-03 
 7.12423020e+00  6.45769802e-03 
 7.13384944e+00  6.46150561e-03 
 7.14346868e+00  6.46531320e-03 
 7.15308792e+00  6.46912079e-03 
 7.16270716e+00  6.47292838e-03 
 7.17232640e+00  6.47673597e-03 
 7.18194564e+00  6.48054356e-03 
 7.19156489e+00  6.48435115e-03 
 7.20118413e+00  6.48815874e-03 
 7.21080337e+00  6.49196632e-03 
 7.22042261e+00  6.49577391e-03 
 7.23004185e+00  6.49958150e-03 
 7.23966109e+00  6.50338909e-03 
 7.24928033e+00  6.50719668e-03 
 7.25889957e+00  6.51100427e-03 
 7.26851881e+00  6.51481186e-03 
 7.27813805e+00  6.51861945e-03 
 7.28775730e+00  6.52242704e-03 
 7.29737654e+00  6.52623463e-03 
 7.30699578e+00  6.53004222e-03 
 7.31661502e+00  6.53384981e-03 
 7.32623426e+00  6.53765740e-03 
 7.33585350e+00  6.54146499e-03 
 7.34547274e+00  6.54527258e-03 
 7.35509198e+00  6.54908017e-03 
 7.36471122e+00  6.55288776e-03 
 7.37433047e+00  6.55669535e-03 
 7.38394971e+00  6.56050294e-03 
 7.39356895e+00  6.56431053e-03 
 7.40318819e+00  6.56811812e-03 
 7.41280743e+00  6.57192571e-03 
 7.42242667e+00  6.57573330e-03 
 7.43204591e+00  6.57954089e-03 
 7.44166515e+00  6.58334847e-03 
 7.45128439e+00  6.58715606e-03 
 7.46090363e+00  6.59096365e-03 
 7.47052288e+00  6.59477124e-03 
 7.48014212e+00  6.59857883e-03 
 7.48976136e+00  6.60238642e-03 
 7.49938060e+00  6.60619401e-03 
 7.50899984e+00  6.61000160e-03 
 7.51861908e+00  6.61380919e-03 
 7.52823832e+00  6.61761678e-03 
 7.53785756e+00  6.62142437e-03 
 7.54747680e+00  6.62523196e-03 
 7.55709604e+00  6.62903955e-03 
 7.56671529e+00  6.63284714e-03 
 7.57633453e+00  6.63665473e-03 
 7.58595377e+00  6.64046232e-03 
 7.59557301e+00  6.64426991e-03 
 7.60519225e+00  6.64807750e-03 
 7.61481149e+00  6.65188509e-03 
 7.62443073e+00  6.65569268e-03 
 7.63404997e+00  6.65950027e-03 
 7.64366921e+00  6.66330786e-03 
 7.65328846e+00  6.66711545e-03 
 7.66290770e+00  6.67092304e-03 
 7.67252694e+00  6.67473063e-03 
 7.68214618e+00  6.67853821e-03 
 7.69176542e+00  6.68234580e-03 
 7.70138466e+00  6.68615339e-03 
 7.71100390e+00  6.68996098e-03 
 7.72062314e+00  6.69376857e-03 
 7.73024238e+00  6.69757616e-03 
 7.73986162e+00  6.70138375e-03 
 7.74948087e+00  6.70519134e-03 
 7.75910011e+00  6.70899893e-03 
 7.76871935e+00  6.71280652e-03 
 7.77833859e+00  6.71661411e-03 
 7.78795783e+00  6.72042170e-03 
 7.79757707e+00  6.72422929e-03 
 7.80719631e+00  6.72803688e-03 
 7.81681555e+00  6.73184447e-03 
 7.82643479e+00  6.73565206e-03 
 7.83605404e+00  6.73945965e-03 
 7.84567328e+00  6.74326724e-03 
 7.85529252e+00  6.74707483e-03 
 7.86491176e+00  6.75088242e-03 
 7.87453100e+00  6.75469001e-03 
 7.88415024e+00  6.75849760e-03 
 7.89376948e+00  6.76230519e-03 
 7.90338872e+00  6.76611278e-03 
 7.91300796e+00  6.76992037e-03 
 7.92262720e+00  6.77372795e-03 
 7.93224645e+00  6.77753554e-03 
 7.94186569e+00  6.78134313e-03 
 7.95148493e+00  6.78515072e-03 
 7.96110417e+00  6.78895831e-03 
 7.97072341e+00  6.79276590e-03 
 7.98034265e+00  6.79657349e-03 
 7.98996189e+00  6.80038108e-03 
 7.99958113e+00  6.80418867e-03 
 8.00920037e+00  6.80799626e-03 
 8.01881961e+00  6.81180385e-03 
 8.02843886e+00  6.81561144e-03 
 8.03805810e+00  6.81941903e-03 
 8.04767734e+00  6.82322662e-03 
 8.05729658e+00  6.82703421e-03 
 8.06691582e+00  6.83084180e-03 
 8.07653506e+00  6.83464939e-03 
 8.08615430e+00  6.83845698e-03 
 8.09577354e+00  6.84226457e-03 
 8.10539278e+00  6.84607216e-03 
 8.11501203e+00  6.84987975e-03 
 8.12463127e+00  6.85368734e-03 
 8.13425051e+00  6.85749493e-03 
 8.14386975e+00  6.86130252e-03 
 8.15348899e+00  6.86511011e-03 
 8.16310823e+00  6.86891769e-03 
 8.17272747e+00  6.87272528e-03 
 8.18234671e+00  6.87653287e-03 
 8.19196595e+00  6.88034046e-03 
 8.20158519e+00  6.88414805e-03 
 8.21120444e+00  6.88795564e-03 
 8.22082368e+00  6.89176323e-03 
 8.23044292e+00  6.89557082e-03 
 8.24006216e+00  6.89937841e-03 
 8.24968140e+00  6.90318600e-03 
 8.25930064e+00  6.90699359e-03 
 8.26891988e+00  6.91080118e-03 
 8.27853912e+00  6.91460877e-03 
 8.28815836e+00  6.91841636e-03 
 8.29777761e+00  6.92222395e-03 
 8.30739685e+00  6.92603154e-03 
 8.31701609e+00  6.92983913e-03 
 8.32663533e+00  6.93364672e-03 
 8.33625457e+00  6.93745431e-03 
 8.34587381e+00  6.94126190e-03 
 8.35549305e+00  6.94506949e-03 
 8.36511229e+00  6.94887708e-03 
 8.37473153e+00  6.95268467e-03 
 8.38435077e+00  6.95649226e-03 
 8.39397002e+00  6.96029985e-03 
 8.40358926e+00  6.96410743e-03 
 8.41320850e+00  6.96791502e-03 
 8.42282774e+00  6.97172261e-03 
 8.43244698e+00  6.97553020e-03 
 8.44206622e+00  6.97933779e-03 
 8.45168546e+00  6.98314538e-03 
 8.46130470e+00  6.98695297e-03 
 8.47092394e+00  6.99076056e-03 
 8.48054318e+00  6.99456815e-03 
 8.49016243e+00  6.99837574e-03 
 8.49978167e+00  7.00218333e-03 
 8.50940091e+00  7.00599092e-03 
 8.51902015e+00  7.00979851e-03 
 8.52863939e+00  7.01360610e-03 
 8.53825863e+00  7.01741369e-03 
 8.54787787e+00  7.02122128e-03 
 8.55749711e+00  7.02502887e-03 
 8.56711635e+00  7.02883646e-03 
 8.57673560e+00  7.03264405e-03 
 8.58635484e+00  7.03645164e-03 
 8.59597408e+00  7.04025923e-03 
 8.60559332e+00  7.04406682e-03 
 8.61521256e+00  7.04787441e-03 
 8.62483180e+00  7.05168200e-03 
 8.63445104e+00  7.05548959e-03 
 8.64407028e+00  7.05929718e-03 
 8.65368952e+00  7.06310476e-03 
 8.66330876e+00  7.06691235e-03 
 8.67292801e+00  7.07071994e-03 
 8.68254725e+00  7.07452753e-03 
 8.69216649e+00  7.07833512e-03 
 8.70178573e+00  7.08214271e-03 
 8.71140497e+00  7.08595030e-03 
 8.72102421e+00  7.08975789e-03 
 8.73064345e+00  7.09356548e-03 
 8.74026269e+00  7.09737307e-03 
 8.74988193e+00  7.10118066e-03 
 8.75950117e+00  7.10498825e-03 
 8.76912042e+00  7.10879584e-03 
 8.77873966e+00  7.11260343e-03 
 8.78835890e+00  7.11641102e-03 
 8.79797814e+00  7.12021861e-03 
 8.80759738e+00  7.12402620e-03 
 8.81721662e+00  7.12783379e-03 
 8.82683586e+00  7.13164138e-03 
 8.83645510e+00  7.13544897e-03 
 8.84607434e+00  7.13925656e-03 
 8.85569359e+00  7.14306415e-03 
 8.86531283e+00  7.14687174e-03 
 8.87493207e+00  7.15067933e-03 
 8.88455131e+00  7.15448692e-03 
 8.89417055e+00  7.15829450e-03 
 8.90378979e+00  7.16210209e-03 
 8.91340903e+00  7.16590968e-03 
 8.92302827e+00  7.16971727e-03 
 8.93264751e+00  7.17352486e-03 
 8.94226675e+00  7.17733245e-03 
 8.95188600e+00  7.18114004e-03 
 8.96150524e+00  7.18494763e-03 
 8.97112448e+00  7.18875522e-03 
 8.98074372e+00  7.19256281e-03 
 8.99036296e+00  7.19637040e-03 
 8.99998220e+00  7.20017799e-03 
 9.00960144e+00  7.20398558e-03 
 9.01922068e+00  7.20779317e-03 
 9.02883992e+00  7.21160076e-03 
 9.03845917e+00  7.21540835e-03 
 9.04807841e+00  7.21921594e-03 
 9.05769765e+00  7.22302353e-03 
 9.06731689e+00  7.22683112e-03 
 9.07693613e+00  7.23063871e-03 
 9.08655537e+00  7.23444630e-03 
 9.09617461e+00  7.23825389e-03 
 9.10579385e+00  7.24206148e-03 
 9.11541309e+00  7.24586907e-03 
 9.12503233e+00  7.24967666e-03 
 9.13465158e+00  7.25348425e-03 
 9.14427082e+00  7.25729183e-03 
 9.15389006e+00  7.26109942e-03 
 9.16350930e+00  7.26490701e-03 
 9.17312854e+00  7.26871460e-03 
 9.18274778e+00  7.27252219e-03 
 9.19236702e+00  7.27632978e-03 
 9.20198626e+00  7.28013737e-03 
 9.21160550e+00  7.28394496e-03 
 9.22122474e+00  7.28775255e-03 
 9.23084399e+00  7.29156014e-03 
 9.24046323e+00  7.29536773e-03 
 9.25008247e+00  7.29917532e-03 
 9.25970171e+00  7.30298291e-03 
 9.26932095e+00  7.30679050e-03 
 9.27894019e+00  7.31059809e-03 
 9.28855943e+00  7.31440568e-03 
 9.29817867e+00  7.31821327e-03 
 9.30779791e+00  7.32202086e-03 
 9.31741716e+00  7.32582845e-03 
 9.32703640e+00  7.32963604e-03 
 9.33665564e+00  7.33344363e-03 
 9.34627488e+00  7.33725122e-03 
 9.35589412e+00  7.34105881e-03 
 9.36551336e+00  7.34486640e-03 
 9.37513260e+00  7.34867399e-03 
 9.38475184e+00  7.35248158e-03 
 9.39437108e+00  7.35628916e-03 
 9.40399032e+00  7.36009675e-03 
 9.41360957e+00  7.36390434e-03 
 9.42322881e+00  7.36771193e-03 
 9.43284805e+00  7.37151952e-03 
 9.44246729e+00  7.37532711e-03 
 9.45208653e+00  7.37913470e-03 
 9.46170577e+00  7.38294229e-03 
 9.47132501e+00  7.38674988e-03 
 9.48094425e+00  7.39055747e-03 
 9.49056349e+00  7.39436506e-03 
 9.50018273e+00  7.39817265e-03 
 9.50980198e+00  7.40198024e-03 
 9.51942122e+00  7.40578783e-03 
 9.52904046e+00  7.40959542e-03 
 9.53865970e+00  7.41340301e-03 
 9.54827894e+00  7.41721060e-03 
 9.55789818e+00  7.42101819e-03 
 9.56751742e+00  7.42482578e-03 
 9.57713666e+00  7.42863337e-03 
 9.58675590e+00  7.43244096e-03 
 9.59637515e+00  7.43624855e-03 
 9.60599439e+00  7.44005614e-03 
 9.61561363e+00  7.44386373e-03 
 9.62523287e+00  7.44767132e-03 
 9.63485211e+00  7.45147891e-03 
 9.64447135e+00  7.45528649e-03 
 9.65409059e+00  7.45909408e-03 
 9.66370983e+00  7.46290167e-03 
 9.67332907e+00  7.46670926e-03 
 9.68294831e+00  7.47051685e-03 
 9.69256756e+00  7.47432444e-03 
 9.70218680e+00  7.47813203e-03 
 9.71180604e+00  7.48193962e-03 
 9.72142528e+00  7.48574721e-03 
 9.73104452e+00  7.48955480e-03 
 9.74066376e+00  7.49336239e-03 
 9.75028300e+00  7.49716998e-03 
 9.75990224e+00  7.50097757e-03 
 9.76952148e+00  7.50478516e-03 
 9.77914073e+00  7.50859275e-03 
 9.78875997e+00  7.51240034e-03 
 9.79837921e+00  7.51620793e-03 
 9.80799845e+00  7.52001552e-03 
 9.81761769e+00  7.52382311e-03 
 9.82723693e+00  7.52763070e-03 
 9.83685617e+00  7.53143829e-03 
 9.84647541e+00  7.53524588e-03 
 9.85609465e+00  7.53905347e-03 
 9.86571389e+00  7.54286106e-03 
 9.87533314e+00  7.54666865e-03 
 9.88495238e+00  7.55047624e-03 
 9.89457162e+00  7.55428382e-03 
 9.90419086e+00  7.55809141e-03 
 9.91381010e+00  7.56189900e-03 
 9.92342934e+00  7.56570659e-03 
 9.93304858e+00  7.56951418e-03 
 9.94266782e+00  7.57332177e-03 
 9.95228706e+00  7.57712936e-03 
 9.96190630e+00  7.58093695e-03 
 9.97152555e+00  7.58474454e-03 
 9.98114479e+00  7.58855213e-03 
 9.99076403e+00  7.59235972e-03 
 1.00003833e+01  7.59616731e-03 
 1.00100025e+01  7.59997490e-03 
 1.00196218e+01  7.60378249e-03 
 1.00292410e+01  7.60759008e-03 
 1.00388602e+01  7.61139767e-03 
 1.00484795e+01  7.61520526e-03 
 1.00580987e+01  7.61901285e-03 
 1.00677180e+01  7.62282044e-03 
 1.00773372e+01  7.62662803e-03 
 1.00869564e+01  7.63043562e-03 
 1.00965757e+01  7.63424321e-03 
 1.01061949e+01  7.63805080e-03 
 1.01158142e+01  7.64185839e-03 
 1.01254334e+01  7.64566598e-03 
 1.01350526e+01  7.64947357e-03 
 1.01446719e+01  7.65328116e-03 
 1.01542911e+01  7.65708874e-03 
 1.01639104e+01  7.66089633e-03 
 1.01735296e+01  7.66470392e-03 
 1.01831488e+01  7.66851151e-03 
 1.01927681e+01  7.67231910e-03 
 1.02023873e+01  7.67612669e-03 
 1.02120066e+01  7.67993428e-03 
 1.02216258e+01  7.68374187e-03 
 1.02312451e+01  7.68754946e-03 
 1.02408643e+01  7.69135705e-03 
 1.02504835e+01  7.69516464e-03 
 1.02601028e+01  7.69897223e-03 
 1.02697220e+01  7.70277982e-03 
 1.02793413e+01  7.70658741e-03 
 1.02889605e+01  7.71039500e-03 
 1.02985797e+01  7.71420259e-03 
 1.03081990e+01  7.71801018e-03 
 1.03178182e+01  7.72181777e-03 
 1.03274375e+01  7.72562536e-03 
 1.03370567e+01  7.72943295e-03 
 1.03466759e+01  7.73324054e-03 
 1.03562952e+01  7.73704813e-03 
 1.03659144e+01  7.74085572e-03 
 1.03755337e+01  7.74466331e-03 
 1.03851529e+01  7.74847090e-03 
 1.03947722e+01  7.75227849e-03 
 1.04043914e+01  7.75608607e-03 
 1.04140106e+01  7.75989366e-03 
 1.04236299e+01  7.76370125e-03 
 1.04332491e+01  7.76750884e-03 
 1.04428684e+01  7.77131643e-03 
 1.04524876e+01  7.77512402e-03 
 1.04621068e+01  7.77893161e-03 
 1.04717261e+01  7.78273920e-03 
 1.04813453e+01  7.78654679e-03 
 1.04909646e+01  7.79035438e-03 
 1.05005838e+01  7.79416197e-03 
 1.05102030e+01  7.79796956e-03 
 1.05198223e+01  7.80177715e-03 
 1.05294415e+01  7.80558474e-03 
 1.05390608e+01  7.80939233e-03 
 1.05486800e+01  7.81319992e-03 
 1.05582992e+01  7.81700751e-03 
 1.05679185e+01  7.82081510e-03 
 1.05775377e+01  7.82462269e-03 
 1.05871570e+01  7.82843028e-03 
 1.05967762e+01  7.83223787e-03 
 1.06063955e+01  7.83604546e-03 
 1.06160147e+01  7.83985305e-03 
 1.06256339e+01  7.84366064e-03 
 1.06352532e+01  7.84746823e-03 
 1.06448724e+01  7.85127582e-03 
 1.06544917e+01  7.85508341e-03 
 1.06641109e+01  7.85889099e-03 
 1.06737301e+01  7.86269858e-03 
 1.06833494e+01  7.86650617e-03 
 1.06929686e+01  7.87031376e-03 
 1.07025879e+01  7.87412135e-03 
 1.07122071e+01  7.87792894e-03 
 1.07218263e+01  7.88173653e-03 
 1.07314456e+01  7.88554412e-03 
 1.07410648e+01  7.88935171e-03 
 1.07506841e+01  7.89315930e-03 
 1.07603033e+01  7.89696689e-03 
 1.07699226e+01  7.90077448e-03 
 1.07795418e+01  7.90458207e-03 
 1.07891610e+01  7.90838966e-03 
 1.07987803e+01  7.91219725e-03 
 1.08083995e+01  7.91600484e-03 
 1.08180188e+01  7.91981243e-03 
 1.08276380e+01  7.92362002e-03 
 1.08372572e+01  7.92742761e-03 
 1.08468765e+01  7.93123520e-03 
 1.08564957e+01  7.93504279e-03 
 1.08661150e+01  7.93885038e-03 
 1.08757342e+01  7.94265797e-03 
 1.08853534e+01  7.94646556e-03 
 1.08949727e+01  7.95027315e-03 
 1.09045919e+01  7.95408074e-03 
 1.09142112e+01  7.95788833e-03 
 1.09238304e+01  7.96169591e-03 
 1.09334496e+01  7.96550350e-03 
 1.09430689e+01  7.96931109e-03 
 1.09526881e+01  7.97311868e-03 
 1.09623074e+01  7.97692627e-03 
 1.09719266e+01  7.98073386e-03 
 1.09815459e+01  7.98454145e-03 
 1.09911651e+01  7.98834904e-03 
 1.10007843e+01  7.99215663e-03 
 1.10104036e+01  7.99596422e-03 
 1.10200228e+01  7.99977181e-03 
 1.10296421e+01  8.00357940e-03 
 1.10392613e+01  8.00738699e-03 
 1.10488805e+01  8.01119458e-03 
 1.10584998e+01  8.01500217e-03 
 1.10681190e+01  8.01880976e-03 
 1.10777383e+01  8.02261735e-03 
 1.10873575e+01  8.02642494e-03 
 1.10969767e+01  8.03023253e-03 
 1.11065960e+01  8.03404012e-03 
 1.11162152e+01  8.03784771e-03 
 1.11258345e+01  8.04165530e-03 
 1.11354537e+01  8.04546289e-03 
 1.11450730e+01  8.04927048e-03 
 1.11546922e+01  8.05307807e-03 
 1.11643114e+01  8.05688566e-03 
 1.11739307e+01  8.06069325e-03 
 1.11835499e+01  8.06450083e-03 
 1.11931692e+01  8.06830842e-03 
 1.12027884e+01  8.07211601e-03 
 1.12124076e+01  8.07592360e-03 
 1.12220269e+01  8.07973119e-03 
 1.12316461e+01  8.08353878e-03 
 1.12412654e+01  8.08734637e-03 
 1.12508846e+01  8.09115396e-03 
 1.12605038e+01  8.09496155e-03 
 1.12701231e+01  8.09876914e-03 
 1.12797423e+01  8.10257673e-03 
 1.12893616e+01  8.10638432e-03 
 1.12989808e+01  8.11019191e-03 
 1.13086000e+01  8.11399950e-03 
 1.13182193e+01  8.11780709e-03 
 1.13278385e+01  8.12161468e-03 
 1.13374578e+01  8.12542227e-03 
 1.13470770e+01  8.12922986e-03 
 1.13566963e+01  8.13303745e-03 
 1.13663155e+01  8.13684504e-03 
 1.13759347e+01  8.14065263e-03 
 1.13855540e+01  8.14446022e-03 
 1.13951732e+01  8.14826781e-03 
 1.14047925e+01  8.15207540e-03 
 1.14144117e+01  8.15588299e-03 
 1.14240309e+01  8.15969058e-03 
 1.14336502e+01  8.16349817e-03 
 1.14432694e+01  8.16730575e-03 
 1.14528887e+01  8.17111334e-03 
 1.14625079e+01  8.17492093e-03 
 1.14721271e+01  8.17872852e-03 
 1.14817464e+01  8.18253611e-03 
 1.14913656e+01  8.18634370e-03 
 1.15009849e+01  8.19015129e-03 
 1.15106041e+01  8.19395888e-03 
 1.15202234e+01  8.19776647e-03 
 1.15298426e+01  8.20157406e-03 
 1.15394618e+01  8.20538165e-03 
 1.15490811e+01  8.20918924e-03 
 1.15587003e+01  8.21299683e-03 
 1.15683196e+01  8.21680442e-03 
 1.15779388e+01  8.22061201e-03 
 1.15875580e+01  8.22441960e-03 
 1.15971773e+01  8.22822719e-03 
 1.16067965e+01  8.23203478e-03 
 1.16164158e+01  8.23584237e-03 
 1.16260350e+01  8.23964996e-03 
 1.16356542e+01  8.24345755e-03 
 1.16452735e+01  8.24726514e-03 
 1.16548927e+01  8.25107273e-03 
 1.16645120e+01  8.25488032e-03 
 1.16741312e+01  8.25868791e-03 
 1.16837505e+01  8.26249550e-03 
 1.16933697e+01  8.26630309e-03 
 1.17029889e+01  8.27011068e-03 
 1.17126082e+01  8.27391826e-03 
 1.17222274e+01  8.27772585e-03 
 1.17318467e+01  8.28153344e-03 
 1.17414659e+01  8.28534103e-03 
 1.17510851e+01  8.28914862e-03 
 1.17607044e+01  8.29295621e-03 
 1.17703236e+01  8.29676380e-03 
 1.17799429e+01  8.30057139e-03 
 1.17895621e+01  8.30437898e-03 
 1.17991813e+01  8.30818657e-03 
 1.18088006e+01  8.31199416e-03 
 1.18184198e+01  8.31580175e-03 
 1.18280391e+01  8.31960934e-03 
 1.18376583e+01  8.32341693e-03 
 1.18472775e+01  8.32722452e-03 
 1.18568968e+01  8.33103211e-03 
 1.18665160e+01  8.33483970e-03 
 1.18761353e+01  8.33864729e-03 
 1.18857545e+01  8.34245488e-03 
 1.18953738e+01  8.34626247e-03 
 1.19049930e+01  8.35007006e-03 
 1.19146122e+01  8.35387765e-03 
 1.19242315e+01  8.35768524e-03 
 1.19338507e+01  8.36149283e-03 
 1.19434700e+01  8.36530042e-03 
 1.19530892e+01  8.36910801e-03 
 1.19627084e+01  8.37291560e-03 
 1.19723277e+01  8.37672318e-03 
 1.19819469e+01  8.38053077e-03 
 1.19915662e+01  8.38433836e-03 
 1.20011854e+01  8.38814595e-03 
 1.20108046e+01  8.39195354e-03 
 1.20204239e+01  8.39576113e-03 
 1.20300431e+01  8.39956872e-03 
 1.20396624e+01  8.40337631e-03 
 1.20492816e+01  8.40718390e-03 
 1.20589009e+01  8.41099149e-03 
 1.20685201e+01  8.41479908e-03 
 1.20781393e+01  8.41860667e-03 
 1.20877586e+01  8.42241426e-03 
 1.20973778e+01  8.42622185e-03 
 1.21069971e+01  8.43002944e-03 
 1.21166163e+01  8.43383703e-03 
 1.21262355e+01  8.43764462e-03 
 1.21358548e+01  8.44145221e-03 
 1.21454740e+01  8.44525980e-03 
 1.21550933e+01  8.44906739e-03 
 1.21647125e+01  8.45287498e-03 
 1.21743317e+01  8.45668257e-03 
 1.21839510e+01  8.46049016e-03 
 1.21935702e+01  8.46429775e-03 
 1.22031895e+01  8.46810534e-03 
 1.22128087e+01  8.47191293e-03 
 1.22224279e+01  8.47572052e-03 
 1.22320472e+01  8.47952811e-03 
 1.22416664e+01  8.48333569e-03 
 1.22512857e+01  8.48714328e-03 
 1.22609049e+01  8.49095087e-03 
 1.22705242e+01  8.49475846e-03 
 1.22801434e+01  8.49856605e-03 
 1.22897626e+01  8.50237364e-03 
 1.22993819e+01  8.50618123e-03 
 1.23090011e+01  8.50998882e-03 
 1.23186204e+01  8.51379641e-03 
 1.23282396e+01  8.51760400e-03 
 1.23378588e+01  8.52141159e-03 
 1.23474781e+01  8.52521918e-03 
 1.23570973e+01  8.52902677e-03 
 1.23667166e+01  8.53283436e-03 
 1.23763358e+01  8.53664195e-03 
 1.23859550e+01  8.54044954e-03 
 1.23955743e+01  8.54425713e-03 
 1.24051935e+01  8.54806472e-03 
 1.24148128e+01  8.55187231e-03 
 1.24244320e+01  8.55567990e-03 
 1.24340513e+01  8.55948749e-03 
 1.24436705e+01  8.56329508e-03 
 1.24532897e+01  8.56710267e-03 
 1.24629090e+01  8.57091026e-03 
 1.24725282e+01  8.57471785e-03 
 1.24821475e+01  8.57852544e-03 
 1.24917667e+01  8.58233303e-03 
 1.25013859e+01  8.58614062e-03 
 1.25110052e+01  8.58994820e-03 
 1.25206244e+01  8.59375579e-03 
 1.25302437e+01  8.59756338e-03 
 1.25398629e+01  8.60137097e-03 
 1.25494821e+01  8.60517856e-03 
 1.25591014e+01  8.60898615e-03 
 1.25687206e+01  8.61279374e-03 
 1.25783399e+01  8.61660133e-03 
 1.25879591e+01  8.62040892e-03 
 1.25975783e+01  8.62421651e-03 
 1.26071976e+01  8.62802410e-03 
 1.26168168e+01  8.63183169e-03 
 1.26264361e+01  8.63563928e-03 
 1.26360553e+01  8.63944687e-03 
 1.26456746e+01  8.64325446e-03 
 1.26552938e+01  8.64706205e-03 
 1.26649130e+01  8.65086964e-03 
 1.26745323e+01  8.65467723e-03 
 1.26841515e+01  8.65848482e-03 
 1.26937708e+01  8.66229241e-03 
 1.27033900e+01  8.66610000e-03 
 1.27130092e+01  8.66990759e-03 
 1.27226285e+01  8.67371518e-03 
 1.27322477e+01  8.67752277e-03 
 1.27418670e+01  8.68133036e-03 
 1.27514862e+01  8.68513795e-03 
 1.27611054e+01  8.68894554e-03 
 1.27707247e+01  8.69275313e-03 
 1.27803439e+01  8.69656072e-03 
 1.27899632e+01  8.70036830e-03 
 1.27995824e+01  8.70417589e-03 
 1.28092017e+01  8.70798348e-03 
 1.28188209e+01  8.71179107e-03 
 1.28284401e+01  8.71559866e-03 
 1.28380594e+01  8.71940625e-03 
 1.28476786e+01  8.72321384e-03 
 1.28572979e+01  8.72702143e-03 
 1.28669171e+01  8.73082902e-03 
 1.28765363e+01  8.73463661e-03 
 1.28861556e+01  8.73844420e-03 
 1.28957748e+01  8.74225179e-03 
 1.29053941e+01  8.74605938e-03 
 1.29150133e+01  8.74986697e-03 
 1.29246325e+01  8.75367456e-03 
 1.29342518e+01  8.75748215e-03 
 1.29438710e+01  8.76128974e-03 
 1.29534903e+01  8.76509733e-03 
 1.29631095e+01  8.76890492e-03 
 1.29727287e+01  8.77271251e-03 
 1.29823480e+01  8.77652010e-03 
 1.29919672e+01  8.78032769e-03 
 1.30015865e+01  8.78413528e-03 
 1.30112057e+01  8.78794287e-03 
 1.30208250e+01  8.79175046e-03 
 1.30304442e+01  8.79555805e-03 
 1.30400634e+01  8.79936564e-03 
 1.30496827e+01  8.80317323e-03 
 1.30593019e+01  8.80698081e-03 
 1.30689212e+01  8.81078840e-03 
 1.30785404e+01  8.81459599e-03 
 1.30881596e+01  8.81840358e-03 
 1.30977789e+01  8.82221117e-03 
 1.31073981e+01  8.82601876e-03 
 1.31170174e+01  8.82982635e-03 
 1.31266366e+01  8.83363394e-03 
 1.31362558e+01  8.83744153e-03 
 1.31458751e+01  8.84124912e-03 
 1.31554943e+01  8.84505671e-03 
 1.31651136e+01  8.84886430e-03 
 1.31747328e+01  8.85267189e-03 
 1.31843521e+01  8.85647948e-03 
 1.31939713e+01  8.86028707e-03 
 1.32035905e+01  8.86409466e-03 
 1.32132098e+01  8.86790225e-03 
 1.32228290e+01  8.87170984e-03 
 1.32324483e+01  8.87551743e-03 
 1.32420675e+01  8.87932502e-03 
 1.32516867e+01  8.88313261e-03 
 1.32613060e+01  8.88694020e-03 
 1.32709252e+01  8.89074779e-03 
 1.32805445e+01  8.89455538e-03 
 1.32901637e+01  8.89836297e-03 
 1.32997829e+01  8.90217056e-03 
 1.33094022e+01  8.90597815e-03 
 1.33190214e+01  8.90978574e-03 
 1.33286407e+01  8.91359333e-03 
 1.33382599e+01  8.91740091e-03 
 1.33478791e+01  8.92120850e-03 
 1.33574984e+01  8.92501609e-03 
 1.33671176e+01  8.92882368e-03 
 1.33767369e+01  8.93263127e-03 
 1.33863561e+01  8.93643886e-03 
 1.33959754e+01  8.94024645e-03 
 1.34055946e+01  8.94405404e-03 
 1.34152138e+01  8.94786163e-03 
 1.34248331e+01  8.95166922e-03 
 1.34344523e+01  8.95547681e-03 
 1.34440716e+01  8.95928440e-03 
 1.34536908e+01  8.96309199e-03 
 1.34633100e+01  8.96689958e-03 
 1.34729293e+01  8.97070717e-03 
 1.34825485e+01  8.97451476e-03 
 1.34921678e+01  8.97832235e-03 
 1.35017870e+01  8.98212994e-03 
 1.35114062e+01  8.98593753e-03 
 1.35210255e+01  8.98974512e-03 
 1.35306447e+01  8.99355271e-03 
 1.35402640e+01  8.99736030e-03 
 1.35498832e+01  9.00116789e-03 
 1.35595025e+01  9.00497548e-03 
 1.35691217e+01  9.00878307e-03 
 1.35787409e+01  9.01259066e-03 
 1.35883602e+01  9.01639825e-03 
 1.35979794e+01  9.02020584e-03 
 1.36075987e+01  9.02401343e-03 
 1.36172179e+01  9.02782101e-03 
 1.36268371e+01  9.03162860e-03 
 1.36364564e+01  9.03543619e-03 
 1.36460756e+01  9.03924378e-03 
 1.36556949e+01  9.04305137e-03 
 1.36653141e+01  9.04685896e-03 
 1.36749333e+01  9.05066655e-03 
 1.36845526e+01  9.05447414e-03 
 1.36941718e+01  9.05828173e-03 
 1.37037911e+01  9.06208932e-03 
 1.37134103e+01  9.06589691e-03 
 1.37230295e+01  9.06970450e-03 
 1.37326488e+01  9.07351209e-03 
 1.37422680e+01  9.07731968e-03 
 1.37518873e+01  9.08112727e-03 
 1.37615065e+01  9.08493486e-03 
 1.37711258e+01  9.08874245e-03 
 1.37807450e+01  9.09255004e-03 
 1.37903642e+01  9.09635763e-03 
 1.37999835e+01  9.10016522e-03 
 1.38096027e+01  9.10397281e-03 
 1.38192220e+01  9.10778040e-03 
 1.38288412e+01  9.11158799e-03 
 1.38384604e+01  9.11539558e-03 
 1.38480797e+01  9.11920317e-03 
 1.38576989e+01  9.12301076e-03 
 1.38673182e+01  9.12681835e-03 
 1.38769374e+01  9.13062594e-03 
 1.38865566e+01  9.13443353e-03 
 1.38961759e+01  9.13824111e-03 
 1.39057951e+01  9.14204870e-03 
 1.39154144e+01  9.14585629e-03 
 1.39250336e+01  9.14966388e-03 
 1.39346529e+01  9.15347147e-03 
 1.39442721e+01  9.15727906e-03 
 1.39538913e+01  9.16108665e-03 
 1.39635106e+01  9.16489424e-03 
 1.39731298e+01  9.16870183e-03 
 1.39827491e+01  9.17250942e-03 
 1.39923683e+01  9.17631701e-03 
 1.40019875e+01  9.18012460e-03 
 1.40116068e+01  9.18393219e-03 
 1.40212260e+01  9.18773978e-03 
 1.40308453e+01  9.19154737e-03 
 1.40404645e+01  9.19535496e-03 
 1.40500837e+01  9.19916255e-03 
 1.40597030e+01  9.20297014e-03 
 1.40693222e+01  9.20677773e-03 
 1.40789415e+01  9.21058532e-03 
