 1.91008786e-02 -1.91008786e-04 
 2.23165507e-02 -1.23165507e-04 
 2.55407359e-02 -5.54073594e-05 
 2.87672445e-02  1.23275546e-05 
 3.19983138e-02  8.00168617e-05 
 3.52340869e-02  1.47659131e-04 
 3.84747106e-02  2.15252894e-04 
 4.17203391e-02  2.82796609e-04 
 4.49711340e-02  3.50288660e-04 
 4.82272643e-02  4.17727357e-04 
 5.14889077e-02  4.85110923e-04 
 5.47562503e-02  5.52437497e-04 
 5.80294879e-02  6.19705121e-04 
 6.13088262e-02  6.86911738e-04 
 6.45944815e-02  7.54055185e-04 
 6.78866818e-02  8.21133182e-04 
 7.11856670e-02  8.88143330e-04 
 7.44916906e-02  9.55083094e-04 
 7.78050197e-02  1.02194980e-03 
 8.11259369e-02  1.08874063e-03 
 8.44547410e-02  1.15545259e-03 
 8.77917481e-02  1.22208252e-03 
 9.11372935e-02  1.28862706e-03 
 9.44917328e-02  1.35508267e-03 
 9.78554435e-02  1.42144556e-03 
 1.01228827e-01  1.48771173e-03 
 1.04612311e-01  1.55387689e-03 
 1.08006352e-01  1.61993648e-03 
 1.11411434e-01  1.68588566e-03 
 1.14828077e-01  1.75171923e-03 
 1.18256838e-01  1.81743162e-03 
 1.21698311e-01  1.88301689e-03 
 1.25153136e-01  1.94846864e-03 
 1.28621999e-01  2.01378001e-03 
 1.32105639e-01  2.07894361e-03 
 1.35604853e-01  2.14395147e-03 
 1.39120501e-01  2.20879499e-03 
 1.42653514e-01  2.27346486e-03 
 1.46204901e-01  2.33795099e-03 
 1.49775757e-01  2.40224243e-03 
 1.53367276e-01  2.46632724e-03 
 1.56980755e-01  2.53019245e-03 
 1.60617617e-01  2.59382383e-03 
 1.64279417e-01  2.65720583e-03 
 1.67967863e-01  2.72032137e-03 
 1.71684834e-01  2.78315166e-03 
 1.75432404e-01  2.84567596e-03 
 1.79212867e-01  2.90787133e-03 
 1.83028769e-01  2.96971231e-03 
 1.86882941e-01  3.03117059e-03 
 1.90778542e-01  3.09221458e-03 
 1.94719108e-01  3.15280892e-03 
 1.98708609e-01  3.21291391e-03 
 2.02751516e-01  3.27248484e-03 
 2.06852881e-01  3.33147119e-03 
 2.11018429e-01  3.38981571e-03 
 2.15254673e-01  3.44745327e-03 
 2.19569039e-01  3.50430961e-03 
 2.23970020e-01  3.56029980e-03 
 2.28467354e-01  3.61532646e-03 
 2.33072222e-01  3.66927778e-03 
 2.37797476e-01  3.72202524e-03 
 2.42657880e-01  3.77342120e-03 
 2.47670354e-01  3.82329646e-03 
 2.52854190e-01  3.87145810e-03 
 2.58231181e-01  3.91768819e-03 
 2.63825588e-01  3.96174412e-03 
 2.69663788e-01  4.00336212e-03 
 2.75773449e-01  4.04226551e-03 
 2.82182004e-01  4.07817996e-03 
 2.88914265e-01  4.11085735e-03 
 2.95989230e-01  4.14010770e-03 
 3.03416458e-01  4.16583542e-03 
 3.11192924e-01  4.18807076e-03 
 3.19301531e-01  4.20698469e-03 
 3.27712150e-01  4.22287850e-03 
 3.36385203e-01  4.23614797e-03 
 3.45276691e-01  4.24723309e-03 
 3.54343125e-01  4.25656875e-03 
 3.63545174e-01  4.26454826e-03 
 3.72849608e-01  4.27150392e-03 
 3.82229763e-01  4.27770237e-03 
 3.91665053e-01  4.28334947e-03 
 4.01140033e-01  4.28859967e-03 
 4.10643349e-01  4.29356651e-03 
 4.20166776e-01  4.29833224e-03 
 4.29704419e-01  4.30295581e-03 
 4.39252086e-01  4.30747914e-03 
 4.48806805e-01  4.31193195e-03 
 4.58366483e-01  4.31633517e-03 
 4.67929643e-01  4.32070357e-03 
 4.77495249e-01  4.32504751e-03 
 4.87062573e-01  4.32937427e-03 
 4.96631105e-01  4.33368895e-03 
 5.06200484e-01  4.33799516e-03 
 5.15770460e-01  4.34229540e-03 
 5.25340856e-01  4.34659144e-03 
 5.34911547e-01  4.35088453e-03 
 5.44482446e-01  4.35517554e-03 
 5.54053491e-01  4.35946509e-03 
 5.63624641e-01  4.36375359e-03 
 5.73195863e-01  4.36804137e-03 
 5.82767138e-01  4.37232862e-03 
 5.92338449e-01  4.37661551e-03 
 6.01909786e-01  4.38090214e-03 
 6.11481141e-01  4.38518859e-03 
 6.21052509e-01  4.38947491e-03 
 6.30623887e-01  4.39376113e-03 
 6.40195272e-01  4.39804728e-03 
 6.49766661e-01  4.40233339e-03 
 6.59338053e-01  4.40661947e-03 
 6.68909448e-01  4.41090552e-03 
 6.78480845e-01  4.41519155e-03 
 6.88052243e-01  4.41947757e-03 
 6.97623642e-01  4.42376358e-03 
 7.07195041e-01  4.42804959e-03 
 7.16766441e-01  4.43233559e-03 
 7.26337842e-01  4.43662158e-03 
 7.35909242e-01  4.44090758e-03 
 7.45480643e-01  4.44519357e-03 
 7.55052044e-01  4.44947956e-03 
 7.64623445e-01  4.45376555e-03 
 7.74194846e-01  4.45805154e-03 
 7.83766247e-01  4.46233753e-03 
 7.93337648e-01  4.46662352e-03 
 8.02909049e-01  4.47090951e-03 
 8.12480450e-01  4.47519550e-03 
 8.22051851e-01  4.47948149e-03 
 8.31623252e-01  4.48376748e-03 
 8.41194653e-01  4.48805347e-03 
 8.50766055e-01  4.49233945e-03 
 8.60337456e-01  4.49662544e-03 
 8.69908857e-01  4.50091143e-03 
 8.79480258e-01  4.50519742e-03 
 8.89051659e-01  4.50948341e-03 
 8.98623060e-01  4.51376940e-03 
 9.08194462e-01  4.51805538e-03 
 9.17765863e-01  4.52234137e-03 
 9.27337264e-01  4.52662736e-03 
 9.36908665e-01  4.53091335e-03 
 9.46480066e-01  4.53519934e-03 
 9.56051468e-01  4.53948532e-03 
 9.65622869e-01  4.54377131e-03 
 9.75194270e-01  4.54805730e-03 
 9.84765671e-01  4.55234329e-03 
 9.94337072e-01  4.55662928e-03 
 1.00390847e+00  4.56091527e-03 
 1.01347987e+00  4.56520125e-03 
 1.02305128e+00  4.56948724e-03 
 1.03262268e+00  4.57377323e-03 
 1.04219408e+00  4.57805922e-03 
 1.05176548e+00  4.58234521e-03 
 1.06133688e+00  4.58663119e-03 
 1.07090828e+00  4.59091718e-03 
 1.08047968e+00  4.59520317e-03 
 1.09005108e+00  4.59948916e-03 
 1.09962249e+00  4.60377515e-03 
 1.10919389e+00  4.60806113e-03 
 1.11876529e+00  4.61234712e-03 
 1.12833669e+00  4.61663311e-03 
 1.13790809e+00  4.62091910e-03 
 1.14747949e+00  4.62520509e-03 
 1.15705089e+00  4.62949108e-03 
 1.16662229e+00  4.63377706e-03 
 1.17619369e+00  4.63806305e-03 
 1.18576510e+00  4.64234904e-03 
 1.19533650e+00  4.64663503e-03 
 1.20490790e+00  4.65092102e-03 
 1.21447930e+00  4.65520700e-03 
 1.22405070e+00  4.65949299e-03 
 1.23362210e+00  4.66377898e-03 
 1.24319350e+00  4.66806497e-03 
 1.25276490e+00  4.67235096e-03 
 1.26233631e+00  4.67663695e-03 
 1.27190771e+00  4.68092293e-03 
 1.28147911e+00  4.68520892e-03 
 1.29105051e+00  4.68949491e-03 
 1.30062191e+00  4.69378090e-03 
 1.31019331e+00  4.69806689e-03 
 1.31976471e+00  4.70235287e-03 
 1.32933611e+00  4.70663886e-03 
 1.33890751e+00  4.71092485e-03 
 1.34847892e+00  4.71521084e-03 
 1.35805032e+00  4.71949683e-03 
 1.36762172e+00  4.72378281e-03 
 1.37719312e+00  4.72806880e-03 
 1.38676452e+00  4.73235479e-03 
 1.39633592e+00  4.73664078e-03 
 1.40590732e+00  4.74092677e-03 
 1.41547872e+00  4.74521276e-03 
 1.42505013e+00  4.74949874e-03 
 1.43462153e+00  4.75378473e-03 
 1.44419293e+00  4.75807072e-03 
 1.45376433e+00  4.76235671e-03 
 1.46333573e+00  4.76664270e-03 
 1.47290713e+00  4.77092868e-03 
 1.48247853e+00  4.77521467e-03 
 1.49204993e+00  4.77950066e-03 
 1.50162134e+00  4.78378665e-03 
 1.51119274e+00  4.78807264e-03 
 1.52076414e+00  4.79235863e-03 
 1.53033554e+00  4.79664461e-03 
 1.53990694e+00  4.80093060e-03 
 1.54947834e+00  4.80521659e-03 
 1.55904974e+00  4.80950258e-03 
 1.56862114e+00  4.81378857e-03 
 1.57819254e+00  4.81807455e-03 
 1.58776395e+00  4.82236054e-03 
 1.59733535e+00  4.82664653e-03 
 1.60690675e+00  4.83093252e-03 
 1.61647815e+00  4.83521851e-03 
 1.62604955e+00  4.83950449e-03 
 1.63562095e+00  4.84379048e-03 
 1.64519235e+00  4.84807647e-03 
 1.65476375e+00  4.85236246e-03 
 1.66433516e+00  4.85664845e-03 
 1.67390656e+00  4.86093444e-03 
 1.68347796e+00  4.86522042e-03 
 1.69304936e+00  4.86950641e-03 
 1.70262076e+00  4.87379240e-03 
 1.71219216e+00  4.87807839e-03 
 1.72176356e+00  4.88236438e-03 
 1.73133496e+00  4.88665036e-03 
 1.74090636e+00  4.89093635e-03 
 1.75047777e+00  4.89522234e-03 
 1.76004917e+00  4.89950833e-03 
 1.76962057e+00  4.90379432e-03 
 1.77919197e+00  4.90808031e-03 
 1.78876337e+00  4.91236629e-03 
 1.79833477e+00  4.91665228e-03 
 1.80790617e+00  4.92093827e-03 
 1.81747757e+00  4.92522426e-03 
 1.82704898e+00  4.92951025e-03 
 1.83662038e+00  4.93379623e-03 
 1.84619178e+00  4.93808222e-03 
 1.85576318e+00  4.94236821e-03 
 1.86533458e+00  4.94665420e-03 
 1.87490598e+00  4.95094019e-03 
 1.88447738e+00  4.95522617e-03 
 1.89404878e+00  4.95951216e-03 
 1.90362018e+00  4.96379815e-03 
 1.91319159e+00  4.96808414e-03 
 1.92276299e+00  4.97237013e-03 
 1.93233439e+00  4.97665612e-03 
 1.94190579e+00  4.98094210e-03 
 1.95147719e+00  4.98522809e-03 
 1.96104859e+00  4.98951408e-03 
 1.97061999e+00  4.99380007e-03 
 1.98019139e+00  4.99808606e-03 
 1.98976280e+00  5.00237204e-03 
 1.99933420e+00  5.00665803e-03 
 2.00890560e+00  5.01094402e-03 
 2.01847700e+00  5.01523001e-03 
 2.02804840e+00  5.01951600e-03 
 2.03761980e+00  5.02380199e-03 
 2.04719120e+00  5.02808797e-03 
 2.05676260e+00  5.03237396e-03 
 2.06633401e+00  5.03665995e-03 
 2.07590541e+00  5.04094594e-03 
 2.08547681e+00  5.04523193e-03 
 2.09504821e+00  5.04951791e-03 
 2.10461961e+00  5.05380390e-03 
 2.11419101e+00  5.05808989e-03 
 2.12376241e+00  5.06237588e-03 
 2.13333381e+00  5.06666187e-03 
 2.14290521e+00  5.07094786e-03 
 2.15247662e+00  5.07523384e-03 
 2.16204802e+00  5.07951983e-03 
 2.17161942e+00  5.08380582e-03 
 2.18119082e+00  5.08809181e-03 
 2.19076222e+00  5.09237780e-03 
 2.20033362e+00  5.09666378e-03 
 2.20990502e+00  5.10094977e-03 
 2.21947642e+00  5.10523576e-03 
 2.22904783e+00  5.10952175e-03 
 2.23861923e+00  5.11380774e-03 
 2.24819063e+00  5.11809372e-03 
 2.25776203e+00  5.12237971e-03 
 2.26733343e+00  5.12666570e-03 
 2.27690483e+00  5.13095169e-03 
 2.28647623e+00  5.13523768e-03 
 2.29604763e+00  5.13952367e-03 
 2.30561903e+00  5.14380965e-03 
 2.31519044e+00  5.14809564e-03 
 2.32476184e+00  5.15238163e-03 
 2.33433324e+00  5.15666762e-03 
 2.34390464e+00  5.16095361e-03 
 2.35347604e+00  5.16523959e-03 
 2.36304744e+00  5.16952558e-03 
 2.37261884e+00  5.17381157e-03 
 2.38219024e+00  5.17809756e-03 
 2.39176165e+00  5.18238355e-03 
 2.40133305e+00  5.18666954e-03 
 2.41090445e+00  5.19095552e-03 
 2.42047585e+00  5.19524151e-03 
 2.43004725e+00  5.19952750e-03 
 2.43961865e+00  5.20381349e-03 
 2.44919005e+00  5.20809948e-03 
 2.45876145e+00  5.21238546e-03 
 2.46833285e+00  5.21667145e-03 
 2.47790426e+00  5.22095744e-03 
 2.48747566e+00  5.22524343e-03 
 2.49704706e+00  5.22952942e-03 
 2.50661846e+00  5.23381541e-03 
 2.51618986e+00  5.23810139e-03 
 2.52576126e+00  5.24238738e-03 
 2.53533266e+00  5.24667337e-03 
 2.54490406e+00  5.25095936e-03 
 2.55447547e+00  5.25524535e-03 
 2.56404687e+00  5.25953133e-03 
 2.57361827e+00  5.26381732e-03 
 2.58318967e+00  5.26810331e-03 
 2.59276107e+00  5.27238930e-03 
 2.60233247e+00  5.27667529e-03 
 2.61190387e+00  5.28096127e-03 
 2.62147527e+00  5.28524726e-03 
 2.63104667e+00  5.28953325e-03 
 2.64061808e+00  5.29381924e-03 
 2.65018948e+00  5.29810523e-03 
 2.65976088e+00  5.30239122e-03 
 2.66933228e+00  5.30667720e-03 
 2.67890368e+00  5.31096319e-03 
 2.68847508e+00  5.31524918e-03 
 2.69804648e+00  5.31953517e-03 
 2.70761788e+00  5.32382116e-03 
 2.71718929e+00  5.32810714e-03 
 2.72676069e+00  5.33239313e-03 
 2.73633209e+00  5.33667912e-03 
 2.74590349e+00  5.34096511e-03 
 2.75547489e+00  5.34525110e-03 
 2.76504629e+00  5.34953709e-03 
 2.77461769e+00  5.35382307e-03 
 2.78418909e+00  5.35810906e-03 
 2.79376050e+00  5.36239505e-03 
 2.80333190e+00  5.36668104e-03 
 2.81290330e+00  5.37096703e-03 
 2.82247470e+00  5.37525301e-03 
 2.83204610e+00  5.37953900e-03 
 2.84161750e+00  5.38382499e-03 
 2.85118890e+00  5.38811098e-03 
 2.86076030e+00  5.39239697e-03 
 2.87033170e+00  5.39668296e-03 
 2.87990311e+00  5.40096894e-03 
 2.88947451e+00  5.40525493e-03 
 2.89904591e+00  5.40954092e-03 
 2.90861731e+00  5.41382691e-03 
 2.91818871e+00  5.41811290e-03 
 2.92776011e+00  5.42239888e-03 
 2.93733151e+00  5.42668487e-03 
 2.94690291e+00  5.43097086e-03 
 2.95647432e+00  5.43525685e-03 
 2.96604572e+00  5.43954284e-03 
 2.97561712e+00  5.44382882e-03 
 2.98518852e+00  5.44811481e-03 
 2.99475992e+00  5.45240080e-03 
 3.00433132e+00  5.45668679e-03 
 3.01390272e+00  5.46097278e-03 
 3.02347412e+00  5.46525877e-03 
 3.03304552e+00  5.46954475e-03 
 3.04261693e+00  5.47383074e-03 
 3.05218833e+00  5.47811673e-03 
 3.06175973e+00  5.48240272e-03 
 3.07133113e+00  5.48668871e-03 
 3.08090253e+00  5.49097469e-03 
 3.09047393e+00  5.49526068e-03 
 3.10004533e+00  5.49954667e-03 
 3.10961673e+00  5.50383266e-03 
 3.11918814e+00  5.50811865e-03 
 3.12875954e+00  5.51240464e-03 
 3.13833094e+00  5.51669062e-03 
 3.14790234e+00  5.52097661e-03 
 3.15747374e+00  5.52526260e-03 
 3.16704514e+00  5.52954859e-03 
 3.17661654e+00  5.53383458e-03 
 3.18618794e+00  5.53812056e-03 
 3.19575934e+00  5.54240655e-03 
 3.20533075e+00  5.54669254e-03 
 3.21490215e+00  5.55097853e-03 
 3.22447355e+00  5.55526452e-03 
 3.23404495e+00  5.55955051e-03 
 3.24361635e+00  5.56383649e-03 
 3.25318775e+00  5.56812248e-03 
 3.26275915e+00  5.57240847e-03 
 3.27233055e+00  5.57669446e-03 
 3.28190196e+00  5.58098045e-03 
 3.29147336e+00  5.58526643e-03 
 3.30104476e+00  5.58955242e-03 
 3.31061616e+00  5.59383841e-03 
 3.32018756e+00  5.59812440e-03 
 3.32975896e+00  5.60241039e-03 
 3.33933036e+00  5.60669638e-03 
 3.34890176e+00  5.61098236e-03 
 3.35847316e+00  5.61526835e-03 
 3.36804457e+00  5.61955434e-03 
 3.37761597e+00  5.62384033e-03 
 3.38718737e+00  5.62812632e-03 
 3.39675877e+00  5.63241230e-03 
 3.40633017e+00  5.63669829e-03 
 3.41590157e+00  5.64098428e-03 
 3.42547297e+00  5.64527027e-03 
 3.43504437e+00  5.64955626e-03 
 3.44461578e+00  5.65384225e-03 
 3.45418718e+00  5.65812823e-03 
 3.46375858e+00  5.66241422e-03 
 3.47332998e+00  5.66670021e-03 
 3.48290138e+00  5.67098620e-03 
 3.49247278e+00  5.67527219e-03 
 3.50204418e+00  5.67955817e-03 
 3.51161558e+00  5.68384416e-03 
 3.52118698e+00  5.68813015e-03 
 3.53075839e+00  5.69241614e-03 
 3.54032979e+00  5.69670213e-03 
 3.54990119e+00  5.70098811e-03 
 3.55947259e+00  5.70527410e-03 
 3.56904399e+00  5.70956009e-03 
 3.57861539e+00  5.71384608e-03 
 3.58818679e+00  5.71813207e-03 
 3.59775819e+00  5.72241806e-03 
 3.60732960e+00  5.72670404e-03 
 3.61690100e+00  5.73099003e-03 
 3.62647240e+00  5.73527602e-03 
 3.63604380e+00  5.73956201e-03 
 3.64561520e+00  5.74384800e-03 
 3.65518660e+00  5.74813398e-03 
 3.66475800e+00  5.75241997e-03 
 3.67432940e+00  5.75670596e-03 
 3.68390081e+00  5.76099195e-03 
 3.69347221e+00  5.76527794e-03 
 3.70304361e+00  5.76956393e-03 
 3.71261501e+00  5.77384991e-03 
 3.72218641e+00  5.77813590e-03 
 3.73175781e+00  5.78242189e-03 
 3.74132921e+00  5.78670788e-03 
 3.75090061e+00  5.79099387e-03 
 3.76047201e+00  5.79527985e-03 
 3.77004342e+00  5.79956584e-03 
 3.77961482e+00  5.80385183e-03 
 3.78918622e+00  5.80813782e-03 
 3.79875762e+00  5.81242381e-03 
 3.80832902e+00  5.81670980e-03 
 3.81790042e+00  5.82099578e-03 
 3.82747182e+00  5.82528177e-03 
 3.83704322e+00  5.82956776e-03 
 3.84661463e+00  5.83385375e-03 
 3.85618603e+00  5.83813974e-03 
 3.86575743e+00  5.84242572e-03 
 3.87532883e+00  5.84671171e-03 
 3.88490023e+00  5.85099770e-03 
 3.89447163e+00  5.85528369e-03 
 3.90404303e+00  5.85956968e-03 
 3.91361443e+00  5.86385567e-03 
 3.92318583e+00  5.86814165e-03 
 3.93275724e+00  5.87242764e-03 
 3.94232864e+00  5.87671363e-03 
 3.95190004e+00  5.88099962e-03 
 3.96147144e+00  5.88528561e-03 
 3.97104284e+00  5.88957159e-03 
 3.98061424e+00  5.89385758e-03 
 3.99018564e+00  5.89814357e-03 
 3.99975704e+00  5.90242956e-03 
 4.00932845e+00  5.90671555e-03 
 4.01889985e+00  5.91100154e-03 
 4.02847125e+00  5.91528752e-03 
 4.03804265e+00  5.91957351e-03 
 4.04761405e+00  5.92385950e-03 
 4.05718545e+00  5.92814549e-03 
 4.06675685e+00  5.93243148e-03 
 4.07632825e+00  5.93671746e-03 
 4.08589965e+00  5.94100345e-03 
 4.09547106e+00  5.94528944e-03 
 4.10504246e+00  5.94957543e-03 
 4.11461386e+00  5.95386142e-03 
 4.12418526e+00  5.95814741e-03 
 4.13375666e+00  5.96243339e-03 
 4.14332806e+00  5.96671938e-03 
 4.15289946e+00  5.97100537e-03 
 4.16247086e+00  5.97529136e-03 
 4.17204227e+00  5.97957735e-03 
 4.18161367e+00  5.98386333e-03 
 4.19118507e+00  5.98814932e-03 
 4.20075647e+00  5.99243531e-03 
 4.21032787e+00  5.99672130e-03 
 4.21989927e+00  6.00100729e-03 
 4.22947067e+00  6.00529328e-03 
 4.23904207e+00  6.00957926e-03 
 4.24861347e+00  6.01386525e-03 
 4.25818488e+00  6.01815124e-03 
 4.26775628e+00  6.02243723e-03 
 4.27732768e+00  6.02672322e-03 
 4.28689908e+00  6.03100920e-03 
 4.29647048e+00  6.03529519e-03 
 4.30604188e+00  6.03958118e-03 
 4.31561328e+00  6.04386717e-03 
 4.32518468e+00  6.04815316e-03 
 4.33475609e+00  6.05243915e-03 
 4.34432749e+00  6.05672513e-03 
 4.35389889e+00  6.06101112e-03 
 4.36347029e+00  6.06529711e-03 
 4.37304169e+00  6.06958310e-03 
 4.38261309e+00  6.07386909e-03 
 4.39218449e+00  6.07815507e-03 
 4.40175589e+00  6.08244106e-03 
 4.41132729e+00  6.08672705e-03 
 4.42089870e+00  6.09101304e-03 
 4.43047010e+00  6.09529903e-03 
 4.44004150e+00  6.09958501e-03 
 4.44961290e+00  6.10387100e-03 
 4.45918430e+00  6.10815699e-03 
 4.46875570e+00  6.11244298e-03 
 4.47832710e+00  6.11672897e-03 
 4.48789850e+00  6.12101496e-03 
 4.49746991e+00  6.12530094e-03 
 4.50704131e+00  6.12958693e-03 
 4.51661271e+00  6.13387292e-03 
 4.52618411e+00  6.13815891e-03 
 4.53575551e+00  6.14244490e-03 
 4.54532691e+00  6.14673088e-03 
 4.55489831e+00  6.15101687e-03 
 4.56446971e+00  6.15530286e-03 
 4.57404112e+00  6.15958885e-03 
 4.58361252e+00  6.16387484e-03 
 4.59318392e+00  6.16816083e-03 
 4.60275532e+00  6.17244681e-03 
 4.61232672e+00  6.17673280e-03 
 4.62189812e+00  6.18101879e-03 
 4.63146952e+00  6.18530478e-03 
 4.64104092e+00  6.18959077e-03 
 4.65061232e+00  6.19387675e-03 
 4.66018373e+00  6.19816274e-03 
 4.66975513e+00  6.20244873e-03 
 4.67932653e+00  6.20673472e-03 
 4.68889793e+00  6.21102071e-03 
 4.69846933e+00  6.21530670e-03 
 4.70804073e+00  6.21959268e-03 
 4.71761213e+00  6.22387867e-03 
 4.72718353e+00  6.22816466e-03 
 4.73675494e+00  6.23245065e-03 
 4.74632634e+00  6.23673664e-03 
 4.75589774e+00  6.24102262e-03 
 4.76546914e+00  6.24530861e-03 
 4.77504054e+00  6.24959460e-03 
 4.78461194e+00  6.25388059e-03 
 4.79418334e+00  6.25816658e-03 
 4.80375474e+00  6.26245257e-03 
 4.81332614e+00  6.26673855e-03 
 4.82289755e+00  6.27102454e-03 
 4.83246895e+00  6.27531053e-03 
 4.84204035e+00  6.27959652e-03 
 4.85161175e+00  6.28388251e-03 
 4.86118315e+00  6.28816849e-03 
 4.87075455e+00  6.29245448e-03 
 4.88032595e+00  6.29674047e-03 
 4.88989735e+00  6.30102646e-03 
 4.89946876e+00  6.30531245e-03 
 4.90904016e+00  6.30959844e-03 
 4.91861156e+00  6.31388442e-03 
 4.92818296e+00  6.31817041e-03 
 4.93775436e+00  6.32245640e-03 
 4.94732576e+00  6.32674239e-03 
 4.95689716e+00  6.33102838e-03 
 4.96646856e+00  6.33531436e-03 
 4.97603996e+00  6.33960035e-03 
 4.98561137e+00  6.34388634e-03 
 4.99518277e+00  6.34817233e-03 
 5.00475417e+00  6.35245832e-03 
 5.01432557e+00  6.35674431e-03 
 5.02389697e+00  6.36103029e-03 
 5.03346837e+00  6.36531628e-03 
 5.04303977e+00  6.36960227e-03 
 5.05261117e+00  6.37388826e-03 
 5.06218258e+00  6.37817425e-03 
 5.07175398e+00  6.38246023e-03 
 5.08132538e+00  6.38674622e-03 
 5.09089678e+00  6.39103221e-03 
 5.10046818e+00  6.39531820e-03 
 5.11003958e+00  6.39960419e-03 
 5.11961098e+00  6.40389018e-03 
 5.12918238e+00  6.40817616e-03 
 5.13875378e+00  6.41246215e-03 
 5.14832519e+00  6.41674814e-03 
 5.15789659e+00  6.42103413e-03 
 5.16746799e+00  6.42532012e-03 
 5.17703939e+00  6.42960610e-03 
 5.18661079e+00  6.43389209e-03 
 5.19618219e+00  6.43817808e-03 
 5.20575359e+00  6.44246407e-03 
 5.21532499e+00  6.44675006e-03 
 5.22489640e+00  6.45103605e-03 
 5.23446780e+00  6.45532203e-03 
 5.24403920e+00  6.45960802e-03 
 5.25361060e+00  6.46389401e-03 
 5.26318200e+00  6.46818000e-03 
 5.27275340e+00  6.47246599e-03 
 5.28232480e+00  6.47675197e-03 
 5.29189620e+00  6.48103796e-03 
 5.30146760e+00  6.48532395e-03 
 5.31103901e+00  6.48960994e-03 
 5.32061041e+00  6.49389593e-03 
 5.33018181e+00  6.49818192e-03 
 5.33975321e+00  6.50246790e-03 
 5.34932461e+00  6.50675389e-03 
 5.35889601e+00  6.51103988e-03 
 5.36846741e+00  6.51532587e-03 
 5.37803881e+00  6.51961186e-03 
 5.38761022e+00  6.52389784e-03 
 5.39718162e+00  6.52818383e-03 
 5.40675302e+00  6.53246982e-03 
 5.41632442e+00  6.53675581e-03 
 5.42589582e+00  6.54104180e-03 
 5.43546722e+00  6.54532779e-03 
 5.44503862e+00  6.54961377e-03 
 5.45461002e+00  6.55389976e-03 
 5.46418142e+00  6.55818575e-03 
 5.47375283e+00  6.56247174e-03 
 5.48332423e+00  6.56675773e-03 
 5.49289563e+00  6.57104371e-03 
 5.50246703e+00  6.57532970e-03 
 5.51203843e+00  6.57961569e-03 
 5.52160983e+00  6.58390168e-03 
 5.53118123e+00  6.58818767e-03 
 5.54075263e+00  6.59247366e-03 
 5.55032404e+00  6.59675964e-03 
 5.55989544e+00  6.60104563e-03 
 5.56946684e+00  6.60533162e-03 
 5.57903824e+00  6.60961761e-03 
 5.58860964e+00  6.61390360e-03 
 5.59818104e+00  6.61818958e-03 
 5.60775244e+00  6.62247557e-03 
 5.61732384e+00  6.62676156e-03 
 5.62689525e+00  6.63104755e-03 
 5.63646665e+00  6.63533354e-03 
 5.64603805e+00  6.63961953e-03 
 5.65560945e+00  6.64390551e-03 
 5.66518085e+00  6.64819150e-03 
 5.67475225e+00  6.65247749e-03 
 5.68432365e+00  6.65676348e-03 
 5.69389505e+00  6.66104947e-03 
 5.70346645e+00  6.66533546e-03 
 5.71303786e+00  6.66962144e-03 
 5.72260926e+00  6.67390743e-03 
 5.73218066e+00  6.67819342e-03 
 5.74175206e+00  6.68247941e-03 
 5.75132346e+00  6.68676540e-03 
 5.76089486e+00  6.69105138e-03 
 5.77046626e+00  6.69533737e-03 
 5.78003766e+00  6.69962336e-03 
 5.78960907e+00  6.70390935e-03 
 5.79918047e+00  6.70819534e-03 
 5.80875187e+00  6.71248133e-03 
 5.81832327e+00  6.71676731e-03 
 5.82789467e+00  6.72105330e-03 
 5.83746607e+00  6.72533929e-03 
 5.84703747e+00  6.72962528e-03 
 5.85660887e+00  6.73391127e-03 
 5.86618027e+00  6.73819725e-03 
 5.87575168e+00  6.74248324e-03 
 5.88532308e+00  6.74676923e-03 
 5.89489448e+00  6.75105522e-03 
 5.90446588e+00  6.75534121e-03 
 5.91403728e+00  6.75962720e-03 
 5.92360868e+00  6.76391318e-03 
 5.93318008e+00  6.76819917e-03 
 5.94275148e+00  6.77248516e-03 
 5.95232289e+00  6.77677115e-03 
 5.96189429e+00  6.78105714e-03 
 5.97146569e+00  6.78534312e-03 
 5.98103709e+00  6.78962911e-03 
 5.99060849e+00  6.79391510e-03 
 6.00017989e+00  6.79820109e-03 
 6.00975129e+00  6.80248708e-03 
 6.01932269e+00  6.80677307e-03 
 6.02889409e+00  6.81105905e-03 
 6.03846550e+00  6.81534504e-03 
 6.04803690e+00  6.81963103e-03 
 6.05760830e+00  6.82391702e-03 
 6.06717970e+00  6.82820301e-03 
 6.07675110e+00  6.83248899e-03 
 6.08632250e+00  6.83677498e-03 
 6.09589390e+00  6.84106097e-03 
 6.10546530e+00  6.84534696e-03 
 6.11503671e+00  6.84963295e-03 
 6.12460811e+00  6.85391894e-03 
 6.13417951e+00  6.85820492e-03 
 6.14375091e+00  6.86249091e-03 
 6.15332231e+00  6.86677690e-03 
 6.16289371e+00  6.87106289e-03 
 6.17246511e+00  6.87534888e-03 
 6.18203651e+00  6.87963486e-03 
 6.19160791e+00  6.88392085e-03 
 6.20117932e+00  6.88820684e-03 
 6.21075072e+00  6.89249283e-03 
 6.22032212e+00  6.89677882e-03 
 6.22989352e+00  6.90106481e-03 
 6.23946492e+00  6.90535079e-03 
 6.24903632e+00  6.90963678e-03 
 6.25860772e+00  6.91392277e-03 
 6.26817912e+00  6.91820876e-03 
 6.27775053e+00  6.92249475e-03 
 6.28732193e+00  6.92678073e-03 
 6.29689333e+00  6.93106672e-03 
 6.30646473e+00  6.93535271e-03 
 6.31603613e+00  6.93963870e-03 
 6.32560753e+00  6.94392469e-03 
 6.33517893e+00  6.94821068e-03 
 6.34475033e+00  6.95249666e-03 
 6.35432173e+00  6.95678265e-03 
 6.36389314e+00  6.96106864e-03 
 6.37346454e+00  6.96535463e-03 
 6.38303594e+00  6.96964062e-03 
 6.39260734e+00  6.97392660e-03 
 6.40217874e+00  6.97821259e-03 
 6.41175014e+00  6.98249858e-03 
 6.42132154e+00  6.98678457e-03 
 6.43089294e+00  6.99107056e-03 
 6.44046435e+00  6.99535655e-03 
 6.45003575e+00  6.99964253e-03 
 6.45960715e+00  7.00392852e-03 
 6.46917855e+00  7.00821451e-03 
 6.47874995e+00  7.01250050e-03 
 6.48832135e+00  7.01678649e-03 
 6.49789275e+00  7.02107247e-03 
 6.50746415e+00  7.02535846e-03 
 6.51703555e+00  7.02964445e-03 
 6.52660696e+00  7.03393044e-03 
 6.53617836e+00  7.03821643e-03 
 6.54574976e+00  7.04250242e-03 
 6.55532116e+00  7.04678840e-03 
 6.56489256e+00  7.05107439e-03 
 6.57446396e+00  7.05536038e-03 
 6.58403536e+00  7.05964637e-03 
 6.59360676e+00  7.06393236e-03 
 6.60317817e+00  7.06821835e-03 
 6.61274957e+00  7.07250433e-03 
 6.62232097e+00  7.07679032e-03 
 6.63189237e+00  7.08107631e-03 
 6.64146377e+00  7.08536230e-03 
 6.65103517e+00  7.08964829e-03 
 6.66060657e+00  7.09393427e-03 
 6.67017797e+00  7.09822026e-03 
 6.67974937e+00  7.10250625e-03 
 6.68932078e+00  7.10679224e-03 
 6.69889218e+00  7.11107823e-03 
 6.70846358e+00  7.11536422e-03 
 6.71803498e+00  7.11965020e-03 
 6.72760638e+00  7.12393619e-03 
 6.73717778e+00  7.12822218e-03 
 6.74674918e+00  7.13250817e-03 
 6.75632058e+00  7.13679416e-03 
 6.76589199e+00  7.14108014e-03 
 6.77546339e+00  7.14536613e-03 
 6.78503479e+00  7.14965212e-03 
 6.79460619e+00  7.15393811e-03 
 6.80417759e+00  7.15822410e-03 
 6.81374899e+00  7.16251009e-03 
 6.82332039e+00  7.16679607e-03 
 6.83289179e+00  7.17108206e-03 
 6.84246319e+00  7.17536805e-03 
 6.85203460e+00  7.17965404e-03 
 6.86160600e+00  7.18394003e-03 
 6.87117740e+00  7.18822601e-03 
 6.88074880e+00  7.19251200e-03 
 6.89032020e+00  7.19679799e-03 
 6.89989160e+00  7.20108398e-03 
 6.90946300e+00  7.20536997e-03 
 6.91903440e+00  7.20965596e-03 
 6.92860581e+00  7.21394194e-03 
 6.93817721e+00  7.21822793e-03 
 6.94774861e+00  7.22251392e-03 
 6.95732001e+00  7.22679991e-03 
 6.96689141e+00  7.23108590e-03 
 6.97646281e+00  7.23537188e-03 
 6.98603421e+00  7.23965787e-03 
 6.99560561e+00  7.24394386e-03 
 7.00517702e+00  7.24822985e-03 
 7.01474842e+00  7.25251584e-03 
 7.02431982e+00  7.25680183e-03 
 7.03389122e+00  7.26108781e-03 
 7.04346262e+00  7.26537380e-03 
 7.05303402e+00  7.26965979e-03 
 7.06260542e+00  7.27394578e-03 
 7.07217682e+00  7.27823177e-03 
 7.08174822e+00  7.28251776e-03 
 7.09131963e+00  7.28680374e-03 
 7.10089103e+00  7.29108973e-03 
 7.11046243e+00  7.29537572e-03 
 7.12003383e+00  7.29966171e-03 
 7.12960523e+00  7.30394770e-03 
 7.13917663e+00  7.30823368e-03 
 7.14874803e+00  7.31251967e-03 
 7.15831943e+00  7.31680566e-03 
 7.16789084e+00  7.32109165e-03 
 7.17746224e+00  7.32537764e-03 
 7.18703364e+00  7.32966363e-03 
 7.19660504e+00  7.33394961e-03 
 7.20617644e+00  7.33823560e-03 
 7.21574784e+00  7.34252159e-03 
 7.22531924e+00  7.34680758e-03 
 7.23489064e+00  7.35109357e-03 
 7.24446204e+00  7.35537955e-03 
 7.25403345e+00  7.35966554e-03 
 7.26360485e+00  7.36395153e-03 
 7.27317625e+00  7.36823752e-03 
 7.28274765e+00  7.37252351e-03 
 7.29231905e+00  7.37680950e-03 
 7.30189045e+00  7.38109548e-03 
 7.31146185e+00  7.38538147e-03 
 7.32103325e+00  7.38966746e-03 
 7.33060466e+00  7.39395345e-03 
 7.34017606e+00  7.39823944e-03 
 7.34974746e+00  7.40252542e-03 
 7.35931886e+00  7.40681141e-03 
 7.36889026e+00  7.41109740e-03 
 7.37846166e+00  7.41538339e-03 
 7.38803306e+00  7.41966938e-03 
 7.39760446e+00  7.42395537e-03 
 7.40717586e+00  7.42824135e-03 
 7.41674727e+00  7.43252734e-03 
 7.42631867e+00  7.43681333e-03 
 7.43589007e+00  7.44109932e-03 
 7.44546147e+00  7.44538531e-03 
 7.45503287e+00  7.44967129e-03 
 7.46460427e+00  7.45395728e-03 
 7.47417567e+00  7.45824327e-03 
 7.48374707e+00  7.46252926e-03 
 7.49331848e+00  7.46681525e-03 
 7.50288988e+00  7.47110124e-03 
 7.51246128e+00  7.47538722e-03 
 7.52203268e+00  7.47967321e-03 
 7.53160408e+00  7.48395920e-03 
 7.54117548e+00  7.48824519e-03 
 7.55074688e+00  7.49253118e-03 
 7.56031828e+00  7.49681717e-03 
 7.56988968e+00  7.50110315e-03 
 7.57946109e+00  7.50538914e-03 
 7.58903249e+00  7.50967513e-03 
 7.59860389e+00  7.51396112e-03 
 7.60817529e+00  7.51824711e-03 
 7.61774669e+00  7.52253309e-03 
 7.62731809e+00  7.52681908e-03 
 7.63688949e+00  7.53110507e-03 
 7.64646089e+00  7.53539106e-03 
 7.65603230e+00  7.53967705e-03 
 7.66560370e+00  7.54396304e-03 
 7.67517510e+00  7.54824902e-03 
 7.68474650e+00  7.55253501e-03 
 7.69431790e+00  7.55682100e-03 
 7.70388930e+00  7.56110699e-03 
 7.71346070e+00  7.56539298e-03 
 7.72303210e+00  7.56967896e-03 
 7.73260350e+00  7.57396495e-03 
 7.74217491e+00  7.57825094e-03 
 7.75174631e+00  7.58253693e-03 
 7.76131771e+00  7.58682292e-03 
 7.77088911e+00  7.59110891e-03 
 7.78046051e+00  7.59539489e-03 
 7.79003191e+00  7.59968088e-03 
 7.79960331e+00  7.60396687e-03 
 7.80917471e+00  7.60825286e-03 
 7.81874612e+00  7.61253885e-03 
 7.82831752e+00  7.61682483e-03 
 7.83788892e+00  7.62111082e-03 
 7.84746032e+00  7.62539681e-03 
 7.85703172e+00  7.62968280e-03 
 7.86660312e+00  7.63396879e-03 
 7.87617452e+00  7.63825478e-03 
 7.88574592e+00  7.64254076e-03 
 7.89531732e+00  7.64682675e-03 
 7.90488873e+00  7.65111274e-03 
 7.91446013e+00  7.65539873e-03 
 7.92403153e+00  7.65968472e-03 
 7.93360293e+00  7.66397071e-03 
 7.94317433e+00  7.66825669e-03 
 7.95274573e+00  7.67254268e-03 
 7.96231713e+00  7.67682867e-03 
 7.97188853e+00  7.68111466e-03 
 7.98145994e+00  7.68540065e-03 
 7.99103134e+00  7.68968663e-03 
 8.00060274e+00  7.69397262e-03 
 8.01017414e+00  7.69825861e-03 
 8.01974554e+00  7.70254460e-03 
 8.02931694e+00  7.70683059e-03 
 8.03888834e+00  7.71111658e-03 
 8.04845974e+00  7.71540256e-03 
 8.05803114e+00  7.71968855e-03 
 8.06760255e+00  7.72397454e-03 
 8.07717395e+00  7.72826053e-03 
 8.08674535e+00  7.73254652e-03 
 8.09631675e+00  7.73683250e-03 
 8.10588815e+00  7.74111849e-03 
 8.11545955e+00  7.74540448e-03 
 8.12503095e+00  7.74969047e-03 
 8.13460235e+00  7.75397646e-03 
 8.14417376e+00  7.75826245e-03 
 8.15374516e+00  7.76254843e-03 
 8.16331656e+00  7.76683442e-03 
 8.17288796e+00  7.77112041e-03 
 8.18245936e+00  7.77540640e-03 
 8.19203076e+00  7.77969239e-03 
 8.20160216e+00  7.78397838e-03 
 8.21117356e+00  7.78826436e-03 
 8.22074496e+00  7.79255035e-03 
 8.23031637e+00  7.79683634e-03 
 8.23988777e+00  7.80112233e-03 
 8.24945917e+00  7.80540832e-03 
 8.25903057e+00  7.80969430e-03 
 8.26860197e+00  7.81398029e-03 
 8.27817337e+00  7.81826628e-03 
 8.28774477e+00  7.82255227e-03 
 8.29731617e+00  7.82683826e-03 
 8.30688758e+00  7.83112425e-03 
 8.31645898e+00  7.83541023e-03 
 8.32603038e+00  7.83969622e-03 
 8.33560178e+00  7.84398221e-03 
 8.34517318e+00  7.84826820e-03 
 8.35474458e+00  7.85255419e-03 
 8.36431598e+00  7.85684017e-03 
 8.37388738e+00  7.86112616e-03 
 8.38345878e+00  7.86541215e-03 
 8.39303019e+00  7.86969814e-03 
 8.40260159e+00  7.87398413e-03 
 8.41217299e+00  7.87827012e-03 
 8.42174439e+00  7.88255610e-03 
 8.43131579e+00  7.88684209e-03 
 8.44088719e+00  7.89112808e-03 
 8.45045859e+00  7.89541407e-03 
 8.46002999e+00  7.89970006e-03 
 8.46960140e+00  7.90398605e-03 
 8.47917280e+00  7.90827203e-03 
 8.48874420e+00  7.91255802e-03 
 8.49831560e+00  7.91684401e-03 
 8.50788700e+00  7.92113000e-03 
 8.51745840e+00  7.92541599e-03 
 8.52702980e+00  7.92970197e-03 
 8.53660120e+00  7.93398796e-03 
 8.54617260e+00  7.93827395e-03 
 8.55574401e+00  7.94255994e-03 
 8.56531541e+00  7.94684593e-03 
 8.57488681e+00  7.95113192e-03 
 8.58445821e+00  7.95541790e-03 
 8.59402961e+00  7.95970389e-03 
 8.60360101e+00  7.96398988e-03 
 8.61317241e+00  7.96827587e-03 
 8.62274381e+00  7.97256186e-03 
 8.63231522e+00  7.97684784e-03 
 8.64188662e+00  7.98113383e-03 
 8.65145802e+00  7.98541982e-03 
 8.66102942e+00  7.98970581e-03 
 8.67060082e+00  7.99399180e-03 
 8.68017222e+00  7.99827779e-03 
 8.68974362e+00  8.00256377e-03 
 8.69931502e+00  8.00684976e-03 
 8.70888642e+00  8.01113575e-03 
 8.71845783e+00  8.01542174e-03 
 8.72802923e+00  8.01970773e-03 
 8.73760063e+00  8.02399372e-03 
 8.74717203e+00  8.02827970e-03 
 8.75674343e+00  8.03256569e-03 
 8.76631483e+00  8.03685168e-03 
 8.77588623e+00  8.04113767e-03 
 8.78545763e+00  8.04542366e-03 
 8.79502904e+00  8.04970964e-03 
 8.80460044e+00  8.05399563e-03 
 8.81417184e+00  8.05828162e-03 
 8.82374324e+00  8.06256761e-03 
 8.83331464e+00  8.06685360e-03 
 8.84288604e+00  8.07113959e-03 
 8.85245744e+00  8.07542557e-03 
 8.86202884e+00  8.07971156e-03 
 8.87160024e+00  8.08399755e-03 
 8.88117165e+00  8.08828354e-03 
 8.89074305e+00  8.09256953e-03 
 8.90031445e+00  8.09685551e-03 
 8.90988585e+00  8.10114150e-03 
 8.91945725e+00  8.10542749e-03 
 8.92902865e+00  8.10971348e-03 
 8.93860005e+00  8.11399947e-03 
 8.94817145e+00  8.11828546e-03 
 8.95774286e+00  8.12257144e-03 
 8.96731426e+00  8.12685743e-03 
 8.97688566e+00  8.13114342e-03 
 8.98645706e+00  8.13542941e-03 
 8.99602846e+00  8.13971540e-03 
 9.00559986e+00  8.14400139e-03 
 9.01517126e+00  8.14828737e-03 
 9.02474266e+00  8.15257336e-03 
 9.03431407e+00  8.15685935e-03 
 9.04388547e+00  8.16114534e-03 
 9.05345687e+00  8.16543133e-03 
 9.06302827e+00  8.16971731e-03 
 9.07259967e+00  8.17400330e-03 
 9.08217107e+00  8.17828929e-03 
 9.09174247e+00  8.18257528e-03 
 9.10131387e+00  8.18686127e-03 
 9.11088527e+00  8.19114726e-03 
 9.12045668e+00  8.19543324e-03 
 9.13002808e+00  8.19971923e-03 
 9.13959948e+00  8.20400522e-03 
 9.14917088e+00  8.20829121e-03 
 9.15874228e+00  8.21257720e-03 
 9.16831368e+00  8.21686318e-03 
 9.17788508e+00  8.22114917e-03 
 9.18745648e+00  8.22543516e-03 
 9.19702789e+00  8.22972115e-03 
 9.20659929e+00  8.23400714e-03 
 9.21617069e+00  8.23829313e-03 
 9.22574209e+00  8.24257911e-03 
 9.23531349e+00  8.24686510e-03 
 9.24488489e+00  8.25115109e-03 
 9.25445629e+00  8.25543708e-03 
 9.26402769e+00  8.25972307e-03 
 9.27359909e+00  8.26400906e-03 
 9.28317050e+00  8.26829504e-03 
 9.29274190e+00  8.27258103e-03 
 9.30231330e+00  8.27686702e-03 
 9.31188470e+00  8.28115301e-03 
 9.32145610e+00  8.28543900e-03 
 9.33102750e+00  8.28972498e-03 
 9.34059890e+00  8.29401097e-03 
 9.35017030e+00  8.29829696e-03 
 9.35974171e+00  8.30258295e-03 
 9.36931311e+00  8.30686894e-03 
 9.37888451e+00  8.31115493e-03 
 9.38845591e+00  8.31544091e-03 
 9.39802731e+00  8.31972690e-03 
 9.40759871e+00  8.32401289e-03 
 9.41717011e+00  8.32829888e-03 
 9.42674151e+00  8.33258487e-03 
 9.43631291e+00  8.33687086e-03 
 9.44588432e+00  8.34115684e-03 
 9.45545572e+00  8.34544283e-03 
 9.46502712e+00  8.34972882e-03 
 9.47459852e+00  8.35401481e-03 
 9.48416992e+00  8.35830080e-03 
 9.49374132e+00  8.36258678e-03 
 9.50331272e+00  8.36687277e-03 
 9.51288412e+00  8.37115876e-03 
 9.52245553e+00  8.37544475e-03 
 9.53202693e+00  8.37973074e-03 
 9.54159833e+00  8.38401673e-03 
 9.55116973e+00  8.38830271e-03 
 9.56074113e+00  8.39258870e-03 
 9.57031253e+00  8.39687469e-03 
 9.57988393e+00  8.40116068e-03 
 9.58945533e+00  8.40544667e-03 
 9.59902673e+00  8.40973265e-03 
 9.60859814e+00  8.41401864e-03 
 9.61816954e+00  8.41830463e-03 
 9.62774094e+00  8.42259062e-03 
 9.63731234e+00  8.42687661e-03 
 9.64688374e+00  8.43116260e-03 
 9.65645514e+00  8.43544858e-03 
 9.66602654e+00  8.43973457e-03 
 9.67559794e+00  8.44402056e-03 
 9.68516935e+00  8.44830655e-03 
 9.69474075e+00  8.45259254e-03 
 9.70431215e+00  8.45687853e-03 
 9.71388355e+00  8.46116451e-03 
 9.72345495e+00  8.46545050e-03 
 9.73302635e+00  8.46973649e-03 
 9.74259775e+00  8.47402248e-03 
 9.75216915e+00  8.47830847e-03 
 9.76174055e+00  8.48259445e-03 
 9.77131196e+00  8.48688044e-03 
 9.78088336e+00  8.49116643e-03 
 9.79045476e+00  8.49545242e-03 
 9.80002616e+00  8.49973841e-03 
 9.80959756e+00  8.50402440e-03 
 9.81916896e+00  8.50831038e-03 
 9.82874036e+00  8.51259637e-03 
 9.83831176e+00  8.51688236e-03 
 9.84788317e+00  8.52116835e-03 
 9.85745457e+00  8.52545434e-03 
 9.86702597e+00  8.52974033e-03 
 9.87659737e+00  8.53402631e-03 
 9.88616877e+00  8.53831230e-03 
 9.89574017e+00  8.54259829e-03 
 9.90531157e+00  8.54688428e-03 
 9.91488297e+00  8.55117027e-03 
 9.92445437e+00  8.55545625e-03 
 9.93402578e+00  8.55974224e-03 
 9.94359718e+00  8.56402823e-03 
 9.95316858e+00  8.56831422e-03 
 9.96273998e+00  8.57260021e-03 
 9.97231138e+00  8.57688620e-03 
 9.98188278e+00  8.58117218e-03 
 9.99145418e+00  8.58545817e-03 
 1.00010256e+01  8.58974416e-03 
 1.00105970e+01  8.59403015e-03 
 1.00201684e+01  8.59831614e-03 
 1.00297398e+01  8.60260212e-03 
 1.00393112e+01  8.60688811e-03 
 1.00488826e+01  8.61117410e-03 
 1.00584540e+01  8.61546009e-03 
 1.00680254e+01  8.61974608e-03 
 1.00775968e+01  8.62403207e-03 
 1.00871682e+01  8.62831805e-03 
 1.00967396e+01  8.63260404e-03 
 1.01063110e+01  8.63689003e-03 
 1.01158824e+01  8.64117602e-03 
 1.01254538e+01  8.64546201e-03 
 1.01350252e+01  8.64974800e-03 
 1.01445966e+01  8.65403398e-03 
 1.01541680e+01  8.65831997e-03 
 1.01637394e+01  8.66260596e-03 
 1.01733108e+01  8.66689195e-03 
 1.01828822e+01  8.67117794e-03 
 1.01924536e+01  8.67546392e-03 
 1.02020250e+01  8.67974991e-03 
 1.02115964e+01  8.68403590e-03 
 1.02211678e+01  8.68832189e-03 
 1.02307392e+01  8.69260788e-03 
 1.02403106e+01  8.69689387e-03 
 1.02498820e+01  8.70117985e-03 
 1.02594534e+01  8.70546584e-03 
 1.02690248e+01  8.70975183e-03 
 1.02785962e+01  8.71403782e-03 
 1.02881676e+01  8.71832381e-03 
 1.02977390e+01  8.72260980e-03 
 1.03073104e+01  8.72689578e-03 
 1.03168818e+01  8.73118177e-03 
 1.03264532e+01  8.73546776e-03 
 1.03360246e+01  8.73975375e-03 
 1.03455960e+01  8.74403974e-03 
 1.03551674e+01  8.74832572e-03 
 1.03647388e+01  8.75261171e-03 
 1.03743102e+01  8.75689770e-03 
 1.03838816e+01  8.76118369e-03 
 1.03934530e+01  8.76546968e-03 
 1.04030244e+01  8.76975567e-03 
 1.04125958e+01  8.77404165e-03 
 1.04221672e+01  8.77832764e-03 
 1.04317386e+01  8.78261363e-03 
 1.04413100e+01  8.78689962e-03 
 1.04508814e+01  8.79118561e-03 
 1.04604528e+01  8.79547160e-03 
 1.04700242e+01  8.79975758e-03 
 1.04795956e+01  8.80404357e-03 
 1.04891670e+01  8.80832956e-03 
 1.04987384e+01  8.81261555e-03 
 1.05083098e+01  8.81690154e-03 
 1.05178812e+01  8.82118752e-03 
 1.05274526e+01  8.82547351e-03 
 1.05370240e+01  8.82975950e-03 
 1.05465955e+01  8.83404549e-03 
 1.05561669e+01  8.83833148e-03 
 1.05657383e+01  8.84261747e-03 
 1.05753097e+01  8.84690345e-03 
 1.05848811e+01  8.85118944e-03 
 1.05944525e+01  8.85547543e-03 
 1.06040239e+01  8.85976142e-03 
 1.06135953e+01  8.86404741e-03 
 1.06231667e+01  8.86833340e-03 
 1.06327381e+01  8.87261938e-03 
 1.06423095e+01  8.87690537e-03 
 1.06518809e+01  8.88119136e-03 
 1.06614523e+01  8.88547735e-03 
 1.06710237e+01  8.88976334e-03 
 1.06805951e+01  8.89404932e-03 
 1.06901665e+01  8.89833531e-03 
 1.06997379e+01  8.90262130e-03 
 1.07093093e+01  8.90690729e-03 
 1.07188807e+01  8.91119328e-03 
 1.07284521e+01  8.91547927e-03 
 1.07380235e+01  8.91976525e-03 
 1.07475949e+01  8.92405124e-03 
 1.07571663e+01  8.92833723e-03 
 1.07667377e+01  8.93262322e-03 
 1.07763091e+01  8.93690921e-03 
 1.07858805e+01  8.94119520e-03 
 1.07954519e+01  8.94548118e-03 
 1.08050233e+01  8.94976717e-03 
 1.08145947e+01  8.95405316e-03 
 1.08241661e+01  8.95833915e-03 
 1.08337375e+01  8.96262514e-03 
 1.08433089e+01  8.96691112e-03 
 1.08528803e+01  8.97119711e-03 
 1.08624517e+01  8.97548310e-03 
 1.08720231e+01  8.97976909e-03 
 1.08815945e+01  8.98405508e-03 
 1.08911659e+01  8.98834107e-03 
 1.09007373e+01  8.99262705e-03 
 1.09103087e+01  8.99691304e-03 
 1.09198801e+01  9.00119903e-03 
 1.09294515e+01  9.00548502e-03 
 1.09390229e+01  9.00977101e-03 
 1.09485943e+01  9.01405700e-03 
 1.09581657e+01  9.01834298e-03 
 1.09677371e+01  9.02262897e-03 
 1.09773085e+01  9.02691496e-03 
 1.09868799e+01  9.03120095e-03 
 1.09964513e+01  9.03548694e-03 
 1.10060227e+01  9.03977292e-03 
 1.10155941e+01  9.04405891e-03 
 1.10251655e+01  9.04834490e-03 
 1.10347369e+01  9.05263089e-03 
 1.10443083e+01  9.05691688e-03 
 1.10538797e+01  9.06120287e-03 
 1.10634511e+01  9.06548885e-03 
 1.10730225e+01  9.06977484e-03 
 1.10825939e+01  9.07406083e-03 
 1.10921653e+01  9.07834682e-03 
 1.11017367e+01  9.08263281e-03 
 1.11113081e+01  9.08691880e-03 
 1.11208795e+01  9.09120478e-03 
 1.11304509e+01  9.09549077e-03 
 1.11400223e+01  9.09977676e-03 
 1.11495937e+01  9.10406275e-03 
 1.11591651e+01  9.10834874e-03 
 1.11687365e+01  9.11263472e-03 
 1.11783079e+01  9.11692071e-03 
 1.11878793e+01  9.12120670e-03 
 1.11974507e+01  9.12549269e-03 
 1.12070221e+01  9.12977868e-03 
 1.12165935e+01  9.13406467e-03 
 1.12261649e+01  9.13835065e-03 
 1.12357363e+01  9.14263664e-03 
 1.12453077e+01  9.14692263e-03 
 1.12548791e+01  9.15120862e-03 
 1.12644505e+01  9.15549461e-03 
 1.12740219e+01  9.15978060e-03 
 1.12835933e+01  9.16406658e-03 
 1.12931647e+01  9.16835257e-03 
 1.13027361e+01  9.17263856e-03 
 1.13123075e+01  9.17692455e-03 
 1.13218789e+01  9.18121054e-03 
 1.13314503e+01  9.18549652e-03 
 1.13410217e+01  9.18978251e-03 
 1.13505931e+01  9.19406850e-03 
 1.13601646e+01  9.19835449e-03 
 1.13697360e+01  9.20264048e-03 
 1.13793074e+01  9.20692647e-03 
 1.13888788e+01  9.21121245e-03 
 1.13984502e+01  9.21549844e-03 
 1.14080216e+01  9.21978443e-03 
 1.14175930e+01  9.22407042e-03 
 1.14271644e+01  9.22835641e-03 
 1.14367358e+01  9.23264240e-03 
 1.14463072e+01  9.23692838e-03 
 1.14558786e+01  9.24121437e-03 
 1.14654500e+01  9.24550036e-03 
 1.14750214e+01  9.24978635e-03 
 1.14845928e+01  9.25407234e-03 
 1.14941642e+01  9.25835832e-03 
 1.15037356e+01  9.26264431e-03 
 1.15133070e+01  9.26693030e-03 
 1.15228784e+01  9.27121629e-03 
 1.15324498e+01  9.27550228e-03 
 1.15420212e+01  9.27978827e-03 
 1.15515926e+01  9.28407425e-03 
 1.15611640e+01  9.28836024e-03 
 1.15707354e+01  9.29264623e-03 
 1.15803068e+01  9.29693222e-03 
 1.15898782e+01  9.30121821e-03 
 1.15994496e+01  9.30550420e-03 
 1.16090210e+01  9.30979018e-03 
 1.16185924e+01  9.31407617e-03 
 1.16281638e+01  9.31836216e-03 
 1.16377352e+01  9.32264815e-03 
 1.16473066e+01  9.32693414e-03 
 1.16568780e+01  9.33122012e-03 
 1.16664494e+01  9.33550611e-03 
 1.16760208e+01  9.33979210e-03 
 1.16855922e+01  9.34407809e-03 
 1.16951636e+01  9.34836408e-03 
 1.17047350e+01  9.35265007e-03 
 1.17143064e+01  9.35693605e-03 
 1.17238778e+01  9.36122204e-03 
 1.17334492e+01  9.36550803e-03 
 1.17430206e+01  9.36979402e-03 
 1.17525920e+01  9.37408001e-03 
 1.17621634e+01  9.37836600e-03 
 1.17717348e+01  9.38265198e-03 
 1.17813062e+01  9.38693797e-03 
 1.17908776e+01  9.39122396e-03 
 1.18004490e+01  9.39550995e-03 
 1.18100204e+01  9.39979594e-03 
 1.18195918e+01  9.40408193e-03 
 1.18291632e+01  9.40836791e-03 
 1.18387346e+01  9.41265390e-03 
 1.18483060e+01  9.41693989e-03 
 1.18578774e+01  9.42122588e-03 
 1.18674488e+01  9.42551187e-03 
 1.18770202e+01  9.42979785e-03 
 1.18865916e+01  9.43408384e-03 
 1.18961630e+01  9.43836983e-03 
 1.19057344e+01  9.44265582e-03 
 1.19153058e+01  9.44694181e-03 
 1.19248772e+01  9.45122780e-03 
 1.19344486e+01  9.45551378e-03 
 1.19440200e+01  9.45979977e-03 
 1.19535914e+01  9.46408576e-03 
 1.19631628e+01  9.46837175e-03 
 1.19727342e+01  9.47265774e-03 
 1.19823056e+01  9.47694373e-03 
 1.19918770e+01  9.48122971e-03 
 1.20014484e+01  9.48551570e-03 
 1.20110198e+01  9.48980169e-03 
 1.20205912e+01  9.49408768e-03 
 1.20301626e+01  9.49837367e-03 
 1.20397340e+01  9.50265965e-03 
 1.20493054e+01  9.50694564e-03 
 1.20588768e+01  9.51123163e-03 
 1.20684482e+01  9.51551762e-03 
 1.20780196e+01  9.51980361e-03 
 1.20875910e+01  9.52408960e-03 
 1.20971624e+01  9.52837558e-03 
 1.21067338e+01  9.53266157e-03 
 1.21163052e+01  9.53694756e-03 
 1.21258766e+01  9.54123355e-03 
 1.21354480e+01  9.54551954e-03 
 1.21450194e+01  9.54980553e-03 
 1.21545908e+01  9.55409151e-03 
 1.21641622e+01  9.55837750e-03 
 1.21737337e+01  9.56266349e-03 
 1.21833051e+01  9.56694948e-03 
 1.21928765e+01  9.57123547e-03 
 1.22024479e+01  9.57552145e-03 
 1.22120193e+01  9.57980744e-03 
 1.22215907e+01  9.58409343e-03 
 1.22311621e+01  9.58837942e-03 
 1.22407335e+01  9.59266541e-03 
 1.22503049e+01  9.59695140e-03 
 1.22598763e+01  9.60123738e-03 
 1.22694477e+01  9.60552337e-03 
 1.22790191e+01  9.60980936e-03 
 1.22885905e+01  9.61409535e-03 
 1.22981619e+01  9.61838134e-03 
 1.23077333e+01  9.62266733e-03 
 1.23173047e+01  9.62695331e-03 
 1.23268761e+01  9.63123930e-03 
 1.23364475e+01  9.63552529e-03 
 1.23460189e+01  9.63981128e-03 
 1.23555903e+01  9.64409727e-03 
 1.23651617e+01  9.64838326e-03 
 1.23747331e+01  9.65266924e-03 
 1.23843045e+01  9.65695523e-03 
 1.23938759e+01  9.66124122e-03 
 1.24034473e+01  9.66552721e-03 
 1.24130187e+01  9.66981320e-03 
 1.24225901e+01  9.67409918e-03 
 1.24321615e+01  9.67838517e-03 
 1.24417329e+01  9.68267116e-03 
 1.24513043e+01  9.68695715e-03 
 1.24608757e+01  9.69124314e-03 
 1.24704471e+01  9.69552913e-03 
 1.24800185e+01  9.69981511e-03 
 1.24895899e+01  9.70410110e-03 
 1.24991613e+01  9.70838709e-03 
 1.25087327e+01  9.71267308e-03 
 1.25183041e+01  9.71695907e-03 
 1.25278755e+01  9.72124506e-03 
 1.25374469e+01  9.72553104e-03 
 1.25470183e+01  9.72981703e-03 
 1.25565897e+01  9.73410302e-03 
 1.25661611e+01  9.73838901e-03 
 1.25757325e+01  9.74267500e-03 
 1.25853039e+01  9.74696098e-03 
 1.25948753e+01  9.75124697e-03 
 1.26044467e+01  9.75553296e-03 
 1.26140181e+01  9.75981895e-03 
 1.26235895e+01  9.76410494e-03 
 1.26331609e+01  9.76839093e-03 
 1.26427323e+01  9.77267691e-03 
 1.26523037e+01  9.77696290e-03 
 1.26618751e+01  9.78124889e-03 
 1.26714465e+01  9.78553488e-03 
 1.26810179e+01  9.78982087e-03 
 1.26905893e+01  9.79410686e-03 
 1.27001607e+01  9.79839284e-03 
 1.27097321e+01  9.80267883e-03 
 1.27193035e+01  9.80696482e-03 
 1.27288749e+01  9.81125081e-03 
 1.27384463e+01  9.81553680e-03 
 1.27480177e+01  9.81982279e-03 
 1.27575891e+01  9.82410877e-03 
 1.27671605e+01  9.82839476e-03 
 1.27767319e+01  9.83268075e-03 
 1.27863033e+01  9.83696674e-03 
 1.27958747e+01  9.84125273e-03 
 1.28054461e+01  9.84553871e-03 
 1.28150175e+01  9.84982470e-03 
 1.28245889e+01  9.85411069e-03 
 1.28341603e+01  9.85839668e-03 
 1.28437317e+01  9.86268267e-03 
 1.28533031e+01  9.86696866e-03 
 1.28628745e+01  9.87125464e-03 
 1.28724459e+01  9.87554063e-03 
 1.28820173e+01  9.87982662e-03 
 1.28915887e+01  9.88411261e-03 
 1.29011601e+01  9.88839860e-03 
 1.29107315e+01  9.89268459e-03 
 1.29203029e+01  9.89697057e-03 
 1.29298743e+01  9.90125656e-03 
 1.29394457e+01  9.90554255e-03 
 1.29490171e+01  9.90982854e-03 
 1.29585885e+01  9.91411453e-03 
 1.29681599e+01  9.91840051e-03 
 1.29777313e+01  9.92268650e-03 
 1.29873028e+01  9.92697249e-03 
 1.29968742e+01  9.93125848e-03 
 1.30064456e+01  9.93554447e-03 
 1.30160170e+01  9.93983046e-03 
 1.30255884e+01  9.94411644e-03 
 1.30351598e+01  9.94840243e-03 
 1.30447312e+01  9.95268842e-03 
 1.30543026e+01  9.95697441e-03 
 1.30638740e+01  9.96126040e-03 
 1.30734454e+01  9.96554639e-03 
 1.30830168e+01  9.96983237e-03 
 1.30925882e+01  9.97411836e-03 
 1.31021596e+01  9.97840435e-03 
 1.31117310e+01  9.98269034e-03 
 1.31213024e+01  9.98697633e-03 
 1.31308738e+01  9.99126232e-03 
 1.31404452e+01  9.99554830e-03 
 1.31500166e+01  9.99983429e-03 
 1.31595880e+01  1.00041203e-02 
 1.31691594e+01  1.00084063e-02 
 1.31787308e+01  1.00126923e-02 
 1.31883022e+01  1.00169782e-02 
 1.31978736e+01  1.00212642e-02 
 1.32074450e+01  1.00255502e-02 
 1.32170164e+01  1.00298362e-02 
 1.32265878e+01  1.00341222e-02 
 1.32361592e+01  1.00384082e-02 
 1.32457306e+01  1.00426942e-02 
 1.32553020e+01  1.00469802e-02 
 1.32648734e+01  1.00512662e-02 
 1.32744448e+01  1.00555521e-02 
 1.32840162e+01  1.00598381e-02 
 1.32935876e+01  1.00641241e-02 
 1.33031590e+01  1.00684101e-02 
 1.33127304e+01  1.00726961e-02 
 1.33223018e+01  1.00769821e-02 
 1.33318732e+01  1.00812681e-02 
 1.33414446e+01  1.00855541e-02 
 1.33510160e+01  1.00898400e-02 
 1.33605874e+01  1.00941260e-02 
 1.33701588e+01  1.00984120e-02 
 1.33797302e+01  1.01026980e-02 
 1.33893016e+01  1.01069840e-02 
 1.33988730e+01  1.01112700e-02 
 1.34084444e+01  1.01155560e-02 
 1.34180158e+01  1.01198420e-02 
 1.34275872e+01  1.01241280e-02 
 1.34371586e+01  1.01284139e-02 
 1.34467300e+01  1.01326999e-02 
 1.34563014e+01  1.01369859e-02 
 1.34658728e+01  1.01412719e-02 
 1.34754442e+01  1.01455579e-02 
 1.34850156e+01  1.01498439e-02 
 1.34945870e+01  1.01541299e-02 
 1.35041584e+01  1.01584159e-02 
 1.35137298e+01  1.01627018e-02 
 1.35233012e+01  1.01669878e-02 
 1.35328726e+01  1.01712738e-02 
 1.35424440e+01  1.01755598e-02 
 1.35520154e+01  1.01798458e-02 
 1.35615868e+01  1.01841318e-02 
 1.35711582e+01  1.01884178e-02 
 1.35807296e+01  1.01927038e-02 
 1.35903010e+01  1.01969898e-02 
 1.35998724e+01  1.02012757e-02 
 1.36094438e+01  1.02055617e-02 
 1.36190152e+01  1.02098477e-02 
 1.36285866e+01  1.02141337e-02 
 1.36381580e+01  1.02184197e-02 
 1.36477294e+01  1.02227057e-02 
 1.36573008e+01  1.02269917e-02 
 1.36668722e+01  1.02312777e-02 
 1.36764436e+01  1.02355636e-02 
 1.36860150e+01  1.02398496e-02 
 1.36955864e+01  1.02441356e-02 
 1.37051578e+01  1.02484216e-02 
 1.37147292e+01  1.02527076e-02 
 1.37243006e+01  1.02569936e-02 
 1.37338720e+01  1.02612796e-02 
 1.37434434e+01  1.02655656e-02 
 1.37530148e+01  1.02698516e-02 
 1.37625862e+01  1.02741375e-02 
 1.37721576e+01  1.02784235e-02 
 1.37817290e+01  1.02827095e-02 
 1.37913004e+01  1.02869955e-02 
 1.38008719e+01  1.02912815e-02 
 1.38104433e+01  1.02955675e-02 
 1.38200147e+01  1.02998535e-02 
 1.38295861e+01  1.03041395e-02 
 1.38391575e+01  1.03084254e-02 
 1.38487289e+01  1.03127114e-02 
 1.38583003e+01  1.03169974e-02 
 1.38678717e+01  1.03212834e-02 
 1.38774431e+01  1.03255694e-02 
 1.38870145e+01  1.03298554e-02 
 1.38965859e+01  1.03341414e-02 
 1.39061573e+01  1.03384274e-02 
 1.39157287e+01  1.03427134e-02 
 1.39253001e+01  1.03469993e-02 
 1.39348715e+01  1.03512853e-02 
 1.39444429e+01  1.03555713e-02 
 1.39540143e+01  1.03598573e-02 
 1.39635857e+01  1.03641433e-02 
