 2.19110945e-02 -2.19110945e-04 
 2.50971757e-02 -1.50971757e-04 
 2.82901983e-02 -8.29019829e-05 
 3.14850998e-02 -1.48509978e-05 
 3.46836959e-02  5.31630415e-05 
 3.78860909e-02  1.21139091e-04 
 4.10923920e-02  1.89076080e-04 
 4.43027107e-02  2.56972893e-04 
 4.75171636e-02  3.24828364e-04 
 5.07358722e-02  3.92641278e-04 
 5.39589633e-02  4.60410367e-04 
 5.71865694e-02  5.28134306e-04 
 6.04188290e-02  5.95811710e-04 
 6.36558868e-02  6.63441132e-04 
 6.68978944e-02  7.31021056e-04 
 7.01450105e-02  7.98549895e-04 
 7.33974012e-02  8.66025988e-04 
 7.66552410e-02  9.33447590e-04 
 7.99187127e-02  1.00081287e-03 
 8.31880084e-02  1.06811992e-03 
 8.64633299e-02  1.13536670e-03 
 8.97448895e-02  1.20255110e-03 
 9.30329108e-02  1.26967089e-03 
 9.63276290e-02  1.33672371e-03 
 9.96292923e-02  1.40370708e-03 
 1.02938163e-01  1.47061837e-03 
 1.06254516e-01  1.53745484e-03 
 1.09578646e-01  1.60421354e-03 
 1.12910862e-01  1.67089138e-03 
 1.16251491e-01  1.73748509e-03 
 1.19600880e-01  1.80399120e-03 
 1.22959400e-01  1.87040600e-03 
 1.26327442e-01  1.93672558e-03 
 1.29705423e-01  2.00294577e-03 
 1.33093788e-01  2.06906212e-03 
 1.36493011e-01  2.13506989e-03 
 1.39903598e-01  2.20096402e-03 
 1.43326091e-01  2.26673909e-03 
 1.46761069e-01  2.33238931e-03 
 1.50209155e-01  2.39790845e-03 
 1.53671014e-01  2.46328986e-03 
 1.57147367e-01  2.52852633e-03 
 1.60638986e-01  2.59361014e-03 
 1.64146706e-01  2.65853294e-03 
 1.67671430e-01  2.72328570e-03 
 1.71214135e-01  2.78785865e-03 
 1.74775882e-01  2.85224118e-03 
 1.78357825e-01  2.91642175e-03 
 1.81961218e-01  2.98038782e-03 
 1.85587433e-01  3.04412567e-03 
 1.89237971e-01  3.10762029e-03 
 1.92914478e-01  3.17085522e-03 
 1.96618761e-01  3.23381239e-03 
 2.00352815e-01  3.29647185e-03 
 2.04118843e-01  3.35881157e-03 
 2.07919284e-01  3.42080716e-03 
 2.11756850e-01  3.48243150e-03 
 2.15634562e-01  3.54365438e-03 
 2.19555798e-01  3.60444202e-03 
 2.23524341e-01  3.66475659e-03 
 2.27544449e-01  3.72455551e-03 
 2.31620923e-01  3.78379077e-03 
 2.35759197e-01  3.84240803e-03 
 2.39965440e-01  3.90034560e-03 
 2.44246677e-01  3.95753323e-03 
 2.48610928e-01  4.01389072e-03 
 2.53067373e-01  4.06932627e-03 
 2.57626542e-01  4.12373458e-03 
 2.62300525e-01  4.17699475e-03 
 2.67103199e-01  4.22896801e-03 
 2.72050474e-01  4.27949526e-03 
 2.77160507e-01  4.32839493e-03 
 2.82453866e-01  4.37546134e-03 
 2.87953556e-01  4.42046444e-03 
 2.93684806e-01  4.46315194e-03 
 2.99674438e-01  4.50325562e-03 
 3.05949654e-01  4.54050346e-03 
 3.12536023e-01  4.57463977e-03 
 3.19454650e-01  4.60545350e-03 
 3.26718742e-01  4.63281258e-03 
 3.34330266e-01  4.65669734e-03 
 3.42277771e-01  4.67722229e-03 
 3.50536397e-01  4.69463603e-03 
 3.59070461e-01  4.70929539e-03 
 3.67837942e-01  4.72162058e-03 
 3.76795467e-01  4.73204533e-03 
 3.85902447e-01  4.74097553e-03 
 3.95123642e-01  4.74876358e-03 
 4.04430163e-01  4.75569837e-03 
 4.13799329e-01  4.76200671e-03 
 4.23213893e-01  4.76786107e-03 
 4.32661049e-01  4.77338951e-03 
 4.42131444e-01  4.77868556e-03 
 4.51618332e-01  4.78381668e-03 
 4.61116886e-01  4.78883114e-03 
 4.70623676e-01  4.79376324e-03 
 4.80136269e-01  4.79863731e-03 
 4.89652951e-01  4.80347049e-03 
 4.99172510e-01  4.80827490e-03 
 5.08694096e-01  4.81305904e-03 
 5.18217107e-01  4.81782893e-03 
 5.27741122e-01  4.82258878e-03 
 5.37265845e-01  4.82734155e-03 
 5.46791067e-01  4.83208933e-03 
 5.56316640e-01  4.83683360e-03 
 5.65842462e-01  4.84157538e-03 
 5.75368459e-01  4.84631541e-03 
 5.84894580e-01  4.85105420e-03 
 5.94420789e-01  4.85579211e-03 
 6.03947060e-01  4.86052940e-03 
 6.13473375e-01  4.86526625e-03 
 6.22999721e-01  4.87000279e-03 
 6.32526089e-01  4.87473911e-03 
 6.42052473e-01  4.87947527e-03 
 6.51578869e-01  4.88421131e-03 
 6.61105272e-01  4.88894728e-03 
 6.70631682e-01  4.89368318e-03 
 6.80158095e-01  4.89841905e-03 
 6.89684511e-01  4.90315489e-03 
 6.99210930e-01  4.90789070e-03 
 7.08737350e-01  4.91262650e-03 
 7.18263771e-01  4.91736229e-03 
 7.27790192e-01  4.92209808e-03 
 7.37316615e-01  4.92683385e-03 
 7.46843037e-01  4.93156963e-03 
 7.56369461e-01  4.93630539e-03 
 7.65895884e-01  4.94104116e-03 
 7.75422307e-01  4.94577693e-03 
 7.84948731e-01  4.95051269e-03 
 7.94475154e-01  4.95524846e-03 
 8.04001578e-01  4.95998422e-03 
 8.13528002e-01  4.96471998e-03 
 8.23054426e-01  4.96945574e-03 
 8.32580849e-01  4.97419151e-03 
 8.42107273e-01  4.97892727e-03 
 8.51633697e-01  4.98366303e-03 
 8.61160121e-01  4.98839879e-03 
 8.70686545e-01  4.99313455e-03 
 8.80212969e-01  4.99787031e-03 
 8.89739392e-01  5.00260608e-03 
 8.99265816e-01  5.00734184e-03 
 9.08792240e-01  5.01207760e-03 
 9.18318664e-01  5.01681336e-03 
 9.27845088e-01  5.02154912e-03 
 9.37371512e-01  5.02628488e-03 
 9.46897935e-01  5.03102065e-03 
 9.56424359e-01  5.03575641e-03 
 9.65950783e-01  5.04049217e-03 
 9.75477207e-01  5.04522793e-03 
 9.85003631e-01  5.04996369e-03 
 9.94530055e-01  5.05469945e-03 
 1.00405648e+00  5.05943521e-03 
 1.01358290e+00  5.06417098e-03 
 1.02310933e+00  5.06890674e-03 
 1.03263575e+00  5.07364250e-03 
 1.04216217e+00  5.07837826e-03 
 1.05168860e+00  5.08311402e-03 
 1.06121502e+00  5.08784978e-03 
 1.07074145e+00  5.09258554e-03 
 1.08026787e+00  5.09732131e-03 
 1.08979429e+00  5.10205707e-03 
 1.09932072e+00  5.10679283e-03 
 1.10884714e+00  5.11152859e-03 
 1.11837356e+00  5.11626435e-03 
 1.12789999e+00  5.12100011e-03 
 1.13742641e+00  5.12573587e-03 
 1.14695284e+00  5.13047163e-03 
 1.15647926e+00  5.13520740e-03 
 1.16600568e+00  5.13994316e-03 
 1.17553211e+00  5.14467892e-03 
 1.18505853e+00  5.14941468e-03 
 1.19458496e+00  5.15415044e-03 
 1.20411138e+00  5.15888620e-03 
 1.21363780e+00  5.16362196e-03 
 1.22316423e+00  5.16835773e-03 
 1.23269065e+00  5.17309349e-03 
 1.24221708e+00  5.17782925e-03 
 1.25174350e+00  5.18256501e-03 
 1.26126992e+00  5.18730077e-03 
 1.27079635e+00  5.19203653e-03 
 1.28032277e+00  5.19677229e-03 
 1.28984919e+00  5.20150806e-03 
 1.29937562e+00  5.20624382e-03 
 1.30890204e+00  5.21097958e-03 
 1.31842847e+00  5.21571534e-03 
 1.32795489e+00  5.22045110e-03 
 1.33748131e+00  5.22518686e-03 
 1.34700774e+00  5.22992262e-03 
 1.35653416e+00  5.23465839e-03 
 1.36606059e+00  5.23939415e-03 
 1.37558701e+00  5.24412991e-03 
 1.38511343e+00  5.24886567e-03 
 1.39463986e+00  5.25360143e-03 
 1.40416628e+00  5.25833719e-03 
 1.41369270e+00  5.26307295e-03 
 1.42321913e+00  5.26780872e-03 
 1.43274555e+00  5.27254448e-03 
 1.44227198e+00  5.27728024e-03 
 1.45179840e+00  5.28201600e-03 
 1.46132482e+00  5.28675176e-03 
 1.47085125e+00  5.29148752e-03 
 1.48037767e+00  5.29622328e-03 
 1.48990410e+00  5.30095905e-03 
 1.49943052e+00  5.30569481e-03 
 1.50895694e+00  5.31043057e-03 
 1.51848337e+00  5.31516633e-03 
 1.52800979e+00  5.31990209e-03 
 1.53753621e+00  5.32463785e-03 
 1.54706264e+00  5.32937361e-03 
 1.55658906e+00  5.33410938e-03 
 1.56611549e+00  5.33884514e-03 
 1.57564191e+00  5.34358090e-03 
 1.58516833e+00  5.34831666e-03 
 1.59469476e+00  5.35305242e-03 
 1.60422118e+00  5.35778818e-03 
 1.61374761e+00  5.36252394e-03 
 1.62327403e+00  5.36725971e-03 
 1.63280045e+00  5.37199547e-03 
 1.64232688e+00  5.37673123e-03 
 1.65185330e+00  5.38146699e-03 
 1.66137972e+00  5.38620275e-03 
 1.67090615e+00  5.39093851e-03 
 1.68043257e+00  5.39567427e-03 
 1.68995900e+00  5.40041004e-03 
 1.69948542e+00  5.40514580e-03 
 1.70901184e+00  5.40988156e-03 
 1.71853827e+00  5.41461732e-03 
 1.72806469e+00  5.41935308e-03 
 1.73759112e+00  5.42408884e-03 
 1.74711754e+00  5.42882460e-03 
 1.75664396e+00  5.43356037e-03 
 1.76617039e+00  5.43829613e-03 
 1.77569681e+00  5.44303189e-03 
 1.78522323e+00  5.44776765e-03 
 1.79474966e+00  5.45250341e-03 
 1.80427608e+00  5.45723917e-03 
 1.81380251e+00  5.46197493e-03 
 1.82332893e+00  5.46671070e-03 
 1.83285535e+00  5.47144646e-03 
 1.84238178e+00  5.47618222e-03 
 1.85190820e+00  5.48091798e-03 
 1.86143463e+00  5.48565374e-03 
 1.87096105e+00  5.49038950e-03 
 1.88048747e+00  5.49512526e-03 
 1.89001390e+00  5.49986103e-03 
 1.89954032e+00  5.50459679e-03 
 1.90906675e+00  5.50933255e-03 
 1.91859317e+00  5.51406831e-03 
 1.92811959e+00  5.51880407e-03 
 1.93764602e+00  5.52353983e-03 
 1.94717244e+00  5.52827559e-03 
 1.95669886e+00  5.53301136e-03 
 1.96622529e+00  5.53774712e-03 
 1.97575171e+00  5.54248288e-03 
 1.98527814e+00  5.54721864e-03 
 1.99480456e+00  5.55195440e-03 
 2.00433098e+00  5.55669016e-03 
 2.01385741e+00  5.56142592e-03 
 2.02338383e+00  5.56616169e-03 
 2.03291026e+00  5.57089745e-03 
 2.04243668e+00  5.57563321e-03 
 2.05196310e+00  5.58036897e-03 
 2.06148953e+00  5.58510473e-03 
 2.07101595e+00  5.58984049e-03 
 2.08054237e+00  5.59457625e-03 
 2.09006880e+00  5.59931202e-03 
 2.09959522e+00  5.60404778e-03 
 2.10912165e+00  5.60878354e-03 
 2.11864807e+00  5.61351930e-03 
 2.12817449e+00  5.61825506e-03 
 2.13770092e+00  5.62299082e-03 
 2.14722734e+00  5.62772658e-03 
 2.15675377e+00  5.63246235e-03 
 2.16628019e+00  5.63719811e-03 
 2.17580661e+00  5.64193387e-03 
 2.18533304e+00  5.64666963e-03 
 2.19485946e+00  5.65140539e-03 
 2.20438588e+00  5.65614115e-03 
 2.21391231e+00  5.66087691e-03 
 2.22343873e+00  5.66561268e-03 
 2.23296516e+00  5.67034844e-03 
 2.24249158e+00  5.67508420e-03 
 2.25201800e+00  5.67981996e-03 
 2.26154443e+00  5.68455572e-03 
 2.27107085e+00  5.68929148e-03 
 2.28059728e+00  5.69402724e-03 
 2.29012370e+00  5.69876301e-03 
 2.29965012e+00  5.70349877e-03 
 2.30917655e+00  5.70823453e-03 
 2.31870297e+00  5.71297029e-03 
 2.32822939e+00  5.71770605e-03 
 2.33775582e+00  5.72244181e-03 
 2.34728224e+00  5.72717757e-03 
 2.35680867e+00  5.73191334e-03 
 2.36633509e+00  5.73664910e-03 
 2.37586151e+00  5.74138486e-03 
 2.38538794e+00  5.74612062e-03 
 2.39491436e+00  5.75085638e-03 
 2.40444079e+00  5.75559214e-03 
 2.41396721e+00  5.76032790e-03 
 2.42349363e+00  5.76506367e-03 
 2.43302006e+00  5.76979943e-03 
 2.44254648e+00  5.77453519e-03 
 2.45207291e+00  5.77927095e-03 
 2.46159933e+00  5.78400671e-03 
 2.47112575e+00  5.78874247e-03 
 2.48065218e+00  5.79347823e-03 
 2.49017860e+00  5.79821400e-03 
 2.49970502e+00  5.80294976e-03 
 2.50923145e+00  5.80768552e-03 
 2.51875787e+00  5.81242128e-03 
 2.52828430e+00  5.81715704e-03 
 2.53781072e+00  5.82189280e-03 
 2.54733714e+00  5.82662856e-03 
 2.55686357e+00  5.83136433e-03 
 2.56638999e+00  5.83610009e-03 
 2.57591642e+00  5.84083585e-03 
 2.58544284e+00  5.84557161e-03 
 2.59496926e+00  5.85030737e-03 
 2.60449569e+00  5.85504313e-03 
 2.61402211e+00  5.85977889e-03 
 2.62354853e+00  5.86451466e-03 
 2.63307496e+00  5.86925042e-03 
 2.64260138e+00  5.87398618e-03 
 2.65212781e+00  5.87872194e-03 
 2.66165423e+00  5.88345770e-03 
 2.67118065e+00  5.88819346e-03 
 2.68070708e+00  5.89292922e-03 
 2.69023350e+00  5.89766499e-03 
 2.69975993e+00  5.90240075e-03 
 2.70928635e+00  5.90713651e-03 
 2.71881277e+00  5.91187227e-03 
 2.72833920e+00  5.91660803e-03 
 2.73786562e+00  5.92134379e-03 
 2.74739204e+00  5.92607955e-03 
 2.75691847e+00  5.93081532e-03 
 2.76644489e+00  5.93555108e-03 
 2.77597132e+00  5.94028684e-03 
 2.78549774e+00  5.94502260e-03 
 2.79502416e+00  5.94975836e-03 
 2.80455059e+00  5.95449412e-03 
 2.81407701e+00  5.95922988e-03 
 2.82360344e+00  5.96396565e-03 
 2.83312986e+00  5.96870141e-03 
 2.84265628e+00  5.97343717e-03 
 2.85218271e+00  5.97817293e-03 
 2.86170913e+00  5.98290869e-03 
 2.87123555e+00  5.98764445e-03 
 2.88076198e+00  5.99238021e-03 
 2.89028840e+00  5.99711598e-03 
 2.89981483e+00  6.00185174e-03 
 2.90934125e+00  6.00658750e-03 
 2.91886767e+00  6.01132326e-03 
 2.92839410e+00  6.01605902e-03 
 2.93792052e+00  6.02079478e-03 
 2.94744695e+00  6.02553054e-03 
 2.95697337e+00  6.03026631e-03 
 2.96649979e+00  6.03500207e-03 
 2.97602622e+00  6.03973783e-03 
 2.98555264e+00  6.04447359e-03 
 2.99507906e+00  6.04920935e-03 
 3.00460549e+00  6.05394511e-03 
 3.01413191e+00  6.05868087e-03 
 3.02365834e+00  6.06341664e-03 
 3.03318476e+00  6.06815240e-03 
 3.04271118e+00  6.07288816e-03 
 3.05223761e+00  6.07762392e-03 
 3.06176403e+00  6.08235968e-03 
 3.07129046e+00  6.08709544e-03 
 3.08081688e+00  6.09183120e-03 
 3.09034330e+00  6.09656697e-03 
 3.09986973e+00  6.10130273e-03 
 3.10939615e+00  6.10603849e-03 
 3.11892257e+00  6.11077425e-03 
 3.12844900e+00  6.11551001e-03 
 3.13797542e+00  6.12024577e-03 
 3.14750185e+00  6.12498153e-03 
 3.15702827e+00  6.12971730e-03 
 3.16655469e+00  6.13445306e-03 
 3.17608112e+00  6.13918882e-03 
 3.18560754e+00  6.14392458e-03 
 3.19513397e+00  6.14866034e-03 
 3.20466039e+00  6.15339610e-03 
 3.21418681e+00  6.15813186e-03 
 3.22371324e+00  6.16286763e-03 
 3.23323966e+00  6.16760339e-03 
 3.24276609e+00  6.17233915e-03 
 3.25229251e+00  6.17707491e-03 
 3.26181893e+00  6.18181067e-03 
 3.27134536e+00  6.18654643e-03 
 3.28087178e+00  6.19128219e-03 
 3.29039820e+00  6.19601796e-03 
 3.29992463e+00  6.20075372e-03 
 3.30945105e+00  6.20548948e-03 
 3.31897748e+00  6.21022524e-03 
 3.32850390e+00  6.21496100e-03 
 3.33803032e+00  6.21969676e-03 
 3.34755675e+00  6.22443252e-03 
 3.35708317e+00  6.22916829e-03 
 3.36660960e+00  6.23390405e-03 
 3.37613602e+00  6.23863981e-03 
 3.38566244e+00  6.24337557e-03 
 3.39518887e+00  6.24811133e-03 
 3.40471529e+00  6.25284709e-03 
 3.41424171e+00  6.25758285e-03 
 3.42376814e+00  6.26231862e-03 
 3.43329456e+00  6.26705438e-03 
 3.44282099e+00  6.27179014e-03 
 3.45234741e+00  6.27652590e-03 
 3.46187383e+00  6.28126166e-03 
 3.47140026e+00  6.28599742e-03 
 3.48092668e+00  6.29073318e-03 
 3.49045311e+00  6.29546895e-03 
 3.49997953e+00  6.30020471e-03 
 3.50950595e+00  6.30494047e-03 
 3.51903238e+00  6.30967623e-03 
 3.52855880e+00  6.31441199e-03 
 3.53808522e+00  6.31914775e-03 
 3.54761165e+00  6.32388351e-03 
 3.55713807e+00  6.32861928e-03 
 3.56666450e+00  6.33335504e-03 
 3.57619092e+00  6.33809080e-03 
 3.58571734e+00  6.34282656e-03 
 3.59524377e+00  6.34756232e-03 
 3.60477019e+00  6.35229808e-03 
 3.61429662e+00  6.35703384e-03 
 3.62382304e+00  6.36176961e-03 
 3.63334946e+00  6.36650537e-03 
 3.64287589e+00  6.37124113e-03 
 3.65240231e+00  6.37597689e-03 
 3.66192873e+00  6.38071265e-03 
 3.67145516e+00  6.38544841e-03 
 3.68098158e+00  6.39018417e-03 
 3.69050801e+00  6.39491994e-03 
 3.70003443e+00  6.39965570e-03 
 3.70956085e+00  6.40439146e-03 
 3.71908728e+00  6.40912722e-03 
 3.72861370e+00  6.41386298e-03 
 3.73814013e+00  6.41859874e-03 
 3.74766655e+00  6.42333451e-03 
 3.75719297e+00  6.42807027e-03 
 3.76671940e+00  6.43280603e-03 
 3.77624582e+00  6.43754179e-03 
 3.78577224e+00  6.44227755e-03 
 3.79529867e+00  6.44701331e-03 
 3.80482509e+00  6.45174907e-03 
 3.81435152e+00  6.45648484e-03 
 3.82387794e+00  6.46122060e-03 
 3.83340436e+00  6.46595636e-03 
 3.84293079e+00  6.47069212e-03 
 3.85245721e+00  6.47542788e-03 
 3.86198364e+00  6.48016364e-03 
 3.87151006e+00  6.48489940e-03 
 3.88103648e+00  6.48963517e-03 
 3.89056291e+00  6.49437093e-03 
 3.90008933e+00  6.49910669e-03 
 3.90961576e+00  6.50384245e-03 
 3.91914218e+00  6.50857821e-03 
 3.92866860e+00  6.51331397e-03 
 3.93819503e+00  6.51804973e-03 
 3.94772145e+00  6.52278550e-03 
 3.95724787e+00  6.52752126e-03 
 3.96677430e+00  6.53225702e-03 
 3.97630072e+00  6.53699278e-03 
 3.98582715e+00  6.54172854e-03 
 3.99535357e+00  6.54646430e-03 
 4.00487999e+00  6.55120006e-03 
 4.01440642e+00  6.55593583e-03 
 4.02393284e+00  6.56067159e-03 
 4.03345927e+00  6.56540735e-03 
 4.04298569e+00  6.57014311e-03 
 4.05251211e+00  6.57487887e-03 
 4.06203854e+00  6.57961463e-03 
 4.07156496e+00  6.58435039e-03 
 4.08109138e+00  6.58908616e-03 
 4.09061781e+00  6.59382192e-03 
 4.10014423e+00  6.59855768e-03 
 4.10967066e+00  6.60329344e-03 
 4.11919708e+00  6.60802920e-03 
 4.12872350e+00  6.61276496e-03 
 4.13824993e+00  6.61750072e-03 
 4.14777635e+00  6.62223649e-03 
 4.15730278e+00  6.62697225e-03 
 4.16682920e+00  6.63170801e-03 
 4.17635562e+00  6.63644377e-03 
 4.18588205e+00  6.64117953e-03 
 4.19540847e+00  6.64591529e-03 
 4.20493489e+00  6.65065105e-03 
 4.21446132e+00  6.65538682e-03 
 4.22398774e+00  6.66012258e-03 
 4.23351417e+00  6.66485834e-03 
 4.24304059e+00  6.66959410e-03 
 4.25256701e+00  6.67432986e-03 
 4.26209344e+00  6.67906562e-03 
 4.27161986e+00  6.68380138e-03 
 4.28114629e+00  6.68853715e-03 
 4.29067271e+00  6.69327291e-03 
 4.30019913e+00  6.69800867e-03 
 4.30972556e+00  6.70274443e-03 
 4.31925198e+00  6.70748019e-03 
 4.32877840e+00  6.71221595e-03 
 4.33830483e+00  6.71695171e-03 
 4.34783125e+00  6.72168748e-03 
 4.35735768e+00  6.72642324e-03 
 4.36688410e+00  6.73115900e-03 
 4.37641052e+00  6.73589476e-03 
 4.38593695e+00  6.74063052e-03 
 4.39546337e+00  6.74536628e-03 
 4.40498980e+00  6.75010204e-03 
 4.41451622e+00  6.75483781e-03 
 4.42404264e+00  6.75957357e-03 
 4.43356907e+00  6.76430933e-03 
 4.44309549e+00  6.76904509e-03 
 4.45262191e+00  6.77378085e-03 
 4.46214834e+00  6.77851661e-03 
 4.47167476e+00  6.78325237e-03 
 4.48120119e+00  6.78798814e-03 
 4.49072761e+00  6.79272390e-03 
 4.50025403e+00  6.79745966e-03 
 4.50978046e+00  6.80219542e-03 
 4.51930688e+00  6.80693118e-03 
 4.52883331e+00  6.81166694e-03 
 4.53835973e+00  6.81640270e-03 
 4.54788615e+00  6.82113847e-03 
 4.55741258e+00  6.82587423e-03 
 4.56693900e+00  6.83060999e-03 
 4.57646542e+00  6.83534575e-03 
 4.58599185e+00  6.84008151e-03 
 4.59551827e+00  6.84481727e-03 
 4.60504470e+00  6.84955303e-03 
 4.61457112e+00  6.85428880e-03 
 4.62409754e+00  6.85902456e-03 
 4.63362397e+00  6.86376032e-03 
 4.64315039e+00  6.86849608e-03 
 4.65267682e+00  6.87323184e-03 
 4.66220324e+00  6.87796760e-03 
 4.67172966e+00  6.88270337e-03 
 4.68125609e+00  6.88743913e-03 
 4.69078251e+00  6.89217489e-03 
 4.70030894e+00  6.89691065e-03 
 4.70983536e+00  6.90164641e-03 
 4.71936178e+00  6.90638217e-03 
 4.72888821e+00  6.91111793e-03 
 4.73841463e+00  6.91585370e-03 
 4.74794105e+00  6.92058946e-03 
 4.75746748e+00  6.92532522e-03 
 4.76699390e+00  6.93006098e-03 
 4.77652033e+00  6.93479674e-03 
 4.78604675e+00  6.93953250e-03 
 4.79557317e+00  6.94426826e-03 
 4.80509960e+00  6.94900403e-03 
 4.81462602e+00  6.95373979e-03 
 4.82415245e+00  6.95847555e-03 
 4.83367887e+00  6.96321131e-03 
 4.84320529e+00  6.96794707e-03 
 4.85273172e+00  6.97268283e-03 
 4.86225814e+00  6.97741859e-03 
 4.87178456e+00  6.98215436e-03 
 4.88131099e+00  6.98689012e-03 
 4.89083741e+00  6.99162588e-03 
 4.90036384e+00  6.99636164e-03 
 4.90989026e+00  7.00109740e-03 
 4.91941668e+00  7.00583316e-03 
 4.92894311e+00  7.01056892e-03 
 4.93846953e+00  7.01530469e-03 
 4.94799596e+00  7.02004045e-03 
 4.95752238e+00  7.02477621e-03 
 4.96704880e+00  7.02951197e-03 
 4.97657523e+00  7.03424773e-03 
 4.98610165e+00  7.03898349e-03 
 4.99562807e+00  7.04371925e-03 
 5.00515450e+00  7.04845502e-03 
 5.01468092e+00  7.05319078e-03 
 5.02420735e+00  7.05792654e-03 
 5.03373377e+00  7.06266230e-03 
 5.04326019e+00  7.06739806e-03 
 5.05278662e+00  7.07213382e-03 
 5.06231304e+00  7.07686958e-03 
 5.07183947e+00  7.08160535e-03 
 5.08136589e+00  7.08634111e-03 
 5.09089231e+00  7.09107687e-03 
 5.10041874e+00  7.09581263e-03 
 5.10994516e+00  7.10054839e-03 
 5.11947158e+00  7.10528415e-03 
 5.12899801e+00  7.11001991e-03 
 5.13852443e+00  7.11475568e-03 
 5.14805086e+00  7.11949144e-03 
 5.15757728e+00  7.12422720e-03 
 5.16710370e+00  7.12896296e-03 
 5.17663013e+00  7.13369872e-03 
 5.18615655e+00  7.13843448e-03 
 5.19568298e+00  7.14317024e-03 
 5.20520940e+00  7.14790601e-03 
 5.21473582e+00  7.15264177e-03 
 5.22426225e+00  7.15737753e-03 
 5.23378867e+00  7.16211329e-03 
 5.24331509e+00  7.16684905e-03 
 5.25284152e+00  7.17158481e-03 
 5.26236794e+00  7.17632058e-03 
 5.27189437e+00  7.18105634e-03 
 5.28142079e+00  7.18579210e-03 
 5.29094721e+00  7.19052786e-03 
 5.30047364e+00  7.19526362e-03 
 5.31000006e+00  7.19999938e-03 
 5.31952649e+00  7.20473514e-03 
 5.32905291e+00  7.20947091e-03 
 5.33857933e+00  7.21420667e-03 
 5.34810576e+00  7.21894243e-03 
 5.35763218e+00  7.22367819e-03 
 5.36715860e+00  7.22841395e-03 
 5.37668503e+00  7.23314971e-03 
 5.38621145e+00  7.23788547e-03 
 5.39573788e+00  7.24262124e-03 
 5.40526430e+00  7.24735700e-03 
 5.41479072e+00  7.25209276e-03 
 5.42431715e+00  7.25682852e-03 
 5.43384357e+00  7.26156428e-03 
 5.44337000e+00  7.26630004e-03 
 5.45289642e+00  7.27103580e-03 
 5.46242284e+00  7.27577157e-03 
 5.47194927e+00  7.28050733e-03 
 5.48147569e+00  7.28524309e-03 
 5.49100212e+00  7.28997885e-03 
 5.50052854e+00  7.29471461e-03 
 5.51005496e+00  7.29945037e-03 
 5.51958139e+00  7.30418613e-03 
 5.52910781e+00  7.30892190e-03 
 5.53863423e+00  7.31365766e-03 
 5.54816066e+00  7.31839342e-03 
 5.55768708e+00  7.32312918e-03 
 5.56721351e+00  7.32786494e-03 
 5.57673993e+00  7.33260070e-03 
 5.58626635e+00  7.33733646e-03 
 5.59579278e+00  7.34207223e-03 
 5.60531920e+00  7.34680799e-03 
 5.61484563e+00  7.35154375e-03 
 5.62437205e+00  7.35627951e-03 
 5.63389847e+00  7.36101527e-03 
 5.64342490e+00  7.36575103e-03 
 5.65295132e+00  7.37048679e-03 
 5.66247774e+00  7.37522256e-03 
 5.67200417e+00  7.37995832e-03 
 5.68153059e+00  7.38469408e-03 
 5.69105702e+00  7.38942984e-03 
 5.70058344e+00  7.39416560e-03 
 5.71010986e+00  7.39890136e-03 
 5.71963629e+00  7.40363712e-03 
 5.72916271e+00  7.40837289e-03 
 5.73868914e+00  7.41310865e-03 
 5.74821556e+00  7.41784441e-03 
 5.75774198e+00  7.42258017e-03 
 5.76726841e+00  7.42731593e-03 
 5.77679483e+00  7.43205169e-03 
 5.78632125e+00  7.43678746e-03 
 5.79584768e+00  7.44152322e-03 
 5.80537410e+00  7.44625898e-03 
 5.81490053e+00  7.45099474e-03 
 5.82442695e+00  7.45573050e-03 
 5.83395337e+00  7.46046626e-03 
 5.84347980e+00  7.46520202e-03 
 5.85300622e+00  7.46993779e-03 
 5.86253265e+00  7.47467355e-03 
 5.87205907e+00  7.47940931e-03 
 5.88158549e+00  7.48414507e-03 
 5.89111192e+00  7.48888083e-03 
 5.90063834e+00  7.49361659e-03 
 5.91016476e+00  7.49835235e-03 
 5.91969119e+00  7.50308812e-03 
 5.92921761e+00  7.50782388e-03 
 5.93874404e+00  7.51255964e-03 
 5.94827046e+00  7.51729540e-03 
 5.95779688e+00  7.52203116e-03 
 5.96732331e+00  7.52676692e-03 
 5.97684973e+00  7.53150268e-03 
 5.98637616e+00  7.53623845e-03 
 5.99590258e+00  7.54097421e-03 
 6.00542900e+00  7.54570997e-03 
 6.01495543e+00  7.55044573e-03 
 6.02448185e+00  7.55518149e-03 
 6.03400827e+00  7.55991725e-03 
 6.04353470e+00  7.56465301e-03 
 6.05306112e+00  7.56938878e-03 
 6.06258755e+00  7.57412454e-03 
 6.07211397e+00  7.57886030e-03 
 6.08164039e+00  7.58359606e-03 
 6.09116682e+00  7.58833182e-03 
 6.10069324e+00  7.59306758e-03 
 6.11021967e+00  7.59780334e-03 
 6.11974609e+00  7.60253911e-03 
 6.12927251e+00  7.60727487e-03 
 6.13879894e+00  7.61201063e-03 
 6.14832536e+00  7.61674639e-03 
 6.15785178e+00  7.62148215e-03 
 6.16737821e+00  7.62621791e-03 
 6.17690463e+00  7.63095367e-03 
 6.18643106e+00  7.63568944e-03 
 6.19595748e+00  7.64042520e-03 
 6.20548390e+00  7.64516096e-03 
 6.21501033e+00  7.64989672e-03 
 6.22453675e+00  7.65463248e-03 
 6.23406318e+00  7.65936824e-03 
 6.24358960e+00  7.66410401e-03 
 6.25311602e+00  7.66883977e-03 
 6.26264245e+00  7.67357553e-03 
 6.27216887e+00  7.67831129e-03 
 6.28169529e+00  7.68304705e-03 
 6.29122172e+00  7.68778281e-03 
 6.30074814e+00  7.69251857e-03 
 6.31027457e+00  7.69725434e-03 
 6.31980099e+00  7.70199010e-03 
 6.32932741e+00  7.70672586e-03 
 6.33885384e+00  7.71146162e-03 
 6.34838026e+00  7.71619738e-03 
 6.35790669e+00  7.72093314e-03 
 6.36743311e+00  7.72566890e-03 
 6.37695953e+00  7.73040467e-03 
 6.38648596e+00  7.73514043e-03 
 6.39601238e+00  7.73987619e-03 
 6.40553881e+00  7.74461195e-03 
 6.41506523e+00  7.74934771e-03 
 6.42459165e+00  7.75408347e-03 
 6.43411808e+00  7.75881923e-03 
 6.44364450e+00  7.76355500e-03 
 6.45317092e+00  7.76829076e-03 
 6.46269735e+00  7.77302652e-03 
 6.47222377e+00  7.77776228e-03 
 6.48175020e+00  7.78249804e-03 
 6.49127662e+00  7.78723380e-03 
 6.50080304e+00  7.79196956e-03 
 6.51032947e+00  7.79670533e-03 
 6.51985589e+00  7.80144109e-03 
 6.52938232e+00  7.80617685e-03 
 6.53890874e+00  7.81091261e-03 
 6.54843516e+00  7.81564837e-03 
 6.55796159e+00  7.82038413e-03 
 6.56748801e+00  7.82511989e-03 
 6.57701443e+00  7.82985566e-03 
 6.58654086e+00  7.83459142e-03 
 6.59606728e+00  7.83932718e-03 
 6.60559371e+00  7.84406294e-03 
 6.61512013e+00  7.84879870e-03 
 6.62464655e+00  7.85353446e-03 
 6.63417298e+00  7.85827023e-03 
 6.64369940e+00  7.86300599e-03 
 6.65322583e+00  7.86774175e-03 
 6.66275225e+00  7.87247751e-03 
 6.67227867e+00  7.87721327e-03 
 6.68180510e+00  7.88194903e-03 
 6.69133152e+00  7.88668479e-03 
 6.70085794e+00  7.89142056e-03 
 6.71038437e+00  7.89615632e-03 
 6.71991079e+00  7.90089208e-03 
 6.72943722e+00  7.90562784e-03 
 6.73896364e+00  7.91036360e-03 
 6.74849006e+00  7.91509936e-03 
 6.75801649e+00  7.91983512e-03 
 6.76754291e+00  7.92457089e-03 
 6.77706934e+00  7.92930665e-03 
 6.78659576e+00  7.93404241e-03 
 6.79612218e+00  7.93877817e-03 
 6.80564861e+00  7.94351393e-03 
 6.81517503e+00  7.94824969e-03 
 6.82470145e+00  7.95298545e-03 
 6.83422788e+00  7.95772122e-03 
 6.84375430e+00  7.96245698e-03 
 6.85328073e+00  7.96719274e-03 
 6.86280715e+00  7.97192850e-03 
 6.87233357e+00  7.97666426e-03 
 6.88186000e+00  7.98140002e-03 
 6.89138642e+00  7.98613578e-03 
 6.90091285e+00  7.99087155e-03 
 6.91043927e+00  7.99560731e-03 
 6.91996569e+00  8.00034307e-03 
 6.92949212e+00  8.00507883e-03 
 6.93901854e+00  8.00981459e-03 
 6.94854496e+00  8.01455035e-03 
 6.95807139e+00  8.01928611e-03 
 6.96759781e+00  8.02402188e-03 
 6.97712424e+00  8.02875764e-03 
 6.98665066e+00  8.03349340e-03 
 6.99617708e+00  8.03822916e-03 
 7.00570351e+00  8.04296492e-03 
 7.01522993e+00  8.04770068e-03 
 7.02475636e+00  8.05243645e-03 
 7.03428278e+00  8.05717221e-03 
 7.04380920e+00  8.06190797e-03 
 7.05333563e+00  8.06664373e-03 
 7.06286205e+00  8.07137949e-03 
 7.07238847e+00  8.07611525e-03 
 7.08191490e+00  8.08085101e-03 
 7.09144132e+00  8.08558678e-03 
 7.10096775e+00  8.09032254e-03 
 7.11049417e+00  8.09505830e-03 
 7.12002059e+00  8.09979406e-03 
 7.12954702e+00  8.10452982e-03 
 7.13907344e+00  8.10926558e-03 
 7.14859987e+00  8.11400134e-03 
 7.15812629e+00  8.11873711e-03 
 7.16765271e+00  8.12347287e-03 
 7.17717914e+00  8.12820863e-03 
 7.18670556e+00  8.13294439e-03 
 7.19623198e+00  8.13768015e-03 
 7.20575841e+00  8.14241591e-03 
 7.21528483e+00  8.14715167e-03 
 7.22481126e+00  8.15188744e-03 
 7.23433768e+00  8.15662320e-03 
 7.24386410e+00  8.16135896e-03 
 7.25339053e+00  8.16609472e-03 
 7.26291695e+00  8.17083048e-03 
 7.27244338e+00  8.17556624e-03 
 7.28196980e+00  8.18030200e-03 
 7.29149622e+00  8.18503777e-03 
 7.30102265e+00  8.18977353e-03 
 7.31054907e+00  8.19450929e-03 
 7.32007549e+00  8.19924505e-03 
 7.32960192e+00  8.20398081e-03 
 7.33912834e+00  8.20871657e-03 
 7.34865477e+00  8.21345234e-03 
 7.35818119e+00  8.21818810e-03 
 7.36770761e+00  8.22292386e-03 
 7.37723404e+00  8.22765962e-03 
 7.38676046e+00  8.23239538e-03 
 7.39628689e+00  8.23713114e-03 
 7.40581331e+00  8.24186690e-03 
 7.41533973e+00  8.24660267e-03 
 7.42486616e+00  8.25133843e-03 
 7.43439258e+00  8.25607419e-03 
 7.44391901e+00  8.26080995e-03 
 7.45344543e+00  8.26554571e-03 
 7.46297185e+00  8.27028147e-03 
 7.47249828e+00  8.27501723e-03 
 7.48202470e+00  8.27975300e-03 
 7.49155112e+00  8.28448876e-03 
 7.50107755e+00  8.28922452e-03 
 7.51060397e+00  8.29396028e-03 
 7.52013040e+00  8.29869604e-03 
 7.52965682e+00  8.30343180e-03 
 7.53918324e+00  8.30816756e-03 
 7.54870967e+00  8.31290333e-03 
 7.55823609e+00  8.31763909e-03 
 7.56776252e+00  8.32237485e-03 
 7.57728894e+00  8.32711061e-03 
 7.58681536e+00  8.33184637e-03 
 7.59634179e+00  8.33658213e-03 
 7.60586821e+00  8.34131789e-03 
 7.61539463e+00  8.34605366e-03 
 7.62492106e+00  8.35078942e-03 
 7.63444748e+00  8.35552518e-03 
 7.64397391e+00  8.36026094e-03 
 7.65350033e+00  8.36499670e-03 
 7.66302675e+00  8.36973246e-03 
 7.67255318e+00  8.37446823e-03 
 7.68207960e+00  8.37920399e-03 
 7.69160603e+00  8.38393975e-03 
 7.70113245e+00  8.38867551e-03 
 7.71065887e+00  8.39341127e-03 
 7.72018530e+00  8.39814703e-03 
 7.72971172e+00  8.40288279e-03 
 7.73923814e+00  8.40761856e-03 
 7.74876457e+00  8.41235432e-03 
 7.75829099e+00  8.41709008e-03 
 7.76781742e+00  8.42182584e-03 
 7.77734384e+00  8.42656160e-03 
 7.78687026e+00  8.43129736e-03 
 7.79639669e+00  8.43603312e-03 
 7.80592311e+00  8.44076889e-03 
 7.81544954e+00  8.44550465e-03 
 7.82497596e+00  8.45024041e-03 
 7.83450238e+00  8.45497617e-03 
 7.84402881e+00  8.45971193e-03 
 7.85355523e+00  8.46444769e-03 
 7.86308165e+00  8.46918345e-03 
 7.87260808e+00  8.47391922e-03 
 7.88213450e+00  8.47865498e-03 
 7.89166093e+00  8.48339074e-03 
 7.90118735e+00  8.48812650e-03 
 7.91071377e+00  8.49286226e-03 
 7.92024020e+00  8.49759802e-03 
 7.92976662e+00  8.50233379e-03 
 7.93929305e+00  8.50706955e-03 
 7.94881947e+00  8.51180531e-03 
 7.95834589e+00  8.51654107e-03 
 7.96787232e+00  8.52127683e-03 
 7.97739874e+00  8.52601259e-03 
 7.98692516e+00  8.53074835e-03 
 7.99645159e+00  8.53548412e-03 
 8.00597801e+00  8.54021988e-03 
 8.01550444e+00  8.54495564e-03 
 8.02503086e+00  8.54969140e-03 
 8.03455728e+00  8.55442716e-03 
 8.04408371e+00  8.55916292e-03 
 8.05361013e+00  8.56389868e-03 
 8.06313656e+00  8.56863445e-03 
 8.07266298e+00  8.57337021e-03 
 8.08218940e+00  8.57810597e-03 
 8.09171583e+00  8.58284173e-03 
 8.10124225e+00  8.58757749e-03 
 8.11076867e+00  8.59231325e-03 
 8.12029510e+00  8.59704901e-03 
 8.12982152e+00  8.60178478e-03 
 8.13934795e+00  8.60652054e-03 
 8.14887437e+00  8.61125630e-03 
 8.15840079e+00  8.61599206e-03 
 8.16792722e+00  8.62072782e-03 
 8.17745364e+00  8.62546358e-03 
 8.18698007e+00  8.63019934e-03 
 8.19650649e+00  8.63493511e-03 
 8.20603291e+00  8.63967087e-03 
 8.21555934e+00  8.64440663e-03 
 8.22508576e+00  8.64914239e-03 
 8.23461218e+00  8.65387815e-03 
 8.24413861e+00  8.65861391e-03 
 8.25366503e+00  8.66334968e-03 
 8.26319146e+00  8.66808544e-03 
 8.27271788e+00  8.67282120e-03 
 8.28224430e+00  8.67755696e-03 
 8.29177073e+00  8.68229272e-03 
 8.30129715e+00  8.68702848e-03 
 8.31082358e+00  8.69176424e-03 
 8.32035000e+00  8.69650001e-03 
 8.32987642e+00  8.70123577e-03 
 8.33940285e+00  8.70597153e-03 
 8.34892927e+00  8.71070729e-03 
 8.35845569e+00  8.71544305e-03 
 8.36798212e+00  8.72017881e-03 
 8.37750854e+00  8.72491457e-03 
 8.38703497e+00  8.72965034e-03 
 8.39656139e+00  8.73438610e-03 
 8.40608781e+00  8.73912186e-03 
 8.41561424e+00  8.74385762e-03 
 8.42514066e+00  8.74859338e-03 
 8.43466709e+00  8.75332914e-03 
 8.44419351e+00  8.75806490e-03 
 8.45371993e+00  8.76280067e-03 
 8.46324636e+00  8.76753643e-03 
 8.47277278e+00  8.77227219e-03 
 8.48229920e+00  8.77700795e-03 
 8.49182563e+00  8.78174371e-03 
 8.50135205e+00  8.78647947e-03 
 8.51087848e+00  8.79121524e-03 
 8.52040490e+00  8.79595100e-03 
 8.52993132e+00  8.80068676e-03 
 8.53945775e+00  8.80542252e-03 
 8.54898417e+00  8.81015828e-03 
 8.55851060e+00  8.81489404e-03 
 8.56803702e+00  8.81962980e-03 
 8.57756344e+00  8.82436557e-03 
 8.58708987e+00  8.82910133e-03 
 8.59661629e+00  8.83383709e-03 
 8.60614271e+00  8.83857285e-03 
 8.61566914e+00  8.84330861e-03 
 8.62519556e+00  8.84804437e-03 
 8.63472199e+00  8.85278013e-03 
 8.64424841e+00  8.85751590e-03 
 8.65377483e+00  8.86225166e-03 
 8.66330126e+00  8.86698742e-03 
 8.67282768e+00  8.87172318e-03 
 8.68235411e+00  8.87645894e-03 
 8.69188053e+00  8.88119470e-03 
 8.70140695e+00  8.88593046e-03 
 8.71093338e+00  8.89066623e-03 
 8.72045980e+00  8.89540199e-03 
 8.72998623e+00  8.90013775e-03 
 8.73951265e+00  8.90487351e-03 
 8.74903907e+00  8.90960927e-03 
 8.75856550e+00  8.91434503e-03 
 8.76809192e+00  8.91908080e-03 
 8.77761834e+00  8.92381656e-03 
 8.78714477e+00  8.92855232e-03 
 8.79667119e+00  8.93328808e-03 
 8.80619762e+00  8.93802384e-03 
 8.81572404e+00  8.94275960e-03 
 8.82525046e+00  8.94749536e-03 
 8.83477689e+00  8.95223113e-03 
 8.84430331e+00  8.95696689e-03 
 8.85382974e+00  8.96170265e-03 
 8.86335616e+00  8.96643841e-03 
 8.87288258e+00  8.97117417e-03 
 8.88240901e+00  8.97590993e-03 
 8.89193543e+00  8.98064569e-03 
 8.90146185e+00  8.98538146e-03 
 8.91098828e+00  8.99011722e-03 
 8.92051470e+00  8.99485298e-03 
 8.93004113e+00  8.99958874e-03 
 8.93956755e+00  9.00432450e-03 
 8.94909397e+00  9.00906026e-03 
 8.95862040e+00  9.01379602e-03 
 8.96814682e+00  9.01853179e-03 
 8.97767325e+00  9.02326755e-03 
 8.98719967e+00  9.02800331e-03 
 8.99672609e+00  9.03273907e-03 
 9.00625252e+00  9.03747483e-03 
 9.01577894e+00  9.04221059e-03 
 9.02530536e+00  9.04694636e-03 
 9.03483179e+00  9.05168212e-03 
 9.04435821e+00  9.05641788e-03 
 9.05388464e+00  9.06115364e-03 
 9.06341106e+00  9.06588940e-03 
 9.07293748e+00  9.07062516e-03 
 9.08246391e+00  9.07536092e-03 
 9.09199033e+00  9.08009669e-03 
 9.10151676e+00  9.08483245e-03 
 9.11104318e+00  9.08956821e-03 
 9.12056960e+00  9.09430397e-03 
 9.13009603e+00  9.09903973e-03 
 9.13962245e+00  9.10377549e-03 
 9.14914887e+00  9.10851125e-03 
 9.15867530e+00  9.11324702e-03 
 9.16820172e+00  9.11798278e-03 
 9.17772815e+00  9.12271854e-03 
 9.18725457e+00  9.12745430e-03 
 9.19678099e+00  9.13219006e-03 
 9.20630742e+00  9.13692582e-03 
 9.21583384e+00  9.14166159e-03 
 9.22536027e+00  9.14639735e-03 
 9.23488669e+00  9.15113311e-03 
 9.24441311e+00  9.15586887e-03 
 9.25393954e+00  9.16060463e-03 
 9.26346596e+00  9.16534039e-03 
 9.27299238e+00  9.17007615e-03 
 9.28251881e+00  9.17481192e-03 
 9.29204523e+00  9.17954768e-03 
 9.30157166e+00  9.18428344e-03 
 9.31109808e+00  9.18901920e-03 
 9.32062450e+00  9.19375496e-03 
 9.33015093e+00  9.19849072e-03 
 9.33967735e+00  9.20322648e-03 
 9.34920378e+00  9.20796225e-03 
 9.35873020e+00  9.21269801e-03 
 9.36825662e+00  9.21743377e-03 
 9.37778305e+00  9.22216953e-03 
 9.38730947e+00  9.22690529e-03 
 9.39683589e+00  9.23164105e-03 
 9.40636232e+00  9.23637681e-03 
 9.41588874e+00  9.24111258e-03 
 9.42541517e+00  9.24584834e-03 
 9.43494159e+00  9.25058410e-03 
 9.44446801e+00  9.25531986e-03 
 9.45399444e+00  9.26005562e-03 
 9.46352086e+00  9.26479138e-03 
 9.47304729e+00  9.26952715e-03 
 9.48257371e+00  9.27426291e-03 
 9.49210013e+00  9.27899867e-03 
 9.50162656e+00  9.28373443e-03 
 9.51115298e+00  9.28847019e-03 
 9.52067940e+00  9.29320595e-03 
 9.53020583e+00  9.29794171e-03 
 9.53973225e+00  9.30267748e-03 
 9.54925868e+00  9.30741324e-03 
 9.55878510e+00  9.31214900e-03 
 9.56831152e+00  9.31688476e-03 
 9.57783795e+00  9.32162052e-03 
 9.58736437e+00  9.32635628e-03 
 9.59689080e+00  9.33109204e-03 
 9.60641722e+00  9.33582781e-03 
 9.61594364e+00  9.34056357e-03 
 9.62547007e+00  9.34529933e-03 
 9.63499649e+00  9.35003509e-03 
 9.64452291e+00  9.35477085e-03 
 9.65404934e+00  9.35950661e-03 
 9.66357576e+00  9.36424238e-03 
 9.67310219e+00  9.36897814e-03 
 9.68262861e+00  9.37371390e-03 
 9.69215503e+00  9.37844966e-03 
 9.70168146e+00  9.38318542e-03 
 9.71120788e+00  9.38792118e-03 
 9.72073431e+00  9.39265694e-03 
 9.73026073e+00  9.39739271e-03 
 9.73978715e+00  9.40212847e-03 
 9.74931358e+00  9.40686423e-03 
 9.75884000e+00  9.41159999e-03 
 9.76836642e+00  9.41633575e-03 
 9.77789285e+00  9.42107151e-03 
 9.78741927e+00  9.42580727e-03 
 9.79694570e+00  9.43054304e-03 
 9.80647212e+00  9.43527880e-03 
 9.81599854e+00  9.44001456e-03 
 9.82552497e+00  9.44475032e-03 
 9.83505139e+00  9.44948608e-03 
 9.84457782e+00  9.45422184e-03 
 9.85410424e+00  9.45895760e-03 
 9.86363066e+00  9.46369337e-03 
 9.87315709e+00  9.46842913e-03 
 9.88268351e+00  9.47316489e-03 
 9.89220993e+00  9.47790065e-03 
 9.90173636e+00  9.48263641e-03 
 9.91126278e+00  9.48737217e-03 
 9.92078921e+00  9.49210794e-03 
 9.93031563e+00  9.49684370e-03 
 9.93984205e+00  9.50157946e-03 
 9.94936848e+00  9.50631522e-03 
 9.95889490e+00  9.51105098e-03 
 9.96842133e+00  9.51578674e-03 
 9.97794775e+00  9.52052250e-03 
 9.98747417e+00  9.52525827e-03 
 9.99700060e+00  9.52999403e-03 
 1.00065270e+01  9.53472979e-03 
 1.00160534e+01  9.53946555e-03 
 1.00255799e+01  9.54420131e-03 
 1.00351063e+01  9.54893707e-03 
 1.00446327e+01  9.55367283e-03 
 1.00541591e+01  9.55840860e-03 
 1.00636856e+01  9.56314436e-03 
 1.00732120e+01  9.56788012e-03 
 1.00827384e+01  9.57261588e-03 
 1.00922648e+01  9.57735164e-03 
 1.01017913e+01  9.58208740e-03 
 1.01113177e+01  9.58682317e-03 
 1.01208441e+01  9.59155893e-03 
 1.01303705e+01  9.59629469e-03 
 1.01398970e+01  9.60103045e-03 
 1.01494234e+01  9.60576621e-03 
 1.01589498e+01  9.61050197e-03 
 1.01684762e+01  9.61523773e-03 
 1.01780027e+01  9.61997350e-03 
 1.01875291e+01  9.62470926e-03 
 1.01970555e+01  9.62944502e-03 
 1.02065819e+01  9.63418078e-03 
 1.02161083e+01  9.63891654e-03 
 1.02256348e+01  9.64365230e-03 
 1.02351612e+01  9.64838806e-03 
 1.02446876e+01  9.65312383e-03 
 1.02542140e+01  9.65785959e-03 
 1.02637405e+01  9.66259535e-03 
 1.02732669e+01  9.66733111e-03 
 1.02827933e+01  9.67206687e-03 
 1.02923197e+01  9.67680263e-03 
 1.03018462e+01  9.68153840e-03 
 1.03113726e+01  9.68627416e-03 
 1.03208990e+01  9.69100992e-03 
 1.03304254e+01  9.69574568e-03 
 1.03399519e+01  9.70048144e-03 
 1.03494783e+01  9.70521720e-03 
 1.03590047e+01  9.70995296e-03 
 1.03685311e+01  9.71468873e-03 
 1.03780576e+01  9.71942449e-03 
 1.03875840e+01  9.72416025e-03 
 1.03971104e+01  9.72889601e-03 
 1.04066368e+01  9.73363177e-03 
 1.04161632e+01  9.73836753e-03 
 1.04256897e+01  9.74310329e-03 
 1.04352161e+01  9.74783906e-03 
 1.04447425e+01  9.75257482e-03 
 1.04542689e+01  9.75731058e-03 
 1.04637954e+01  9.76204634e-03 
 1.04733218e+01  9.76678210e-03 
 1.04828482e+01  9.77151786e-03 
 1.04923746e+01  9.77625363e-03 
 1.05019011e+01  9.78098939e-03 
 1.05114275e+01  9.78572515e-03 
 1.05209539e+01  9.79046091e-03 
 1.05304803e+01  9.79519667e-03 
 1.05400068e+01  9.79993243e-03 
 1.05495332e+01  9.80466819e-03 
 1.05590596e+01  9.80940396e-03 
 1.05685860e+01  9.81413972e-03 
 1.05781125e+01  9.81887548e-03 
 1.05876389e+01  9.82361124e-03 
 1.05971653e+01  9.82834700e-03 
 1.06066917e+01  9.83308276e-03 
 1.06162181e+01  9.83781852e-03 
 1.06257446e+01  9.84255429e-03 
 1.06352710e+01  9.84729005e-03 
 1.06447974e+01  9.85202581e-03 
 1.06543238e+01  9.85676157e-03 
 1.06638503e+01  9.86149733e-03 
 1.06733767e+01  9.86623309e-03 
 1.06829031e+01  9.87096886e-03 
 1.06924295e+01  9.87570462e-03 
 1.07019560e+01  9.88044038e-03 
 1.07114824e+01  9.88517614e-03 
 1.07210088e+01  9.88991190e-03 
 1.07305352e+01  9.89464766e-03 
 1.07400617e+01  9.89938342e-03 
 1.07495881e+01  9.90411919e-03 
 1.07591145e+01  9.90885495e-03 
 1.07686409e+01  9.91359071e-03 
 1.07781674e+01  9.91832647e-03 
 1.07876938e+01  9.92306223e-03 
 1.07972202e+01  9.92779799e-03 
 1.08067466e+01  9.93253375e-03 
 1.08162730e+01  9.93726952e-03 
 1.08257995e+01  9.94200528e-03 
 1.08353259e+01  9.94674104e-03 
 1.08448523e+01  9.95147680e-03 
 1.08543787e+01  9.95621256e-03 
 1.08639052e+01  9.96094832e-03 
 1.08734316e+01  9.96568409e-03 
 1.08829580e+01  9.97041985e-03 
 1.08924844e+01  9.97515561e-03 
 1.09020109e+01  9.97989137e-03 
 1.09115373e+01  9.98462713e-03 
 1.09210637e+01  9.98936289e-03 
 1.09305901e+01  9.99409865e-03 
 1.09401166e+01  9.99883442e-03 
 1.09496430e+01  1.00035702e-02 
 1.09591694e+01  1.00083059e-02 
 1.09686958e+01  1.00130417e-02 
 1.09782223e+01  1.00177775e-02 
 1.09877487e+01  1.00225132e-02 
 1.09972751e+01  1.00272490e-02 
 1.10068015e+01  1.00319847e-02 
 1.10163279e+01  1.00367205e-02 
 1.10258544e+01  1.00414563e-02 
 1.10353808e+01  1.00461920e-02 
 1.10449072e+01  1.00509278e-02 
 1.10544336e+01  1.00556636e-02 
 1.10639601e+01  1.00603993e-02 
 1.10734865e+01  1.00651351e-02 
 1.10830129e+01  1.00698708e-02 
 1.10925393e+01  1.00746066e-02 
 1.11020658e+01  1.00793424e-02 
 1.11115922e+01  1.00840781e-02 
 1.11211186e+01  1.00888139e-02 
 1.11306450e+01  1.00935496e-02 
 1.11401715e+01  1.00982854e-02 
 1.11496979e+01  1.01030212e-02 
 1.11592243e+01  1.01077569e-02 
 1.11687507e+01  1.01124927e-02 
 1.11782772e+01  1.01172285e-02 
 1.11878036e+01  1.01219642e-02 
 1.11973300e+01  1.01267000e-02 
 1.12068564e+01  1.01314357e-02 
 1.12163829e+01  1.01361715e-02 
 1.12259093e+01  1.01409073e-02 
 1.12354357e+01  1.01456430e-02 
 1.12449621e+01  1.01503788e-02 
 1.12544885e+01  1.01551145e-02 
 1.12640150e+01  1.01598503e-02 
 1.12735414e+01  1.01645861e-02 
 1.12830678e+01  1.01693218e-02 
 1.12925942e+01  1.01740576e-02 
 1.13021207e+01  1.01787934e-02 
 1.13116471e+01  1.01835291e-02 
 1.13211735e+01  1.01882649e-02 
 1.13306999e+01  1.01930006e-02 
 1.13402264e+01  1.01977364e-02 
 1.13497528e+01  1.02024722e-02 
 1.13592792e+01  1.02072079e-02 
 1.13688056e+01  1.02119437e-02 
 1.13783321e+01  1.02166794e-02 
 1.13878585e+01  1.02214152e-02 
 1.13973849e+01  1.02261510e-02 
 1.14069113e+01  1.02308867e-02 
 1.14164378e+01  1.02356225e-02 
 1.14259642e+01  1.02403583e-02 
 1.14354906e+01  1.02450940e-02 
 1.14450170e+01  1.02498298e-02 
 1.14545434e+01  1.02545655e-02 
 1.14640699e+01  1.02593013e-02 
 1.14735963e+01  1.02640371e-02 
 1.14831227e+01  1.02687728e-02 
 1.14926491e+01  1.02735086e-02 
 1.15021756e+01  1.02782443e-02 
 1.15117020e+01  1.02829801e-02 
 1.15212284e+01  1.02877159e-02 
 1.15307548e+01  1.02924516e-02 
 1.15402813e+01  1.02971874e-02 
 1.15498077e+01  1.03019232e-02 
 1.15593341e+01  1.03066589e-02 
 1.15688605e+01  1.03113947e-02 
 1.15783870e+01  1.03161304e-02 
 1.15879134e+01  1.03208662e-02 
 1.15974398e+01  1.03256020e-02 
 1.16069662e+01  1.03303377e-02 
 1.16164927e+01  1.03350735e-02 
 1.16260191e+01  1.03398092e-02 
 1.16355455e+01  1.03445450e-02 
 1.16450719e+01  1.03492808e-02 
 1.16545983e+01  1.03540165e-02 
 1.16641248e+01  1.03587523e-02 
 1.16736512e+01  1.03634881e-02 
 1.16831776e+01  1.03682238e-02 
 1.16927040e+01  1.03729596e-02 
 1.17022305e+01  1.03776953e-02 
 1.17117569e+01  1.03824311e-02 
 1.17212833e+01  1.03871669e-02 
 1.17308097e+01  1.03919026e-02 
 1.17403362e+01  1.03966384e-02 
 1.17498626e+01  1.04013741e-02 
 1.17593890e+01  1.04061099e-02 
 1.17689154e+01  1.04108457e-02 
 1.17784419e+01  1.04155814e-02 
 1.17879683e+01  1.04203172e-02 
 1.17974947e+01  1.04250530e-02 
 1.18070211e+01  1.04297887e-02 
 1.18165476e+01  1.04345245e-02 
 1.18260740e+01  1.04392602e-02 
 1.18356004e+01  1.04439960e-02 
 1.18451268e+01  1.04487318e-02 
 1.18546532e+01  1.04534675e-02 
 1.18641797e+01  1.04582033e-02 
 1.18737061e+01  1.04629390e-02 
 1.18832325e+01  1.04676748e-02 
 1.18927589e+01  1.04724106e-02 
 1.19022854e+01  1.04771463e-02 
 1.19118118e+01  1.04818821e-02 
 1.19213382e+01  1.04866179e-02 
 1.19308646e+01  1.04913536e-02 
 1.19403911e+01  1.04960894e-02 
 1.19499175e+01  1.05008251e-02 
 1.19594439e+01  1.05055609e-02 
 1.19689703e+01  1.05102967e-02 
 1.19784968e+01  1.05150324e-02 
 1.19880232e+01  1.05197682e-02 
 1.19975496e+01  1.05245039e-02 
 1.20070760e+01  1.05292397e-02 
 1.20166025e+01  1.05339755e-02 
 1.20261289e+01  1.05387112e-02 
 1.20356553e+01  1.05434470e-02 
 1.20451817e+01  1.05481828e-02 
 1.20547081e+01  1.05529185e-02 
 1.20642346e+01  1.05576543e-02 
 1.20737610e+01  1.05623900e-02 
 1.20832874e+01  1.05671258e-02 
 1.20928138e+01  1.05718616e-02 
 1.21023403e+01  1.05765973e-02 
 1.21118667e+01  1.05813331e-02 
 1.21213931e+01  1.05860688e-02 
 1.21309195e+01  1.05908046e-02 
 1.21404460e+01  1.05955404e-02 
 1.21499724e+01  1.06002761e-02 
 1.21594988e+01  1.06050119e-02 
 1.21690252e+01  1.06097476e-02 
 1.21785517e+01  1.06144834e-02 
 1.21880781e+01  1.06192192e-02 
 1.21976045e+01  1.06239549e-02 
 1.22071309e+01  1.06286907e-02 
 1.22166574e+01  1.06334265e-02 
 1.22261838e+01  1.06381622e-02 
 1.22357102e+01  1.06428980e-02 
 1.22452366e+01  1.06476337e-02 
 1.22547630e+01  1.06523695e-02 
 1.22642895e+01  1.06571053e-02 
 1.22738159e+01  1.06618410e-02 
 1.22833423e+01  1.06665768e-02 
 1.22928687e+01  1.06713125e-02 
 1.23023952e+01  1.06760483e-02 
 1.23119216e+01  1.06807841e-02 
 1.23214480e+01  1.06855198e-02 
 1.23309744e+01  1.06902556e-02 
 1.23405009e+01  1.06949914e-02 
 1.23500273e+01  1.06997271e-02 
 1.23595537e+01  1.07044629e-02 
 1.23690801e+01  1.07091986e-02 
 1.23786066e+01  1.07139344e-02 
 1.23881330e+01  1.07186702e-02 
 1.23976594e+01  1.07234059e-02 
 1.24071858e+01  1.07281417e-02 
 1.24167123e+01  1.07328774e-02 
 1.24262387e+01  1.07376132e-02 
 1.24357651e+01  1.07423490e-02 
 1.24452915e+01  1.07470847e-02 
 1.24548180e+01  1.07518205e-02 
 1.24643444e+01  1.07565563e-02 
 1.24738708e+01  1.07612920e-02 
 1.24833972e+01  1.07660278e-02 
 1.24929236e+01  1.07707635e-02 
 1.25024501e+01  1.07754993e-02 
 1.25119765e+01  1.07802351e-02 
 1.25215029e+01  1.07849708e-02 
 1.25310293e+01  1.07897066e-02 
 1.25405558e+01  1.07944423e-02 
 1.25500822e+01  1.07991781e-02 
 1.25596086e+01  1.08039139e-02 
 1.25691350e+01  1.08086496e-02 
 1.25786615e+01  1.08133854e-02 
 1.25881879e+01  1.08181212e-02 
 1.25977143e+01  1.08228569e-02 
 1.26072407e+01  1.08275927e-02 
 1.26167672e+01  1.08323284e-02 
 1.26262936e+01  1.08370642e-02 
 1.26358200e+01  1.08418000e-02 
 1.26453464e+01  1.08465357e-02 
 1.26548729e+01  1.08512715e-02 
 1.26643993e+01  1.08560072e-02 
 1.26739257e+01  1.08607430e-02 
 1.26834521e+01  1.08654788e-02 
 1.26929785e+01  1.08702145e-02 
 1.27025050e+01  1.08749503e-02 
 1.27120314e+01  1.08796861e-02 
 1.27215578e+01  1.08844218e-02 
 1.27310842e+01  1.08891576e-02 
 1.27406107e+01  1.08938933e-02 
 1.27501371e+01  1.08986291e-02 
 1.27596635e+01  1.09033649e-02 
 1.27691899e+01  1.09081006e-02 
 1.27787164e+01  1.09128364e-02 
 1.27882428e+01  1.09175721e-02 
 1.27977692e+01  1.09223079e-02 
 1.28072956e+01  1.09270437e-02 
 1.28168221e+01  1.09317794e-02 
 1.28263485e+01  1.09365152e-02 
 1.28358749e+01  1.09412510e-02 
 1.28454013e+01  1.09459867e-02 
 1.28549278e+01  1.09507225e-02 
 1.28644542e+01  1.09554582e-02 
 1.28739806e+01  1.09601940e-02 
 1.28835070e+01  1.09649298e-02 
 1.28930334e+01  1.09696655e-02 
 1.29025599e+01  1.09744013e-02 
 1.29120863e+01  1.09791370e-02 
 1.29216127e+01  1.09838728e-02 
 1.29311391e+01  1.09886086e-02 
 1.29406656e+01  1.09933443e-02 
 1.29501920e+01  1.09980801e-02 
 1.29597184e+01  1.10028159e-02 
 1.29692448e+01  1.10075516e-02 
 1.29787713e+01  1.10122874e-02 
 1.29882977e+01  1.10170231e-02 
 1.29978241e+01  1.10217589e-02 
 1.30073505e+01  1.10264947e-02 
 1.30168770e+01  1.10312304e-02 
 1.30264034e+01  1.10359662e-02 
 1.30359298e+01  1.10407019e-02 
 1.30454562e+01  1.10454377e-02 
 1.30549827e+01  1.10501735e-02 
 1.30645091e+01  1.10549092e-02 
 1.30740355e+01  1.10596450e-02 
 1.30835619e+01  1.10643808e-02 
 1.30930883e+01  1.10691165e-02 
 1.31026148e+01  1.10738523e-02 
 1.31121412e+01  1.10785880e-02 
 1.31216676e+01  1.10833238e-02 
 1.31311940e+01  1.10880596e-02 
 1.31407205e+01  1.10927953e-02 
 1.31502469e+01  1.10975311e-02 
 1.31597733e+01  1.11022668e-02 
 1.31692997e+01  1.11070026e-02 
 1.31788262e+01  1.11117384e-02 
 1.31883526e+01  1.11164741e-02 
 1.31978790e+01  1.11212099e-02 
 1.32074054e+01  1.11259457e-02 
 1.32169319e+01  1.11306814e-02 
 1.32264583e+01  1.11354172e-02 
 1.32359847e+01  1.11401529e-02 
 1.32455111e+01  1.11448887e-02 
 1.32550376e+01  1.11496245e-02 
 1.32645640e+01  1.11543602e-02 
 1.32740904e+01  1.11590960e-02 
 1.32836168e+01  1.11638317e-02 
 1.32931432e+01  1.11685675e-02 
 1.33026697e+01  1.11733033e-02 
 1.33121961e+01  1.11780390e-02 
 1.33217225e+01  1.11827748e-02 
 1.33312489e+01  1.11875106e-02 
 1.33407754e+01  1.11922463e-02 
 1.33503018e+01  1.11969821e-02 
 1.33598282e+01  1.12017178e-02 
 1.33693546e+01  1.12064536e-02 
 1.33788811e+01  1.12111894e-02 
 1.33884075e+01  1.12159251e-02 
 1.33979339e+01  1.12206609e-02 
 1.34074603e+01  1.12253966e-02 
 1.34169868e+01  1.12301324e-02 
 1.34265132e+01  1.12348682e-02 
 1.34360396e+01  1.12396039e-02 
 1.34455660e+01  1.12443397e-02 
 1.34550925e+01  1.12490755e-02 
 1.34646189e+01  1.12538112e-02 
 1.34741453e+01  1.12585470e-02 
 1.34836717e+01  1.12632827e-02 
 1.34931981e+01  1.12680185e-02 
 1.35027246e+01  1.12727543e-02 
 1.35122510e+01  1.12774900e-02 
 1.35217774e+01  1.12822258e-02 
 1.35313038e+01  1.12869615e-02 
 1.35408303e+01  1.12916973e-02 
 1.35503567e+01  1.12964331e-02 
 1.35598831e+01  1.13011688e-02 
 1.35694095e+01  1.13059046e-02 
 1.35789360e+01  1.13106404e-02 
 1.35884624e+01  1.13153761e-02 
 1.35979888e+01  1.13201119e-02 
 1.36075152e+01  1.13248476e-02 
 1.36170417e+01  1.13295834e-02 
 1.36265681e+01  1.13343192e-02 
 1.36360945e+01  1.13390549e-02 
 1.36456209e+01  1.13437907e-02 
 1.36551474e+01  1.13485264e-02 
 1.36646738e+01  1.13532622e-02 
 1.36742002e+01  1.13579980e-02 
 1.36837266e+01  1.13627337e-02 
 1.36932531e+01  1.13674695e-02 
 1.37027795e+01  1.13722053e-02 
 1.37123059e+01  1.13769410e-02 
 1.37218323e+01  1.13816768e-02 
 1.37313587e+01  1.13864125e-02 
 1.37408852e+01  1.13911483e-02 
 1.37504116e+01  1.13958841e-02 
 1.37599380e+01  1.14006198e-02 
 1.37694644e+01  1.14053556e-02 
 1.37789909e+01  1.14100913e-02 
 1.37885173e+01  1.14148271e-02 
 1.37980437e+01  1.14195629e-02 
 1.38075701e+01  1.14242986e-02 
 1.38170966e+01  1.14290344e-02 
 1.38266230e+01  1.14337702e-02 
 1.38361494e+01  1.14385059e-02 
 1.38456758e+01  1.14432417e-02 
 1.38552023e+01  1.14479774e-02 
