 2.47227454e-02 -2.47227454e-04 
 2.78853859e-02 -1.78853859e-04 
 3.10538357e-02 -1.10538357e-04 
 3.42238479e-02 -4.22384789e-05 
 3.73969362e-02  2.60306383e-05 
 4.05731800e-02  9.42682003e-05 
 4.37526605e-02  1.62473395e-04 
 4.69354621e-02  2.30645379e-04 
 5.01216726e-02  2.98783274e-04 
 5.33113832e-02  3.66886168e-04 
 5.65046888e-02  4.34953112e-04 
 5.97016879e-02  5.02983121e-04 
 6.29024835e-02  5.70975165e-04 
 6.61071823e-02  6.38928177e-04 
 6.93158959e-02  7.06841041e-04 
 7.25287406e-02  7.74712594e-04 
 7.57458376e-02  8.42541624e-04 
 7.89673136e-02  9.10326864e-04 
 8.21933006e-02  9.78066994e-04 
 8.54239368e-02  1.04576063e-03 
 8.86593668e-02  1.11340633e-03 
 9.18997417e-02  1.18100258e-03 
 9.51452198e-02  1.24854780e-03 
 9.83959670e-02  1.31604033e-03 
 1.01652157e-01  1.38347843e-03 
 1.04913973e-01  1.45086027e-03 
 1.08181605e-01  1.51818395e-03 
 1.11455256e-01  1.58544744e-03 
 1.14735137e-01  1.65264863e-03 
 1.18021471e-01  1.71978529e-03 
 1.21314492e-01  1.78685508e-03 
 1.24614449e-01  1.85385551e-03 
 1.27921602e-01  1.92078398e-03 
 1.31236226e-01  1.98763774e-03 
 1.34558615e-01  2.05441385e-03 
 1.37889075e-01  2.12110925e-03 
 1.41227934e-01  2.18772066e-03 
 1.44575539e-01  2.25424461e-03 
 1.47932256e-01  2.32067744e-03 
 1.51298478e-01  2.38701522e-03 
 1.54674619e-01  2.45325381e-03 
 1.58061123e-01  2.51938877e-03 
 1.61458461e-01  2.58541539e-03 
 1.64867139e-01  2.65132861e-03 
 1.68287695e-01  2.71712305e-03 
 1.71720706e-01  2.78279294e-03 
 1.75166793e-01  2.84833207e-03 
 1.78626618e-01  2.91373382e-03 
 1.82100898e-01  2.97899102e-03 
 1.85590402e-01  3.04409598e-03 
 1.89095960e-01  3.10904040e-03 
 1.92618472e-01  3.17381528e-03 
 1.96158910e-01  3.23841090e-03 
 1.99718328e-01  3.30281672e-03 
 2.03297872e-01  3.36702128e-03 
 2.06898792e-01  3.43101208e-03 
 2.10522451e-01  3.49477549e-03 
 2.14170339e-01  3.55829661e-03 
 2.17844091e-01  3.62155909e-03 
 2.21545504e-01  3.68454496e-03 
 2.25276557e-01  3.74723443e-03 
 2.29039436e-01  3.80960564e-03 
 2.32836562e-01  3.87163438e-03 
 2.36670625e-01  3.93329375e-03 
 2.40544620e-01  3.99455380e-03 
 2.44461894e-01  4.05538106e-03 
 2.48426195e-01  4.11573805e-03 
 2.52441737e-01  4.17558263e-03 
 2.56513273e-01  4.23486727e-03 
 2.60646176e-01  4.29353824e-03 
 2.64846544e-01  4.35153456e-03 
 2.69121313e-01  4.40878687e-03 
 2.73478401e-01  4.46521599e-03 
 2.77926863e-01  4.52073137e-03 
 2.82477073e-01  4.57522927e-03 
 2.87140936e-01  4.62859064e-03 
 2.91932105e-01  4.68067895e-03 
 2.96866216e-01  4.73133784e-03 
 3.01961100e-01  4.78038900e-03 
 3.07236938e-01  4.82763062e-03 
 3.12716292e-01  4.87283708e-03 
 3.18423891e-01  4.91576109e-03 
 3.24386040e-01  4.95613960e-03 
 3.30629445e-01  4.99370555e-03 
 3.37179293e-01  5.02820707e-03 
 3.44056528e-01  5.05943472e-03 
 3.51274536e-01  5.08725464e-03 
 3.58835881e-01  5.11164119e-03 
 3.66730104e-01  5.13269896e-03 
 3.74933594e-01  5.15066406e-03 
 3.83411943e-01  5.16588057e-03 
 3.92124206e-01  5.17875794e-03 
 4.01027749e-01  5.18972251e-03 
 4.10082369e-01  5.19917631e-03 
 4.19252920e-01  5.20747080e-03 
 4.28510411e-01  5.21489589e-03 
 4.37831957e-01  5.22168043e-03 
 4.47200077e-01  5.22799923e-03 
 4.56601735e-01  5.23398265e-03 
 4.66027373e-01  5.23972627e-03 
 4.75470076e-01  5.24529924e-03 
 4.84924880e-01  5.25075120e-03 
 4.94388247e-01  5.25611753e-03 
 5.03857663e-01  5.26142337e-03 
 5.13331349e-01  5.26668651e-03 
 5.22808048e-01  5.27191952e-03 
 5.32286871e-01  5.27713129e-03 
 5.41767194e-01  5.28232806e-03 
 5.51248575e-01  5.28751425e-03 
 5.60730703e-01  5.29269297e-03 
 5.70213359e-01  5.29786641e-03 
 5.79696387e-01  5.30303613e-03 
 5.89179679e-01  5.30820321e-03 
 5.98663157e-01  5.31336843e-03 
 6.08146767e-01  5.31853233e-03 
 6.17630472e-01  5.32369528e-03 
 6.27114242e-01  5.32885758e-03 
 6.36598060e-01  5.33401940e-03 
 6.46081911e-01  5.33918089e-03 
 6.55565787e-01  5.34434213e-03 
 6.65049679e-01  5.34950321e-03 
 6.74533583e-01  5.35466417e-03 
 6.84017496e-01  5.35982504e-03 
 6.93501416e-01  5.36498584e-03 
 7.02985339e-01  5.37014661e-03 
 7.12469266e-01  5.37530734e-03 
 7.21953196e-01  5.38046804e-03 
 7.31437127e-01  5.38562873e-03 
 7.40921059e-01  5.39078941e-03 
 7.50404992e-01  5.39595008e-03 
 7.59888925e-01  5.40111075e-03 
 7.69372859e-01  5.40627141e-03 
 7.78856793e-01  5.41143207e-03 
 7.88340728e-01  5.41659272e-03 
 7.97824663e-01  5.42175337e-03 
 8.07308598e-01  5.42691402e-03 
 8.16792533e-01  5.43207467e-03 
 8.26276468e-01  5.43723532e-03 
 8.35760403e-01  5.44239597e-03 
 8.45244338e-01  5.44755662e-03 
 8.54728273e-01  5.45271727e-03 
 8.64212208e-01  5.45787792e-03 
 8.73696143e-01  5.46303857e-03 
 8.83180078e-01  5.46819922e-03 
 8.92664014e-01  5.47335986e-03 
 9.02147949e-01  5.47852051e-03 
 9.11631884e-01  5.48368116e-03 
 9.21115819e-01  5.48884181e-03 
 9.30599754e-01  5.49400246e-03 
 9.40083690e-01  5.49916310e-03 
 9.49567625e-01  5.50432375e-03 
 9.59051560e-01  5.50948440e-03 
 9.68535495e-01  5.51464505e-03 
 9.78019430e-01  5.51980570e-03 
 9.87503366e-01  5.52496634e-03 
 9.96987301e-01  5.53012699e-03 
 1.00647124e+00  5.53528764e-03 
 1.01595517e+00  5.54044829e-03 
 1.02543911e+00  5.54560894e-03 
 1.03492304e+00  5.55076958e-03 
 1.04440698e+00  5.55593023e-03 
 1.05389091e+00  5.56109088e-03 
 1.06337485e+00  5.56625153e-03 
 1.07285878e+00  5.57141218e-03 
 1.08234272e+00  5.57657282e-03 
 1.09182665e+00  5.58173347e-03 
 1.10131059e+00  5.58689412e-03 
 1.11079452e+00  5.59205477e-03 
 1.12027846e+00  5.59721541e-03 
 1.12976239e+00  5.60237606e-03 
 1.13924633e+00  5.60753671e-03 
 1.14873026e+00  5.61269736e-03 
 1.15821420e+00  5.61785801e-03 
 1.16769813e+00  5.62301865e-03 
 1.17718207e+00  5.62817930e-03 
 1.18666600e+00  5.63333995e-03 
 1.19614994e+00  5.63850060e-03 
 1.20563388e+00  5.64366125e-03 
 1.21511781e+00  5.64882189e-03 
 1.22460175e+00  5.65398254e-03 
 1.23408568e+00  5.65914319e-03 
 1.24356962e+00  5.66430384e-03 
 1.25305355e+00  5.66946449e-03 
 1.26253749e+00  5.67462513e-03 
 1.27202142e+00  5.67978578e-03 
 1.28150536e+00  5.68494643e-03 
 1.29098929e+00  5.69010708e-03 
 1.30047323e+00  5.69526772e-03 
 1.30995716e+00  5.70042837e-03 
 1.31944110e+00  5.70558902e-03 
 1.32892503e+00  5.71074967e-03 
 1.33840897e+00  5.71591032e-03 
 1.34789290e+00  5.72107096e-03 
 1.35737684e+00  5.72623161e-03 
 1.36686077e+00  5.73139226e-03 
 1.37634471e+00  5.73655291e-03 
 1.38582864e+00  5.74171356e-03 
 1.39531258e+00  5.74687420e-03 
 1.40479651e+00  5.75203485e-03 
 1.41428045e+00  5.75719550e-03 
 1.42376439e+00  5.76235615e-03 
 1.43324832e+00  5.76751680e-03 
 1.44273226e+00  5.77267744e-03 
 1.45221619e+00  5.77783809e-03 
 1.46170013e+00  5.78299874e-03 
 1.47118406e+00  5.78815939e-03 
 1.48066800e+00  5.79332004e-03 
 1.49015193e+00  5.79848068e-03 
 1.49963587e+00  5.80364133e-03 
 1.50911980e+00  5.80880198e-03 
 1.51860374e+00  5.81396263e-03 
 1.52808767e+00  5.81912327e-03 
 1.53757161e+00  5.82428392e-03 
 1.54705554e+00  5.82944457e-03 
 1.55653948e+00  5.83460522e-03 
 1.56602341e+00  5.83976587e-03 
 1.57550735e+00  5.84492651e-03 
 1.58499128e+00  5.85008716e-03 
 1.59447522e+00  5.85524781e-03 
 1.60395915e+00  5.86040846e-03 
 1.61344309e+00  5.86556911e-03 
 1.62292702e+00  5.87072975e-03 
 1.63241096e+00  5.87589040e-03 
 1.64189490e+00  5.88105105e-03 
 1.65137883e+00  5.88621170e-03 
 1.66086277e+00  5.89137235e-03 
 1.67034670e+00  5.89653299e-03 
 1.67983064e+00  5.90169364e-03 
 1.68931457e+00  5.90685429e-03 
 1.69879851e+00  5.91201494e-03 
 1.70828244e+00  5.91717559e-03 
 1.71776638e+00  5.92233623e-03 
 1.72725031e+00  5.92749688e-03 
 1.73673425e+00  5.93265753e-03 
 1.74621818e+00  5.93781818e-03 
 1.75570212e+00  5.94297882e-03 
 1.76518605e+00  5.94813947e-03 
 1.77466999e+00  5.95330012e-03 
 1.78415392e+00  5.95846077e-03 
 1.79363786e+00  5.96362142e-03 
 1.80312179e+00  5.96878206e-03 
 1.81260573e+00  5.97394271e-03 
 1.82208966e+00  5.97910336e-03 
 1.83157360e+00  5.98426401e-03 
 1.84105753e+00  5.98942466e-03 
 1.85054147e+00  5.99458530e-03 
 1.86002540e+00  5.99974595e-03 
 1.86950934e+00  6.00490660e-03 
 1.87899328e+00  6.01006725e-03 
 1.88847721e+00  6.01522790e-03 
 1.89796115e+00  6.02038854e-03 
 1.90744508e+00  6.02554919e-03 
 1.91692902e+00  6.03070984e-03 
 1.92641295e+00  6.03587049e-03 
 1.93589689e+00  6.04103114e-03 
 1.94538082e+00  6.04619178e-03 
 1.95486476e+00  6.05135243e-03 
 1.96434869e+00  6.05651308e-03 
 1.97383263e+00  6.06167373e-03 
 1.98331656e+00  6.06683437e-03 
 1.99280050e+00  6.07199502e-03 
 2.00228443e+00  6.07715567e-03 
 2.01176837e+00  6.08231632e-03 
 2.02125230e+00  6.08747697e-03 
 2.03073624e+00  6.09263761e-03 
 2.04022017e+00  6.09779826e-03 
 2.04970411e+00  6.10295891e-03 
 2.05918804e+00  6.10811956e-03 
 2.06867198e+00  6.11328021e-03 
 2.07815591e+00  6.11844085e-03 
 2.08763985e+00  6.12360150e-03 
 2.09712379e+00  6.12876215e-03 
 2.10660772e+00  6.13392280e-03 
 2.11609166e+00  6.13908345e-03 
 2.12557559e+00  6.14424409e-03 
 2.13505953e+00  6.14940474e-03 
 2.14454346e+00  6.15456539e-03 
 2.15402740e+00  6.15972604e-03 
 2.16351133e+00  6.16488669e-03 
 2.17299527e+00  6.17004733e-03 
 2.18247920e+00  6.17520798e-03 
 2.19196314e+00  6.18036863e-03 
 2.20144707e+00  6.18552928e-03 
 2.21093101e+00  6.19068992e-03 
 2.22041494e+00  6.19585057e-03 
 2.22989888e+00  6.20101122e-03 
 2.23938281e+00  6.20617187e-03 
 2.24886675e+00  6.21133252e-03 
 2.25835068e+00  6.21649316e-03 
 2.26783462e+00  6.22165381e-03 
 2.27731855e+00  6.22681446e-03 
 2.28680249e+00  6.23197511e-03 
 2.29628642e+00  6.23713576e-03 
 2.30577036e+00  6.24229640e-03 
 2.31525429e+00  6.24745705e-03 
 2.32473823e+00  6.25261770e-03 
 2.33422217e+00  6.25777835e-03 
 2.34370610e+00  6.26293900e-03 
 2.35319004e+00  6.26809964e-03 
 2.36267397e+00  6.27326029e-03 
 2.37215791e+00  6.27842094e-03 
 2.38164184e+00  6.28358159e-03 
 2.39112578e+00  6.28874224e-03 
 2.40060971e+00  6.29390288e-03 
 2.41009365e+00  6.29906353e-03 
 2.41957758e+00  6.30422418e-03 
 2.42906152e+00  6.30938483e-03 
 2.43854545e+00  6.31454548e-03 
 2.44802939e+00  6.31970612e-03 
 2.45751332e+00  6.32486677e-03 
 2.46699726e+00  6.33002742e-03 
 2.47648119e+00  6.33518807e-03 
 2.48596513e+00  6.34034871e-03 
 2.49544906e+00  6.34550936e-03 
 2.50493300e+00  6.35067001e-03 
 2.51441693e+00  6.35583066e-03 
 2.52390087e+00  6.36099131e-03 
 2.53338480e+00  6.36615195e-03 
 2.54286874e+00  6.37131260e-03 
 2.55235267e+00  6.37647325e-03 
 2.56183661e+00  6.38163390e-03 
 2.57132055e+00  6.38679455e-03 
 2.58080448e+00  6.39195519e-03 
 2.59028842e+00  6.39711584e-03 
 2.59977235e+00  6.40227649e-03 
 2.60925629e+00  6.40743714e-03 
 2.61874022e+00  6.41259779e-03 
 2.62822416e+00  6.41775843e-03 
 2.63770809e+00  6.42291908e-03 
 2.64719203e+00  6.42807973e-03 
 2.65667596e+00  6.43324038e-03 
 2.66615990e+00  6.43840103e-03 
 2.67564383e+00  6.44356167e-03 
 2.68512777e+00  6.44872232e-03 
 2.69461170e+00  6.45388297e-03 
 2.70409564e+00  6.45904362e-03 
 2.71357957e+00  6.46420426e-03 
 2.72306351e+00  6.46936491e-03 
 2.73254744e+00  6.47452556e-03 
 2.74203138e+00  6.47968621e-03 
 2.75151531e+00  6.48484686e-03 
 2.76099925e+00  6.49000750e-03 
 2.77048318e+00  6.49516815e-03 
 2.77996712e+00  6.50032880e-03 
 2.78945106e+00  6.50548945e-03 
 2.79893499e+00  6.51065010e-03 
 2.80841893e+00  6.51581074e-03 
 2.81790286e+00  6.52097139e-03 
 2.82738680e+00  6.52613204e-03 
 2.83687073e+00  6.53129269e-03 
 2.84635467e+00  6.53645334e-03 
 2.85583860e+00  6.54161398e-03 
 2.86532254e+00  6.54677463e-03 
 2.87480647e+00  6.55193528e-03 
 2.88429041e+00  6.55709593e-03 
 2.89377434e+00  6.56225658e-03 
 2.90325828e+00  6.56741722e-03 
 2.91274221e+00  6.57257787e-03 
 2.92222615e+00  6.57773852e-03 
 2.93171008e+00  6.58289917e-03 
 2.94119402e+00  6.58805982e-03 
 2.95067795e+00  6.59322046e-03 
 2.96016189e+00  6.59838111e-03 
 2.96964582e+00  6.60354176e-03 
 2.97912976e+00  6.60870241e-03 
 2.98861369e+00  6.61386305e-03 
 2.99809763e+00  6.61902370e-03 
 3.00758156e+00  6.62418435e-03 
 3.01706550e+00  6.62934500e-03 
 3.02654944e+00  6.63450565e-03 
 3.03603337e+00  6.63966629e-03 
 3.04551731e+00  6.64482694e-03 
 3.05500124e+00  6.64998759e-03 
 3.06448518e+00  6.65514824e-03 
 3.07396911e+00  6.66030889e-03 
 3.08345305e+00  6.66546953e-03 
 3.09293698e+00  6.67063018e-03 
 3.10242092e+00  6.67579083e-03 
 3.11190485e+00  6.68095148e-03 
 3.12138879e+00  6.68611213e-03 
 3.13087272e+00  6.69127277e-03 
 3.14035666e+00  6.69643342e-03 
 3.14984059e+00  6.70159407e-03 
 3.15932453e+00  6.70675472e-03 
 3.16880846e+00  6.71191537e-03 
 3.17829240e+00  6.71707601e-03 
 3.18777633e+00  6.72223666e-03 
 3.19726027e+00  6.72739731e-03 
 3.20674420e+00  6.73255796e-03 
 3.21622814e+00  6.73771860e-03 
 3.22571207e+00  6.74287925e-03 
 3.23519601e+00  6.74803990e-03 
 3.24467995e+00  6.75320055e-03 
 3.25416388e+00  6.75836120e-03 
 3.26364782e+00  6.76352184e-03 
 3.27313175e+00  6.76868249e-03 
 3.28261569e+00  6.77384314e-03 
 3.29209962e+00  6.77900379e-03 
 3.30158356e+00  6.78416444e-03 
 3.31106749e+00  6.78932508e-03 
 3.32055143e+00  6.79448573e-03 
 3.33003536e+00  6.79964638e-03 
 3.33951930e+00  6.80480703e-03 
 3.34900323e+00  6.80996768e-03 
 3.35848717e+00  6.81512832e-03 
 3.36797110e+00  6.82028897e-03 
 3.37745504e+00  6.82544962e-03 
 3.38693897e+00  6.83061027e-03 
 3.39642291e+00  6.83577092e-03 
 3.40590684e+00  6.84093156e-03 
 3.41539078e+00  6.84609221e-03 
 3.42487471e+00  6.85125286e-03 
 3.43435865e+00  6.85641351e-03 
 3.44384258e+00  6.86157416e-03 
 3.45332652e+00  6.86673480e-03 
 3.46281045e+00  6.87189545e-03 
 3.47229439e+00  6.87705610e-03 
 3.48177833e+00  6.88221675e-03 
 3.49126226e+00  6.88737739e-03 
 3.50074620e+00  6.89253804e-03 
 3.51023013e+00  6.89769869e-03 
 3.51971407e+00  6.90285934e-03 
 3.52919800e+00  6.90801999e-03 
 3.53868194e+00  6.91318063e-03 
 3.54816587e+00  6.91834128e-03 
 3.55764981e+00  6.92350193e-03 
 3.56713374e+00  6.92866258e-03 
 3.57661768e+00  6.93382323e-03 
 3.58610161e+00  6.93898387e-03 
 3.59558555e+00  6.94414452e-03 
 3.60506948e+00  6.94930517e-03 
 3.61455342e+00  6.95446582e-03 
 3.62403735e+00  6.95962647e-03 
 3.63352129e+00  6.96478711e-03 
 3.64300522e+00  6.96994776e-03 
 3.65248916e+00  6.97510841e-03 
 3.66197309e+00  6.98026906e-03 
 3.67145703e+00  6.98542971e-03 
 3.68094096e+00  6.99059035e-03 
 3.69042490e+00  6.99575100e-03 
 3.69990884e+00  7.00091165e-03 
 3.70939277e+00  7.00607230e-03 
 3.71887671e+00  7.01123295e-03 
 3.72836064e+00  7.01639359e-03 
 3.73784458e+00  7.02155424e-03 
 3.74732851e+00  7.02671489e-03 
 3.75681245e+00  7.03187554e-03 
 3.76629638e+00  7.03703618e-03 
 3.77578032e+00  7.04219683e-03 
 3.78526425e+00  7.04735748e-03 
 3.79474819e+00  7.05251813e-03 
 3.80423212e+00  7.05767878e-03 
 3.81371606e+00  7.06283942e-03 
 3.82319999e+00  7.06800007e-03 
 3.83268393e+00  7.07316072e-03 
 3.84216786e+00  7.07832137e-03 
 3.85165180e+00  7.08348202e-03 
 3.86113573e+00  7.08864266e-03 
 3.87061967e+00  7.09380331e-03 
 3.88010360e+00  7.09896396e-03 
 3.88958754e+00  7.10412461e-03 
 3.89907147e+00  7.10928526e-03 
 3.90855541e+00  7.11444590e-03 
 3.91803934e+00  7.11960655e-03 
 3.92752328e+00  7.12476720e-03 
 3.93700722e+00  7.12992785e-03 
 3.94649115e+00  7.13508850e-03 
 3.95597509e+00  7.14024914e-03 
 3.96545902e+00  7.14540979e-03 
 3.97494296e+00  7.15057044e-03 
 3.98442689e+00  7.15573109e-03 
 3.99391083e+00  7.16089174e-03 
 4.00339476e+00  7.16605238e-03 
 4.01287870e+00  7.17121303e-03 
 4.02236263e+00  7.17637368e-03 
 4.03184657e+00  7.18153433e-03 
 4.04133050e+00  7.18669497e-03 
 4.05081444e+00  7.19185562e-03 
 4.06029837e+00  7.19701627e-03 
 4.06978231e+00  7.20217692e-03 
 4.07926624e+00  7.20733757e-03 
 4.08875018e+00  7.21249821e-03 
 4.09823411e+00  7.21765886e-03 
 4.10771805e+00  7.22281951e-03 
 4.11720198e+00  7.22798016e-03 
 4.12668592e+00  7.23314081e-03 
 4.13616985e+00  7.23830145e-03 
 4.14565379e+00  7.24346210e-03 
 4.15513772e+00  7.24862275e-03 
 4.16462166e+00  7.25378340e-03 
 4.17410560e+00  7.25894405e-03 
 4.18358953e+00  7.26410469e-03 
 4.19307347e+00  7.26926534e-03 
 4.20255740e+00  7.27442599e-03 
 4.21204134e+00  7.27958664e-03 
 4.22152527e+00  7.28474729e-03 
 4.23100921e+00  7.28990793e-03 
 4.24049314e+00  7.29506858e-03 
 4.24997708e+00  7.30022923e-03 
 4.25946101e+00  7.30538988e-03 
 4.26894495e+00  7.31055053e-03 
 4.27842888e+00  7.31571117e-03 
 4.28791282e+00  7.32087182e-03 
 4.29739675e+00  7.32603247e-03 
 4.30688069e+00  7.33119312e-03 
 4.31636462e+00  7.33635377e-03 
 4.32584856e+00  7.34151441e-03 
 4.33533249e+00  7.34667506e-03 
 4.34481643e+00  7.35183571e-03 
 4.35430036e+00  7.35699636e-03 
 4.36378430e+00  7.36215700e-03 
 4.37326823e+00  7.36731765e-03 
 4.38275217e+00  7.37247830e-03 
 4.39223611e+00  7.37763895e-03 
 4.40172004e+00  7.38279960e-03 
 4.41120398e+00  7.38796024e-03 
 4.42068791e+00  7.39312089e-03 
 4.43017185e+00  7.39828154e-03 
 4.43965578e+00  7.40344219e-03 
 4.44913972e+00  7.40860284e-03 
 4.45862365e+00  7.41376348e-03 
 4.46810759e+00  7.41892413e-03 
 4.47759152e+00  7.42408478e-03 
 4.48707546e+00  7.42924543e-03 
 4.49655939e+00  7.43440608e-03 
 4.50604333e+00  7.43956672e-03 
 4.51552726e+00  7.44472737e-03 
 4.52501120e+00  7.44988802e-03 
 4.53449513e+00  7.45504867e-03 
 4.54397907e+00  7.46020932e-03 
 4.55346300e+00  7.46536996e-03 
 4.56294694e+00  7.47053061e-03 
 4.57243087e+00  7.47569126e-03 
 4.58191481e+00  7.48085191e-03 
 4.59139874e+00  7.48601256e-03 
 4.60088268e+00  7.49117320e-03 
 4.61036661e+00  7.49633385e-03 
 4.61985055e+00  7.50149450e-03 
 4.62933449e+00  7.50665515e-03 
 4.63881842e+00  7.51181580e-03 
 4.64830236e+00  7.51697644e-03 
 4.65778629e+00  7.52213709e-03 
 4.66727023e+00  7.52729774e-03 
 4.67675416e+00  7.53245839e-03 
 4.68623810e+00  7.53761903e-03 
 4.69572203e+00  7.54277968e-03 
 4.70520597e+00  7.54794033e-03 
 4.71468990e+00  7.55310098e-03 
 4.72417384e+00  7.55826163e-03 
 4.73365777e+00  7.56342227e-03 
 4.74314171e+00  7.56858292e-03 
 4.75262564e+00  7.57374357e-03 
 4.76210958e+00  7.57890422e-03 
 4.77159351e+00  7.58406487e-03 
 4.78107745e+00  7.58922551e-03 
 4.79056138e+00  7.59438616e-03 
 4.80004532e+00  7.59954681e-03 
 4.80952925e+00  7.60470746e-03 
 4.81901319e+00  7.60986811e-03 
 4.82849712e+00  7.61502875e-03 
 4.83798106e+00  7.62018940e-03 
 4.84746500e+00  7.62535005e-03 
 4.85694893e+00  7.63051070e-03 
 4.86643287e+00  7.63567135e-03 
 4.87591680e+00  7.64083199e-03 
 4.88540074e+00  7.64599264e-03 
 4.89488467e+00  7.65115329e-03 
 4.90436861e+00  7.65631394e-03 
 4.91385254e+00  7.66147459e-03 
 4.92333648e+00  7.66663523e-03 
 4.93282041e+00  7.67179588e-03 
 4.94230435e+00  7.67695653e-03 
 4.95178828e+00  7.68211718e-03 
 4.96127222e+00  7.68727783e-03 
 4.97075615e+00  7.69243847e-03 
 4.98024009e+00  7.69759912e-03 
 4.98972402e+00  7.70275977e-03 
 4.99920796e+00  7.70792042e-03 
 5.00869189e+00  7.71308106e-03 
 5.01817583e+00  7.71824171e-03 
 5.02765976e+00  7.72340236e-03 
 5.03714370e+00  7.72856301e-03 
 5.04662763e+00  7.73372366e-03 
 5.05611157e+00  7.73888430e-03 
 5.06559550e+00  7.74404495e-03 
 5.07507944e+00  7.74920560e-03 
 5.08456338e+00  7.75436625e-03 
 5.09404731e+00  7.75952690e-03 
 5.10353125e+00  7.76468754e-03 
 5.11301518e+00  7.76984819e-03 
 5.12249912e+00  7.77500884e-03 
 5.13198305e+00  7.78016949e-03 
 5.14146699e+00  7.78533014e-03 
 5.15095092e+00  7.79049078e-03 
 5.16043486e+00  7.79565143e-03 
 5.16991879e+00  7.80081208e-03 
 5.17940273e+00  7.80597273e-03 
 5.18888666e+00  7.81113338e-03 
 5.19837060e+00  7.81629402e-03 
 5.20785453e+00  7.82145467e-03 
 5.21733847e+00  7.82661532e-03 
 5.22682240e+00  7.83177597e-03 
 5.23630634e+00  7.83693662e-03 
 5.24579027e+00  7.84209726e-03 
 5.25527421e+00  7.84725791e-03 
 5.26475814e+00  7.85241856e-03 
 5.27424208e+00  7.85757921e-03 
 5.28372601e+00  7.86273986e-03 
 5.29320995e+00  7.86790050e-03 
 5.30269388e+00  7.87306115e-03 
 5.31217782e+00  7.87822180e-03 
 5.32166176e+00  7.88338245e-03 
 5.33114569e+00  7.88854309e-03 
 5.34062963e+00  7.89370374e-03 
 5.35011356e+00  7.89886439e-03 
 5.35959750e+00  7.90402504e-03 
 5.36908143e+00  7.90918569e-03 
 5.37856537e+00  7.91434633e-03 
 5.38804930e+00  7.91950698e-03 
 5.39753324e+00  7.92466763e-03 
 5.40701717e+00  7.92982828e-03 
 5.41650111e+00  7.93498893e-03 
 5.42598504e+00  7.94014957e-03 
 5.43546898e+00  7.94531022e-03 
 5.44495291e+00  7.95047087e-03 
 5.45443685e+00  7.95563152e-03 
 5.46392078e+00  7.96079217e-03 
 5.47340472e+00  7.96595281e-03 
 5.48288865e+00  7.97111346e-03 
 5.49237259e+00  7.97627411e-03 
 5.50185652e+00  7.98143476e-03 
 5.51134046e+00  7.98659541e-03 
 5.52082439e+00  7.99175605e-03 
 5.53030833e+00  7.99691670e-03 
 5.53979227e+00  8.00207735e-03 
 5.54927620e+00  8.00723800e-03 
 5.55876014e+00  8.01239865e-03 
 5.56824407e+00  8.01755929e-03 
 5.57772801e+00  8.02271994e-03 
 5.58721194e+00  8.02788059e-03 
 5.59669588e+00  8.03304124e-03 
 5.60617981e+00  8.03820189e-03 
 5.61566375e+00  8.04336253e-03 
 5.62514768e+00  8.04852318e-03 
 5.63463162e+00  8.05368383e-03 
 5.64411555e+00  8.05884448e-03 
 5.65359949e+00  8.06400513e-03 
 5.66308342e+00  8.06916577e-03 
 5.67256736e+00  8.07432642e-03 
 5.68205129e+00  8.07948707e-03 
 5.69153523e+00  8.08464772e-03 
 5.70101916e+00  8.08980836e-03 
 5.71050310e+00  8.09496901e-03 
 5.71998703e+00  8.10012966e-03 
 5.72947097e+00  8.10529031e-03 
 5.73895490e+00  8.11045096e-03 
 5.74843884e+00  8.11561160e-03 
 5.75792277e+00  8.12077225e-03 
 5.76740671e+00  8.12593290e-03 
 5.77689065e+00  8.13109355e-03 
 5.78637458e+00  8.13625420e-03 
 5.79585852e+00  8.14141484e-03 
 5.80534245e+00  8.14657549e-03 
 5.81482639e+00  8.15173614e-03 
 5.82431032e+00  8.15689679e-03 
 5.83379426e+00  8.16205744e-03 
 5.84327819e+00  8.16721808e-03 
 5.85276213e+00  8.17237873e-03 
 5.86224606e+00  8.17753938e-03 
 5.87173000e+00  8.18270003e-03 
 5.88121393e+00  8.18786068e-03 
 5.89069787e+00  8.19302132e-03 
 5.90018180e+00  8.19818197e-03 
 5.90966574e+00  8.20334262e-03 
 5.91914967e+00  8.20850327e-03 
 5.92863361e+00  8.21366392e-03 
 5.93811754e+00  8.21882456e-03 
 5.94760148e+00  8.22398521e-03 
 5.95708541e+00  8.22914586e-03 
 5.96656935e+00  8.23430651e-03 
 5.97605328e+00  8.23946716e-03 
 5.98553722e+00  8.24462780e-03 
 5.99502115e+00  8.24978845e-03 
 6.00450509e+00  8.25494910e-03 
 6.01398903e+00  8.26010975e-03 
 6.02347296e+00  8.26527040e-03 
 6.03295690e+00  8.27043104e-03 
 6.04244083e+00  8.27559169e-03 
 6.05192477e+00  8.28075234e-03 
 6.06140870e+00  8.28591299e-03 
 6.07089264e+00  8.29107363e-03 
 6.08037657e+00  8.29623428e-03 
 6.08986051e+00  8.30139493e-03 
 6.09934444e+00  8.30655558e-03 
 6.10882838e+00  8.31171623e-03 
 6.11831231e+00  8.31687687e-03 
 6.12779625e+00  8.32203752e-03 
 6.13728018e+00  8.32719817e-03 
 6.14676412e+00  8.33235882e-03 
 6.15624805e+00  8.33751947e-03 
 6.16573199e+00  8.34268011e-03 
 6.17521592e+00  8.34784076e-03 
 6.18469986e+00  8.35300141e-03 
 6.19418379e+00  8.35816206e-03 
 6.20366773e+00  8.36332271e-03 
 6.21315166e+00  8.36848335e-03 
 6.22263560e+00  8.37364400e-03 
 6.23211954e+00  8.37880465e-03 
 6.24160347e+00  8.38396530e-03 
 6.25108741e+00  8.38912595e-03 
 6.26057134e+00  8.39428659e-03 
 6.27005528e+00  8.39944724e-03 
 6.27953921e+00  8.40460789e-03 
 6.28902315e+00  8.40976854e-03 
 6.29850708e+00  8.41492919e-03 
 6.30799102e+00  8.42008983e-03 
 6.31747495e+00  8.42525048e-03 
 6.32695889e+00  8.43041113e-03 
 6.33644282e+00  8.43557178e-03 
 6.34592676e+00  8.44073243e-03 
 6.35541069e+00  8.44589307e-03 
 6.36489463e+00  8.45105372e-03 
 6.37437856e+00  8.45621437e-03 
 6.38386250e+00  8.46137502e-03 
 6.39334643e+00  8.46653567e-03 
 6.40283037e+00  8.47169631e-03 
 6.41231430e+00  8.47685696e-03 
 6.42179824e+00  8.48201761e-03 
 6.43128217e+00  8.48717826e-03 
 6.44076611e+00  8.49233890e-03 
 6.45025004e+00  8.49749955e-03 
 6.45973398e+00  8.50266020e-03 
 6.46921792e+00  8.50782085e-03 
 6.47870185e+00  8.51298150e-03 
 6.48818579e+00  8.51814214e-03 
 6.49766972e+00  8.52330279e-03 
 6.50715366e+00  8.52846344e-03 
 6.51663759e+00  8.53362409e-03 
 6.52612153e+00  8.53878474e-03 
 6.53560546e+00  8.54394538e-03 
 6.54508940e+00  8.54910603e-03 
 6.55457333e+00  8.55426668e-03 
 6.56405727e+00  8.55942733e-03 
 6.57354120e+00  8.56458798e-03 
 6.58302514e+00  8.56974862e-03 
 6.59250907e+00  8.57490927e-03 
 6.60199301e+00  8.58006992e-03 
 6.61147694e+00  8.58523057e-03 
 6.62096088e+00  8.59039122e-03 
 6.63044481e+00  8.59555186e-03 
 6.63992875e+00  8.60071251e-03 
 6.64941268e+00  8.60587316e-03 
 6.65889662e+00  8.61103381e-03 
 6.66838055e+00  8.61619446e-03 
 6.67786449e+00  8.62135510e-03 
 6.68734842e+00  8.62651575e-03 
 6.69683236e+00  8.63167640e-03 
 6.70631630e+00  8.63683705e-03 
 6.71580023e+00  8.64199770e-03 
 6.72528417e+00  8.64715834e-03 
 6.73476810e+00  8.65231899e-03 
 6.74425204e+00  8.65747964e-03 
 6.75373597e+00  8.66264029e-03 
 6.76321991e+00  8.66780094e-03 
 6.77270384e+00  8.67296158e-03 
 6.78218778e+00  8.67812223e-03 
 6.79167171e+00  8.68328288e-03 
 6.80115565e+00  8.68844353e-03 
 6.81063958e+00  8.69360418e-03 
 6.82012352e+00  8.69876482e-03 
 6.82960745e+00  8.70392547e-03 
 6.83909139e+00  8.70908612e-03 
 6.84857532e+00  8.71424677e-03 
 6.85805926e+00  8.71940742e-03 
 6.86754319e+00  8.72456806e-03 
 6.87702713e+00  8.72972871e-03 
 6.88651106e+00  8.73488936e-03 
 6.89599500e+00  8.74005001e-03 
 6.90547893e+00  8.74521065e-03 
 6.91496287e+00  8.75037130e-03 
 6.92444680e+00  8.75553195e-03 
 6.93393074e+00  8.76069260e-03 
 6.94341468e+00  8.76585325e-03 
 6.95289861e+00  8.77101389e-03 
 6.96238255e+00  8.77617454e-03 
 6.97186648e+00  8.78133519e-03 
 6.98135042e+00  8.78649584e-03 
 6.99083435e+00  8.79165649e-03 
 7.00031829e+00  8.79681713e-03 
 7.00980222e+00  8.80197778e-03 
 7.01928616e+00  8.80713843e-03 
 7.02877009e+00  8.81229908e-03 
 7.03825403e+00  8.81745973e-03 
 7.04773796e+00  8.82262037e-03 
 7.05722190e+00  8.82778102e-03 
 7.06670583e+00  8.83294167e-03 
 7.07618977e+00  8.83810232e-03 
 7.08567370e+00  8.84326297e-03 
 7.09515764e+00  8.84842361e-03 
 7.10464157e+00  8.85358426e-03 
 7.11412551e+00  8.85874491e-03 
 7.12360944e+00  8.86390556e-03 
 7.13309338e+00  8.86906621e-03 
 7.14257731e+00  8.87422685e-03 
 7.15206125e+00  8.87938750e-03 
 7.16154519e+00  8.88454815e-03 
 7.17102912e+00  8.88970880e-03 
 7.18051306e+00  8.89486945e-03 
 7.18999699e+00  8.90003009e-03 
 7.19948093e+00  8.90519074e-03 
 7.20896486e+00  8.91035139e-03 
 7.21844880e+00  8.91551204e-03 
 7.22793273e+00  8.92067269e-03 
 7.23741667e+00  8.92583333e-03 
 7.24690060e+00  8.93099398e-03 
 7.25638454e+00  8.93615463e-03 
 7.26586847e+00  8.94131528e-03 
 7.27535241e+00  8.94647593e-03 
 7.28483634e+00  8.95163657e-03 
 7.29432028e+00  8.95679722e-03 
 7.30380421e+00  8.96195787e-03 
 7.31328815e+00  8.96711852e-03 
 7.32277208e+00  8.97227917e-03 
 7.33225602e+00  8.97743981e-03 
 7.34173995e+00  8.98260046e-03 
 7.35122389e+00  8.98776111e-03 
 7.36070782e+00  8.99292176e-03 
 7.37019176e+00  8.99808240e-03 
 7.37967569e+00  9.00324305e-03 
 7.38915963e+00  9.00840370e-03 
 7.39864357e+00  9.01356435e-03 
 7.40812750e+00  9.01872500e-03 
 7.41761144e+00  9.02388564e-03 
 7.42709537e+00  9.02904629e-03 
 7.43657931e+00  9.03420694e-03 
 7.44606324e+00  9.03936759e-03 
 7.45554718e+00  9.04452824e-03 
 7.46503111e+00  9.04968888e-03 
 7.47451505e+00  9.05484953e-03 
 7.48399898e+00  9.06001018e-03 
 7.49348292e+00  9.06517083e-03 
 7.50296685e+00  9.07033148e-03 
 7.51245079e+00  9.07549212e-03 
 7.52193472e+00  9.08065277e-03 
 7.53141866e+00  9.08581342e-03 
 7.54090259e+00  9.09097407e-03 
 7.55038653e+00  9.09613472e-03 
 7.55987046e+00  9.10129536e-03 
 7.56935440e+00  9.10645601e-03 
 7.57883833e+00  9.11161666e-03 
 7.58832227e+00  9.11677731e-03 
 7.59780620e+00  9.12193796e-03 
 7.60729014e+00  9.12709860e-03 
 7.61677407e+00  9.13225925e-03 
 7.62625801e+00  9.13741990e-03 
 7.63574195e+00  9.14258055e-03 
 7.64522588e+00  9.14774120e-03 
 7.65470982e+00  9.15290184e-03 
 7.66419375e+00  9.15806249e-03 
 7.67367769e+00  9.16322314e-03 
 7.68316162e+00  9.16838379e-03 
 7.69264556e+00  9.17354444e-03 
 7.70212949e+00  9.17870508e-03 
 7.71161343e+00  9.18386573e-03 
 7.72109736e+00  9.18902638e-03 
 7.73058130e+00  9.19418703e-03 
 7.74006523e+00  9.19934768e-03 
 7.74954917e+00  9.20450832e-03 
 7.75903310e+00  9.20966897e-03 
 7.76851704e+00  9.21482962e-03 
 7.77800097e+00  9.21999027e-03 
 7.78748491e+00  9.22515092e-03 
 7.79696884e+00  9.23031156e-03 
 7.80645278e+00  9.23547221e-03 
 7.81593671e+00  9.24063286e-03 
 7.82542065e+00  9.24579351e-03 
 7.83490458e+00  9.25095416e-03 
 7.84438852e+00  9.25611480e-03 
 7.85387245e+00  9.26127545e-03 
 7.86335639e+00  9.26643610e-03 
 7.87284033e+00  9.27159675e-03 
 7.88232426e+00  9.27675739e-03 
 7.89180820e+00  9.28191804e-03 
 7.90129213e+00  9.28707869e-03 
 7.91077607e+00  9.29223934e-03 
 7.92026000e+00  9.29739999e-03 
 7.92974394e+00  9.30256063e-03 
 7.93922787e+00  9.30772128e-03 
 7.94871181e+00  9.31288193e-03 
 7.95819574e+00  9.31804258e-03 
 7.96767968e+00  9.32320323e-03 
 7.97716361e+00  9.32836387e-03 
 7.98664755e+00  9.33352452e-03 
 7.99613148e+00  9.33868517e-03 
 8.00561542e+00  9.34384582e-03 
 8.01509935e+00  9.34900647e-03 
 8.02458329e+00  9.35416711e-03 
 8.03406722e+00  9.35932776e-03 
 8.04355116e+00  9.36448841e-03 
 8.05303509e+00  9.36964906e-03 
 8.06251903e+00  9.37480971e-03 
 8.07200296e+00  9.37997035e-03 
 8.08148690e+00  9.38513100e-03 
 8.09097083e+00  9.39029165e-03 
 8.10045477e+00  9.39545230e-03 
 8.10993871e+00  9.40061295e-03 
 8.11942264e+00  9.40577359e-03 
 8.12890658e+00  9.41093424e-03 
 8.13839051e+00  9.41609489e-03 
 8.14787445e+00  9.42125554e-03 
 8.15735838e+00  9.42641619e-03 
 8.16684232e+00  9.43157683e-03 
 8.17632625e+00  9.43673748e-03 
 8.18581019e+00  9.44189813e-03 
 8.19529412e+00  9.44705878e-03 
 8.20477806e+00  9.45221943e-03 
 8.21426199e+00  9.45738007e-03 
 8.22374593e+00  9.46254072e-03 
 8.23322986e+00  9.46770137e-03 
 8.24271380e+00  9.47286202e-03 
 8.25219773e+00  9.47802267e-03 
 8.26168167e+00  9.48318331e-03 
 8.27116560e+00  9.48834396e-03 
 8.28064954e+00  9.49350461e-03 
 8.29013347e+00  9.49866526e-03 
 8.29961741e+00  9.50382591e-03 
 8.30910134e+00  9.50898655e-03 
 8.31858528e+00  9.51414720e-03 
 8.32806922e+00  9.51930785e-03 
 8.33755315e+00  9.52446850e-03 
 8.34703709e+00  9.52962915e-03 
 8.35652102e+00  9.53478979e-03 
 8.36600496e+00  9.53995044e-03 
 8.37548889e+00  9.54511109e-03 
 8.38497283e+00  9.55027174e-03 
 8.39445676e+00  9.55543239e-03 
 8.40394070e+00  9.56059303e-03 
 8.41342463e+00  9.56575368e-03 
 8.42290857e+00  9.57091433e-03 
 8.43239250e+00  9.57607498e-03 
 8.44187644e+00  9.58123563e-03 
 8.45136037e+00  9.58639627e-03 
 8.46084431e+00  9.59155692e-03 
 8.47032824e+00  9.59671757e-03 
 8.47981218e+00  9.60187822e-03 
 8.48929611e+00  9.60703886e-03 
 8.49878005e+00  9.61219951e-03 
 8.50826398e+00  9.61736016e-03 
 8.51774792e+00  9.62252081e-03 
 8.52723185e+00  9.62768146e-03 
 8.53671579e+00  9.63284210e-03 
 8.54619972e+00  9.63800275e-03 
 8.55568366e+00  9.64316340e-03 
 8.56516760e+00  9.64832405e-03 
 8.57465153e+00  9.65348470e-03 
 8.58413547e+00  9.65864534e-03 
 8.59361940e+00  9.66380599e-03 
 8.60310334e+00  9.66896664e-03 
 8.61258727e+00  9.67412729e-03 
 8.62207121e+00  9.67928794e-03 
 8.63155514e+00  9.68444858e-03 
 8.64103908e+00  9.68960923e-03 
 8.65052301e+00  9.69476988e-03 
 8.66000695e+00  9.69993053e-03 
 8.66949088e+00  9.70509118e-03 
 8.67897482e+00  9.71025182e-03 
 8.68845875e+00  9.71541247e-03 
 8.69794269e+00  9.72057312e-03 
 8.70742662e+00  9.72573377e-03 
 8.71691056e+00  9.73089442e-03 
 8.72639449e+00  9.73605506e-03 
 8.73587843e+00  9.74121571e-03 
 8.74536236e+00  9.74637636e-03 
 8.75484630e+00  9.75153701e-03 
 8.76433023e+00  9.75669766e-03 
 8.77381417e+00  9.76185830e-03 
 8.78329810e+00  9.76701895e-03 
 8.79278204e+00  9.77217960e-03 
 8.80226598e+00  9.77734025e-03 
 8.81174991e+00  9.78250090e-03 
 8.82123385e+00  9.78766154e-03 
 8.83071778e+00  9.79282219e-03 
 8.84020172e+00  9.79798284e-03 
 8.84968565e+00  9.80314349e-03 
 8.85916959e+00  9.80830414e-03 
 8.86865352e+00  9.81346478e-03 
 8.87813746e+00  9.81862543e-03 
 8.88762139e+00  9.82378608e-03 
 8.89710533e+00  9.82894673e-03 
 8.90658926e+00  9.83410738e-03 
 8.91607320e+00  9.83926802e-03 
 8.92555713e+00  9.84442867e-03 
 8.93504107e+00  9.84958932e-03 
 8.94452500e+00  9.85474997e-03 
 8.95400894e+00  9.85991062e-03 
 8.96349287e+00  9.86507126e-03 
 8.97297681e+00  9.87023191e-03 
 8.98246074e+00  9.87539256e-03 
 8.99194468e+00  9.88055321e-03 
 9.00142861e+00  9.88571386e-03 
 9.01091255e+00  9.89087450e-03 
 9.02039648e+00  9.89603515e-03 
 9.02988042e+00  9.90119580e-03 
 9.03936436e+00  9.90635645e-03 
 9.04884829e+00  9.91151710e-03 
 9.05833223e+00  9.91667774e-03 
 9.06781616e+00  9.92183839e-03 
 9.07730010e+00  9.92699904e-03 
 9.08678403e+00  9.93215969e-03 
 9.09626797e+00  9.93732034e-03 
 9.10575190e+00  9.94248098e-03 
 9.11523584e+00  9.94764163e-03 
 9.12471977e+00  9.95280228e-03 
 9.13420371e+00  9.95796293e-03 
 9.14368764e+00  9.96312358e-03 
 9.15317158e+00  9.96828422e-03 
 9.16265551e+00  9.97344487e-03 
 9.17213945e+00  9.97860552e-03 
 9.18162338e+00  9.98376617e-03 
 9.19110732e+00  9.98892681e-03 
 9.20059125e+00  9.99408746e-03 
 9.21007519e+00  9.99924811e-03 
 9.21955912e+00  1.00044088e-02 
 9.22904306e+00  1.00095694e-02 
 9.23852699e+00  1.00147301e-02 
 9.24801093e+00  1.00198907e-02 
 9.25749486e+00  1.00250514e-02 
 9.26697880e+00  1.00302120e-02 
 9.27646274e+00  1.00353726e-02 
 9.28594667e+00  1.00405333e-02 
 9.29543061e+00  1.00456939e-02 
 9.30491454e+00  1.00508546e-02 
 9.31439848e+00  1.00560152e-02 
 9.32388241e+00  1.00611759e-02 
 9.33336635e+00  1.00663365e-02 
 9.34285028e+00  1.00714972e-02 
 9.35233422e+00  1.00766578e-02 
 9.36181815e+00  1.00818185e-02 
 9.37130209e+00  1.00869791e-02 
 9.38078602e+00  1.00921398e-02 
 9.39026996e+00  1.00973004e-02 
 9.39975389e+00  1.01024611e-02 
 9.40923783e+00  1.01076217e-02 
 9.41872176e+00  1.01127824e-02 
 9.42820570e+00  1.01179430e-02 
 9.43768963e+00  1.01231037e-02 
 9.44717357e+00  1.01282643e-02 
 9.45665750e+00  1.01334250e-02 
 9.46614144e+00  1.01385856e-02 
 9.47562537e+00  1.01437463e-02 
 9.48510931e+00  1.01489069e-02 
 9.49459324e+00  1.01540676e-02 
 9.50407718e+00  1.01592282e-02 
 9.51356112e+00  1.01643888e-02 
 9.52304505e+00  1.01695495e-02 
 9.53252899e+00  1.01747101e-02 
 9.54201292e+00  1.01798708e-02 
 9.55149686e+00  1.01850314e-02 
 9.56098079e+00  1.01901921e-02 
 9.57046473e+00  1.01953527e-02 
 9.57994866e+00  1.02005134e-02 
 9.58943260e+00  1.02056740e-02 
 9.59891653e+00  1.02108347e-02 
 9.60840047e+00  1.02159953e-02 
 9.61788440e+00  1.02211560e-02 
 9.62736834e+00  1.02263166e-02 
 9.63685227e+00  1.02314773e-02 
 9.64633621e+00  1.02366379e-02 
 9.65582014e+00  1.02417986e-02 
 9.66530408e+00  1.02469592e-02 
 9.67478801e+00  1.02521199e-02 
 9.68427195e+00  1.02572805e-02 
 9.69375588e+00  1.02624412e-02 
 9.70323982e+00  1.02676018e-02 
 9.71272375e+00  1.02727625e-02 
 9.72220769e+00  1.02779231e-02 
 9.73169163e+00  1.02830837e-02 
 9.74117556e+00  1.02882444e-02 
 9.75065950e+00  1.02934050e-02 
 9.76014343e+00  1.02985657e-02 
 9.76962737e+00  1.03037263e-02 
 9.77911130e+00  1.03088870e-02 
 9.78859524e+00  1.03140476e-02 
 9.79807917e+00  1.03192083e-02 
 9.80756311e+00  1.03243689e-02 
 9.81704704e+00  1.03295296e-02 
 9.82653098e+00  1.03346902e-02 
 9.83601491e+00  1.03398509e-02 
 9.84549885e+00  1.03450115e-02 
 9.85498278e+00  1.03501722e-02 
 9.86446672e+00  1.03553328e-02 
 9.87395065e+00  1.03604935e-02 
 9.88343459e+00  1.03656541e-02 
 9.89291852e+00  1.03708148e-02 
 9.90240246e+00  1.03759754e-02 
 9.91188639e+00  1.03811361e-02 
 9.92137033e+00  1.03862967e-02 
 9.93085426e+00  1.03914574e-02 
 9.94033820e+00  1.03966180e-02 
 9.94982213e+00  1.04017787e-02 
 9.95930607e+00  1.04069393e-02 
 9.96879001e+00  1.04120999e-02 
 9.97827394e+00  1.04172606e-02 
 9.98775788e+00  1.04224212e-02 
 9.99724181e+00  1.04275819e-02 
 1.00067257e+01  1.04327425e-02 
 1.00162097e+01  1.04379032e-02 
 1.00256936e+01  1.04430638e-02 
 1.00351776e+01  1.04482245e-02 
 1.00446615e+01  1.04533851e-02 
 1.00541454e+01  1.04585458e-02 
 1.00636294e+01  1.04637064e-02 
 1.00731133e+01  1.04688671e-02 
 1.00825972e+01  1.04740277e-02 
 1.00920812e+01  1.04791884e-02 
 1.01015651e+01  1.04843490e-02 
 1.01110490e+01  1.04895097e-02 
 1.01205330e+01  1.04946703e-02 
 1.01300169e+01  1.04998310e-02 
 1.01395008e+01  1.05049916e-02 
 1.01489848e+01  1.05101523e-02 
 1.01584687e+01  1.05153129e-02 
 1.01679526e+01  1.05204736e-02 
 1.01774366e+01  1.05256342e-02 
 1.01869205e+01  1.05307949e-02 
 1.01964044e+01  1.05359555e-02 
 1.02058884e+01  1.05411161e-02 
 1.02153723e+01  1.05462768e-02 
 1.02248563e+01  1.05514374e-02 
 1.02343402e+01  1.05565981e-02 
 1.02438241e+01  1.05617587e-02 
 1.02533081e+01  1.05669194e-02 
 1.02627920e+01  1.05720800e-02 
 1.02722759e+01  1.05772407e-02 
 1.02817599e+01  1.05824013e-02 
 1.02912438e+01  1.05875620e-02 
 1.03007277e+01  1.05927226e-02 
 1.03102117e+01  1.05978833e-02 
 1.03196956e+01  1.06030439e-02 
 1.03291795e+01  1.06082046e-02 
 1.03386635e+01  1.06133652e-02 
 1.03481474e+01  1.06185259e-02 
 1.03576313e+01  1.06236865e-02 
 1.03671153e+01  1.06288472e-02 
 1.03765992e+01  1.06340078e-02 
 1.03860832e+01  1.06391685e-02 
 1.03955671e+01  1.06443291e-02 
 1.04050510e+01  1.06494898e-02 
 1.04145350e+01  1.06546504e-02 
 1.04240189e+01  1.06598111e-02 
 1.04335028e+01  1.06649717e-02 
 1.04429868e+01  1.06701323e-02 
 1.04524707e+01  1.06752930e-02 
 1.04619546e+01  1.06804536e-02 
 1.04714386e+01  1.06856143e-02 
 1.04809225e+01  1.06907749e-02 
 1.04904064e+01  1.06959356e-02 
 1.04998904e+01  1.07010962e-02 
 1.05093743e+01  1.07062569e-02 
 1.05188582e+01  1.07114175e-02 
 1.05283422e+01  1.07165782e-02 
 1.05378261e+01  1.07217388e-02 
 1.05473101e+01  1.07268995e-02 
 1.05567940e+01  1.07320601e-02 
 1.05662779e+01  1.07372208e-02 
 1.05757619e+01  1.07423814e-02 
 1.05852458e+01  1.07475421e-02 
 1.05947297e+01  1.07527027e-02 
 1.06042137e+01  1.07578634e-02 
 1.06136976e+01  1.07630240e-02 
 1.06231815e+01  1.07681847e-02 
 1.06326655e+01  1.07733453e-02 
 1.06421494e+01  1.07785060e-02 
 1.06516333e+01  1.07836666e-02 
 1.06611173e+01  1.07888273e-02 
 1.06706012e+01  1.07939879e-02 
 1.06800851e+01  1.07991485e-02 
 1.06895691e+01  1.08043092e-02 
 1.06990530e+01  1.08094698e-02 
 1.07085370e+01  1.08146305e-02 
 1.07180209e+01  1.08197911e-02 
 1.07275048e+01  1.08249518e-02 
 1.07369888e+01  1.08301124e-02 
 1.07464727e+01  1.08352731e-02 
 1.07559566e+01  1.08404337e-02 
 1.07654406e+01  1.08455944e-02 
 1.07749245e+01  1.08507550e-02 
 1.07844084e+01  1.08559157e-02 
 1.07938924e+01  1.08610763e-02 
 1.08033763e+01  1.08662370e-02 
 1.08128602e+01  1.08713976e-02 
 1.08223442e+01  1.08765583e-02 
 1.08318281e+01  1.08817189e-02 
 1.08413120e+01  1.08868796e-02 
 1.08507960e+01  1.08920402e-02 
 1.08602799e+01  1.08972009e-02 
 1.08697638e+01  1.09023615e-02 
 1.08792478e+01  1.09075222e-02 
 1.08887317e+01  1.09126828e-02 
 1.08982157e+01  1.09178435e-02 
 1.09076996e+01  1.09230041e-02 
 1.09171835e+01  1.09281647e-02 
 1.09266675e+01  1.09333254e-02 
 1.09361514e+01  1.09384860e-02 
 1.09456353e+01  1.09436467e-02 
 1.09551193e+01  1.09488073e-02 
 1.09646032e+01  1.09539680e-02 
 1.09740871e+01  1.09591286e-02 
 1.09835711e+01  1.09642893e-02 
 1.09930550e+01  1.09694499e-02 
 1.10025389e+01  1.09746106e-02 
 1.10120229e+01  1.09797712e-02 
 1.10215068e+01  1.09849319e-02 
 1.10309907e+01  1.09900925e-02 
 1.10404747e+01  1.09952532e-02 
 1.10499586e+01  1.10004138e-02 
 1.10594426e+01  1.10055745e-02 
 1.10689265e+01  1.10107351e-02 
 1.10784104e+01  1.10158958e-02 
 1.10878944e+01  1.10210564e-02 
 1.10973783e+01  1.10262171e-02 
 1.11068622e+01  1.10313777e-02 
 1.11163462e+01  1.10365384e-02 
 1.11258301e+01  1.10416990e-02 
 1.11353140e+01  1.10468597e-02 
 1.11447980e+01  1.10520203e-02 
 1.11542819e+01  1.10571809e-02 
 1.11637658e+01  1.10623416e-02 
 1.11732498e+01  1.10675022e-02 
 1.11827337e+01  1.10726629e-02 
 1.11922176e+01  1.10778235e-02 
 1.12017016e+01  1.10829842e-02 
 1.12111855e+01  1.10881448e-02 
 1.12206695e+01  1.10933055e-02 
 1.12301534e+01  1.10984661e-02 
 1.12396373e+01  1.11036268e-02 
 1.12491213e+01  1.11087874e-02 
 1.12586052e+01  1.11139481e-02 
 1.12680891e+01  1.11191087e-02 
 1.12775731e+01  1.11242694e-02 
 1.12870570e+01  1.11294300e-02 
 1.12965409e+01  1.11345907e-02 
 1.13060249e+01  1.11397513e-02 
 1.13155088e+01  1.11449120e-02 
 1.13249927e+01  1.11500726e-02 
 1.13344767e+01  1.11552333e-02 
 1.13439606e+01  1.11603939e-02 
 1.13534445e+01  1.11655546e-02 
 1.13629285e+01  1.11707152e-02 
 1.13724124e+01  1.11758759e-02 
 1.13818964e+01  1.11810365e-02 
 1.13913803e+01  1.11861971e-02 
 1.14008642e+01  1.11913578e-02 
 1.14103482e+01  1.11965184e-02 
 1.14198321e+01  1.12016791e-02 
 1.14293160e+01  1.12068397e-02 
 1.14388000e+01  1.12120004e-02 
 1.14482839e+01  1.12171610e-02 
 1.14577678e+01  1.12223217e-02 
 1.14672518e+01  1.12274823e-02 
 1.14767357e+01  1.12326430e-02 
 1.14862196e+01  1.12378036e-02 
 1.14957036e+01  1.12429643e-02 
 1.15051875e+01  1.12481249e-02 
 1.15146714e+01  1.12532856e-02 
 1.15241554e+01  1.12584462e-02 
 1.15336393e+01  1.12636069e-02 
 1.15431232e+01  1.12687675e-02 
 1.15526072e+01  1.12739282e-02 
 1.15620911e+01  1.12790888e-02 
 1.15715751e+01  1.12842495e-02 
 1.15810590e+01  1.12894101e-02 
 1.15905429e+01  1.12945708e-02 
 1.16000269e+01  1.12997314e-02 
 1.16095108e+01  1.13048921e-02 
 1.16189947e+01  1.13100527e-02 
 1.16284787e+01  1.13152133e-02 
 1.16379626e+01  1.13203740e-02 
 1.16474465e+01  1.13255346e-02 
 1.16569305e+01  1.13306953e-02 
 1.16664144e+01  1.13358559e-02 
 1.16758983e+01  1.13410166e-02 
 1.16853823e+01  1.13461772e-02 
 1.16948662e+01  1.13513379e-02 
 1.17043501e+01  1.13564985e-02 
 1.17138341e+01  1.13616592e-02 
 1.17233180e+01  1.13668198e-02 
 1.17328020e+01  1.13719805e-02 
 1.17422859e+01  1.13771411e-02 
 1.17517698e+01  1.13823018e-02 
 1.17612538e+01  1.13874624e-02 
 1.17707377e+01  1.13926231e-02 
 1.17802216e+01  1.13977837e-02 
 1.17897056e+01  1.14029444e-02 
 1.17991895e+01  1.14081050e-02 
 1.18086734e+01  1.14132657e-02 
 1.18181574e+01  1.14184263e-02 
 1.18276413e+01  1.14235870e-02 
 1.18371252e+01  1.14287476e-02 
 1.18466092e+01  1.14339083e-02 
 1.18560931e+01  1.14390689e-02 
 1.18655770e+01  1.14442295e-02 
 1.18750610e+01  1.14493902e-02 
 1.18845449e+01  1.14545508e-02 
 1.18940289e+01  1.14597115e-02 
 1.19035128e+01  1.14648721e-02 
 1.19129967e+01  1.14700328e-02 
 1.19224807e+01  1.14751934e-02 
 1.19319646e+01  1.14803541e-02 
 1.19414485e+01  1.14855147e-02 
 1.19509325e+01  1.14906754e-02 
 1.19604164e+01  1.14958360e-02 
 1.19699003e+01  1.15009967e-02 
 1.19793843e+01  1.15061573e-02 
 1.19888682e+01  1.15113180e-02 
 1.19983521e+01  1.15164786e-02 
 1.20078361e+01  1.15216393e-02 
 1.20173200e+01  1.15267999e-02 
 1.20268039e+01  1.15319606e-02 
 1.20362879e+01  1.15371212e-02 
 1.20457718e+01  1.15422819e-02 
 1.20552557e+01  1.15474425e-02 
 1.20647397e+01  1.15526032e-02 
 1.20742236e+01  1.15577638e-02 
 1.20837076e+01  1.15629245e-02 
 1.20931915e+01  1.15680851e-02 
 1.21026754e+01  1.15732457e-02 
 1.21121594e+01  1.15784064e-02 
 1.21216433e+01  1.15835670e-02 
 1.21311272e+01  1.15887277e-02 
 1.21406112e+01  1.15938883e-02 
 1.21500951e+01  1.15990490e-02 
 1.21595790e+01  1.16042096e-02 
 1.21690630e+01  1.16093703e-02 
 1.21785469e+01  1.16145309e-02 
 1.21880308e+01  1.16196916e-02 
 1.21975148e+01  1.16248522e-02 
 1.22069987e+01  1.16300129e-02 
 1.22164826e+01  1.16351735e-02 
 1.22259666e+01  1.16403342e-02 
 1.22354505e+01  1.16454948e-02 
 1.22449345e+01  1.16506555e-02 
 1.22544184e+01  1.16558161e-02 
 1.22639023e+01  1.16609768e-02 
 1.22733863e+01  1.16661374e-02 
 1.22828702e+01  1.16712981e-02 
 1.22923541e+01  1.16764587e-02 
 1.23018381e+01  1.16816194e-02 
 1.23113220e+01  1.16867800e-02 
 1.23208059e+01  1.16919407e-02 
 1.23302899e+01  1.16971013e-02 
 1.23397738e+01  1.17022619e-02 
 1.23492577e+01  1.17074226e-02 
 1.23587417e+01  1.17125832e-02 
 1.23682256e+01  1.17177439e-02 
 1.23777095e+01  1.17229045e-02 
 1.23871935e+01  1.17280652e-02 
 1.23966774e+01  1.17332258e-02 
 1.24061614e+01  1.17383865e-02 
 1.24156453e+01  1.17435471e-02 
 1.24251292e+01  1.17487078e-02 
 1.24346132e+01  1.17538684e-02 
 1.24440971e+01  1.17590291e-02 
 1.24535810e+01  1.17641897e-02 
 1.24630650e+01  1.17693504e-02 
 1.24725489e+01  1.17745110e-02 
 1.24820328e+01  1.17796717e-02 
 1.24915168e+01  1.17848323e-02 
 1.25010007e+01  1.17899930e-02 
 1.25104846e+01  1.17951536e-02 
 1.25199686e+01  1.18003143e-02 
 1.25294525e+01  1.18054749e-02 
 1.25389364e+01  1.18106356e-02 
 1.25484204e+01  1.18157962e-02 
 1.25579043e+01  1.18209569e-02 
 1.25673883e+01  1.18261175e-02 
 1.25768722e+01  1.18312781e-02 
 1.25863561e+01  1.18364388e-02 
 1.25958401e+01  1.18415994e-02 
 1.26053240e+01  1.18467601e-02 
 1.26148079e+01  1.18519207e-02 
 1.26242919e+01  1.18570814e-02 
 1.26337758e+01  1.18622420e-02 
 1.26432597e+01  1.18674027e-02 
 1.26527437e+01  1.18725633e-02 
 1.26622276e+01  1.18777240e-02 
 1.26717115e+01  1.18828846e-02 
 1.26811955e+01  1.18880453e-02 
 1.26906794e+01  1.18932059e-02 
 1.27001633e+01  1.18983666e-02 
 1.27096473e+01  1.19035272e-02 
 1.27191312e+01  1.19086879e-02 
 1.27286151e+01  1.19138485e-02 
 1.27380991e+01  1.19190092e-02 
 1.27475830e+01  1.19241698e-02 
 1.27570670e+01  1.19293305e-02 
 1.27665509e+01  1.19344911e-02 
 1.27760348e+01  1.19396518e-02 
 1.27855188e+01  1.19448124e-02 
 1.27950027e+01  1.19499731e-02 
 1.28044866e+01  1.19551337e-02 
 1.28139706e+01  1.19602943e-02 
 1.28234545e+01  1.19654550e-02 
 1.28329384e+01  1.19706156e-02 
 1.28424224e+01  1.19757763e-02 
 1.28519063e+01  1.19809369e-02 
 1.28613902e+01  1.19860976e-02 
 1.28708742e+01  1.19912582e-02 
 1.28803581e+01  1.19964189e-02 
 1.28898420e+01  1.20015795e-02 
 1.28993260e+01  1.20067402e-02 
 1.29088099e+01  1.20119008e-02 
 1.29182939e+01  1.20170615e-02 
 1.29277778e+01  1.20222221e-02 
 1.29372617e+01  1.20273828e-02 
 1.29467457e+01  1.20325434e-02 
 1.29562296e+01  1.20377041e-02 
 1.29657135e+01  1.20428647e-02 
 1.29751975e+01  1.20480254e-02 
 1.29846814e+01  1.20531860e-02 
 1.29941653e+01  1.20583467e-02 
 1.30036493e+01  1.20635073e-02 
 1.30131332e+01  1.20686680e-02 
 1.30226171e+01  1.20738286e-02 
 1.30321011e+01  1.20789893e-02 
 1.30415850e+01  1.20841499e-02 
 1.30510689e+01  1.20893105e-02 
 1.30605529e+01  1.20944712e-02 
 1.30700368e+01  1.20996318e-02 
 1.30795208e+01  1.21047925e-02 
 1.30890047e+01  1.21099531e-02 
 1.30984886e+01  1.21151138e-02 
 1.31079726e+01  1.21202744e-02 
 1.31174565e+01  1.21254351e-02 
 1.31269404e+01  1.21305957e-02 
 1.31364244e+01  1.21357564e-02 
 1.31459083e+01  1.21409170e-02 
 1.31553922e+01  1.21460777e-02 
 1.31648762e+01  1.21512383e-02 
 1.31743601e+01  1.21563990e-02 
 1.31838440e+01  1.21615596e-02 
 1.31933280e+01  1.21667203e-02 
 1.32028119e+01  1.21718809e-02 
 1.32122958e+01  1.21770416e-02 
 1.32217798e+01  1.21822022e-02 
 1.32312637e+01  1.21873629e-02 
 1.32407476e+01  1.21925235e-02 
 1.32502316e+01  1.21976842e-02 
 1.32597155e+01  1.22028448e-02 
 1.32691995e+01  1.22080055e-02 
 1.32786834e+01  1.22131661e-02 
 1.32881673e+01  1.22183267e-02 
 1.32976513e+01  1.22234874e-02 
 1.33071352e+01  1.22286480e-02 
 1.33166191e+01  1.22338087e-02 
 1.33261031e+01  1.22389693e-02 
 1.33355870e+01  1.22441300e-02 
 1.33450709e+01  1.22492906e-02 
 1.33545549e+01  1.22544513e-02 
 1.33640388e+01  1.22596119e-02 
 1.33735227e+01  1.22647726e-02 
 1.33830067e+01  1.22699332e-02 
 1.33924906e+01  1.22750939e-02 
 1.34019745e+01  1.22802545e-02 
 1.34114585e+01  1.22854152e-02 
 1.34209424e+01  1.22905758e-02 
 1.34304264e+01  1.22957365e-02 
 1.34399103e+01  1.23008971e-02 
 1.34493942e+01  1.23060578e-02 
 1.34588782e+01  1.23112184e-02 
 1.34683621e+01  1.23163791e-02 
 1.34778460e+01  1.23215397e-02 
 1.34873300e+01  1.23267004e-02 
 1.34968139e+01  1.23318610e-02 
 1.35062978e+01  1.23370217e-02 
 1.35157818e+01  1.23421823e-02 
 1.35252657e+01  1.23473429e-02 
 1.35347496e+01  1.23525036e-02 
 1.35442336e+01  1.23576642e-02 
 1.35537175e+01  1.23628249e-02 
 1.35632014e+01  1.23679855e-02 
 1.35726854e+01  1.23731462e-02 
 1.35821693e+01  1.23783068e-02 
 1.35916533e+01  1.23834675e-02 
 1.36011372e+01  1.23886281e-02 
 1.36106211e+01  1.23937888e-02 
 1.36201051e+01  1.23989494e-02 
 1.36295890e+01  1.24041101e-02 
 1.36390729e+01  1.24092707e-02 
 1.36485569e+01  1.24144314e-02 
 1.36580408e+01  1.24195920e-02 
 1.36675247e+01  1.24247527e-02 
 1.36770087e+01  1.24299133e-02 
 1.36864926e+01  1.24350740e-02 
 1.36959765e+01  1.24402346e-02 
 1.37054605e+01  1.24453953e-02 
 1.37149444e+01  1.24505559e-02 
 1.37244283e+01  1.24557166e-02 
 1.37339123e+01  1.24608772e-02 
 1.37433962e+01  1.24660379e-02 
 1.37528801e+01  1.24711985e-02 
