-1.04122967e+00 -1.41943989e-02 
-1.04104128e+00 -1.41239449e-02 
-1.04086337e+00 -1.40538981e-02 
-1.04068530e+00 -1.39838514e-02 
-1.04050690e+00 -1.39138075e-02 
-1.04032817e+00 -1.38437659e-02 
-1.04014910e+00 -1.37737265e-02 
-1.03996969e+00 -1.37036893e-02 
-1.03978994e+00 -1.36336545e-02 
-1.03960985e+00 -1.35636219e-02 
-1.03942941e+00 -1.34935917e-02 
-1.03924862e+00 -1.34235638e-02 
-1.03906748e+00 -1.33535383e-02 
-1.03888598e+00 -1.32835152e-02 
-1.03870413e+00 -1.32134944e-02 
-1.03852192e+00 -1.31434761e-02 
-1.03833935e+00 -1.30734602e-02 
-1.03815641e+00 -1.30034467e-02 
-1.03797310e+00 -1.29334358e-02 
-1.03778943e+00 -1.28634273e-02 
-1.03760538e+00 -1.27934213e-02 
-1.03742096e+00 -1.27234179e-02 
-1.03723615e+00 -1.26534170e-02 
-1.03705097e+00 -1.25834187e-02 
-1.03686540e+00 -1.25134230e-02 
-1.03667945e+00 -1.24434299e-02 
-1.03649311e+00 -1.23734394e-02 
-1.03630637e+00 -1.23034516e-02 
-1.03611924e+00 -1.22334665e-02 
-1.03593171e+00 -1.21634841e-02 
-1.03574377e+00 -1.20935044e-02 
-1.03555544e+00 -1.20235274e-02 
-1.03536669e+00 -1.19535532e-02 
-1.03517753e+00 -1.18835819e-02 
-1.03498796e+00 -1.18136133e-02 
-1.03479797e+00 -1.17436475e-02 
-1.03460756e+00 -1.16736847e-02 
-1.03441672e+00 -1.16037247e-02 
-1.03422546e+00 -1.15337676e-02 
-1.03403377e+00 -1.14638135e-02 
-1.03384164e+00 -1.13938623e-02 
-1.03364907e+00 -1.13239141e-02 
-1.03345606e+00 -1.12539689e-02 
-1.03326261e+00 -1.11840268e-02 
-1.03306870e+00 -1.11140877e-02 
-1.03287435e+00 -1.10441517e-02 
-1.03267954e+00 -1.09742189e-02 
-1.03248426e+00 -1.09042891e-02 
-1.03228853e+00 -1.08343626e-02 
-1.03209232e+00 -1.07644392e-02 
-1.03189565e+00 -1.06945191e-02 
-1.03169850e+00 -1.06246022e-02 
-1.03150087e+00 -1.05546887e-02 
-1.03130275e+00 -1.04847784e-02 
-1.03110415e+00 -1.04148715e-02 
-1.03090506e+00 -1.03449679e-02 
-1.03070547e+00 -1.02750678e-02 
-1.03050538e+00 -1.02051711e-02 
-1.03030478e+00 -1.01352778e-02 
-1.03010368e+00 -1.00653881e-02 
-1.02990206e+00 -9.99550188e-03 
-1.02969992e+00 -9.92561923e-03 
-1.02949727e+00 -9.85574018e-03 
-1.02929408e+00 -9.78586476e-03 
-1.02909036e+00 -9.71599300e-03 
-1.02888611e+00 -9.64612494e-03 
-1.02868131e+00 -9.57626062e-03 
-1.02847597e+00 -9.50640005e-03 
-1.02827008e+00 -9.43654330e-03 
-1.02806363e+00 -9.36669038e-03 
-1.02785662e+00 -9.29684133e-03 
-1.02764904e+00 -9.22699620e-03 
-1.02744089e+00 -9.15715502e-03 
-1.02723216e+00 -9.08731783e-03 
-1.02702285e+00 -9.01748466e-03 
-1.02681296e+00 -8.94765556e-03 
-1.02660247e+00 -8.87783057e-03 
-1.02639138e+00 -8.80800972e-03 
-1.02617968e+00 -8.73819306e-03 
-1.02596738e+00 -8.66838062e-03 
-1.02575446e+00 -8.59857246e-03 
-1.02554092e+00 -8.52876861e-03 
-1.02532675e+00 -8.45896912e-03 
-1.02511194e+00 -8.38917402e-03 
-1.02489650e+00 -8.31938337e-03 
-1.02468040e+00 -8.24959721e-03 
-1.02446366e+00 -8.17981559e-03 
-1.02424625e+00 -8.11003855e-03 
-1.02402818e+00 -8.04026614e-03 
-1.02380944e+00 -7.97049840e-03 
-1.02359001e+00 -7.90073539e-03 
-1.02336990e+00 -7.83097716e-03 
-1.02314910e+00 -7.76122375e-03 
-1.02292760e+00 -7.69147522e-03 
-1.02270539e+00 -7.62173161e-03 
-1.02248246e+00 -7.55199299e-03 
-1.02225881e+00 -7.48225940e-03 
-1.02203443e+00 -7.41253090e-03 
-1.02180932e+00 -7.34280753e-03 
-1.02158345e+00 -7.27308937e-03 
-1.02135684e+00 -7.20337647e-03 
-1.02112946e+00 -7.13366887e-03 
-1.02090132e+00 -7.06396665e-03 
-1.02067239e+00 -6.99426986e-03 
-1.02044269e+00 -6.92457855e-03 
-1.02021218e+00 -6.85489280e-03 
-1.01998087e+00 -6.78521267e-03 
-1.01974875e+00 -6.71553821e-03 
-1.01951581e+00 -6.64586950e-03 
-1.01928204e+00 -6.57620659e-03 
-1.01904743e+00 -6.50654956e-03 
-1.01881197e+00 -6.43689848e-03 
-1.01857566e+00 -6.36725340e-03 
-1.01833847e+00 -6.29761440e-03 
-1.01810040e+00 -6.22798156e-03 
-1.01786145e+00 -6.15835494e-03 
-1.01762160e+00 -6.08873463e-03 
-1.01738084e+00 -6.01912068e-03 
-1.01713916e+00 -5.94951319e-03 
-1.01689655e+00 -5.87991222e-03 
-1.01665299e+00 -5.81031787e-03 
-1.01640849e+00 -5.74073019e-03 
-1.01616302e+00 -5.67114929e-03 
-1.01591657e+00 -5.60157524e-03 
-1.01566914e+00 -5.53200813e-03 
-1.01542071e+00 -5.46244804e-03 
-1.01517126e+00 -5.39289507e-03 
-1.01492079e+00 -5.32334930e-03 
-1.01466928e+00 -5.25381081e-03 
-1.01441673e+00 -5.18427972e-03 
-1.01416311e+00 -5.11475611e-03 
-1.01390841e+00 -5.04524007e-03 
-1.01365262e+00 -4.97573171e-03 
-1.01339573e+00 -4.90623112e-03 
-1.01313772e+00 -4.83673841e-03 
-1.01287857e+00 -4.76725369e-03 
-1.01261828e+00 -4.69777705e-03 
-1.01235682e+00 -4.62830861e-03 
-1.01209418e+00 -4.55884847e-03 
-1.01183035e+00 -4.48939676e-03 
-1.01156531e+00 -4.41995358e-03 
-1.01129905e+00 -4.35051905e-03 
-1.01103153e+00 -4.28109329e-03 
-1.01076276e+00 -4.21167643e-03 
-1.01049271e+00 -4.14226858e-03 
-1.01022137e+00 -4.07286988e-03 
-1.00994871e+00 -4.00348045e-03 
-1.00967472e+00 -3.93410043e-03 
-1.00939937e+00 -3.86472995e-03 
-1.00912266e+00 -3.79536915e-03 
-1.00884456e+00 -3.72601817e-03 
-1.00856504e+00 -3.65667716e-03 
-1.00828410e+00 -3.58734626e-03 
-1.00800170e+00 -3.51802563e-03 
-1.00771783e+00 -3.44871541e-03 
-1.00743247e+00 -3.37941576e-03 
-1.00714558e+00 -3.31012685e-03 
-1.00685716e+00 -3.24084884e-03 
-1.00656717e+00 -3.17158190e-03 
-1.00627560e+00 -3.10232619e-03 
-1.00598241e+00 -3.03308190e-03 
-1.00568758e+00 -2.96384921e-03 
-1.00539109e+00 -2.89462829e-03 
-1.00509291e+00 -2.82541934e-03 
-1.00479301e+00 -2.75622256e-03 
-1.00449137e+00 -2.68703813e-03 
-1.00418795e+00 -2.61786626e-03 
-1.00388274e+00 -2.54870716e-03 
-1.00357569e+00 -2.47956105e-03 
-1.00326678e+00 -2.41042813e-03 
-1.00295597e+00 -2.34130863e-03 
-1.00264324e+00 -2.27220278e-03 
-1.00232855e+00 -2.20311082e-03 
-1.00201188e+00 -2.13403298e-03 
-1.00169317e+00 -2.06496951e-03 
-1.00137241e+00 -1.99592067e-03 
-1.00104954e+00 -1.92688671e-03 
-1.00072454e+00 -1.85786790e-03 
-1.00039737e+00 -1.78886452e-03 
-1.00006799e+00 -1.71987684e-03 
-9.99736348e-01 -1.65090516e-03 
-9.99402416e-01 -1.58194977e-03 
-9.99066147e-01 -1.51301098e-03 
-9.98727498e-01 -1.44408909e-03 
-9.98386423e-01 -1.37518443e-03 
-9.98042875e-01 -1.30629734e-03 
-9.97696808e-01 -1.23742815e-03 
-9.97348172e-01 -1.16857721e-03 
-9.96996917e-01 -1.09974489e-03 
-9.96642991e-01 -1.03093155e-03 
-9.96286341e-01 -9.62137582e-04 
-9.95926911e-01 -8.93363373e-04 
-9.95564644e-01 -8.24609331e-04 
-9.95199482e-01 -7.55875874e-04 
-9.94831366e-01 -6.87163434e-04 
-9.94460232e-01 -6.18472455e-04 
-9.94086016e-01 -5.49803396e-04 
-9.93708653e-01 -4.81156730e-04 
-9.93328073e-01 -4.12532945e-04 
-9.92944207e-01 -3.43932547e-04 
-9.92556982e-01 -2.75356054e-04 
-9.92166322e-01 -2.06804007e-04 
-9.91772149e-01 -1.38276962e-04 
-9.91374383e-01 -6.97754924e-05 
-9.90972941e-01 -1.30019471e-06 
-9.90567736e-01  6.71483158e-05 
-9.90158680e-01  1.35569402e-04 
-9.89745679e-01  2.03962404e-04 
-9.89328639e-01  2.72326638e-04 
-9.88907461e-01  3.40661395e-04 
-9.88482041e-01  4.08965942e-04 
-9.88052273e-01  4.77239517e-04 
-9.87618046e-01  5.45481329e-04 
-9.87179246e-01  6.13690557e-04 
-9.86735753e-01  6.81866350e-04 
-9.86287443e-01  7.50007822e-04 
-9.85834188e-01  8.18114052e-04 
-9.85375853e-01  8.86184083e-04 
-9.84912300e-01  9.54216920e-04 
-9.84443382e-01  1.02221152e-03 
-9.83968950e-01  1.09016682e-03 
-9.83488844e-01  1.15808167e-03 
-9.83002902e-01  1.22595491e-03 
-9.82510951e-01  1.29378532e-03 
-9.82012812e-01  1.36157161e-03 
-9.81508299e-01  1.42931245e-03 
-9.80997216e-01  1.49700644e-03 
-9.80479359e-01  1.56465212e-03 
-9.79954514e-01  1.63224797e-03 
-9.79422456e-01  1.69979239e-03 
-9.78882952e-01  1.76728369e-03 
-9.78335754e-01  1.83472012e-03 
-9.77780605e-01  1.90209983e-03 
-9.77217234e-01  1.96942089e-03 
-9.76645354e-01  2.03668126e-03 
-9.76064667e-01  2.10387880e-03 
-9.75474856e-01  2.17101125e-03 
-9.74875589e-01  2.23807623e-03 
-9.74266516e-01  2.30507125e-03 
-9.73647265e-01  2.37199365e-03 
-9.73017445e-01  2.43884065e-03 
-9.72376644e-01  2.50560929e-03 
-9.71724424e-01  2.57229644e-03 
-9.71060321e-01  2.63889880e-03 
-9.70383842e-01  2.70541285e-03 
-9.69694467e-01  2.77183486e-03 
-9.68991640e-01  2.83816088e-03 
-9.68274771e-01  2.90438667e-03 
-9.67543229e-01  2.97050776e-03 
-9.66796345e-01  3.03651935e-03 
-9.66033401e-01  3.10241632e-03 
-9.65253631e-01  3.16819319e-03 
-9.64456213e-01  3.23384411e-03 
-9.63640267e-01  3.29936278e-03 
-9.62804847e-01  3.36474245e-03 
-9.61948935e-01  3.42997586e-03 
-9.61071434e-01  3.49505517e-03 
-9.60171160e-01  3.55997194e-03 
-9.59246835e-01  3.62471702e-03 
-9.58297071e-01  3.68928053e-03 
-9.57320364e-01  3.75365172e-03 
-9.56315078e-01  3.81781891e-03 
-9.55279432e-01  3.88176939e-03 
-9.54211478e-01  3.94548925e-03 
-9.53109087e-01  4.00896331e-03 
-9.51969923e-01  4.07217487e-03 
-9.50791417e-01  4.13510562e-03 
-9.49570738e-01  4.19773534e-03 
-9.48304758e-01  4.26004170e-03 
-9.46990010e-01  4.32199996e-03 
-9.45622641e-01  4.38358264e-03 
-9.44198361e-01  4.44475910e-03 
-9.42712371e-01  4.50549509e-03 
-9.41159294e-01  4.56575226e-03 
-9.39533082e-01  4.62548744e-03 
-9.37826915e-01  4.68465196e-03 
-9.36033077e-01  4.74319076e-03 
-9.34142809e-01  4.80104135e-03 
-9.32146143e-01  4.85813261e-03 
-9.30031708e-01  4.91438338e-03 
-9.27786494e-01  4.96970088e-03 
-9.25395601e-01  5.02397878e-03 
-9.22841947e-01  5.07709522e-03 
-9.20105957e-01  5.12891057e-03 
-9.17165255e-01  5.17926519e-03 
-9.13994386e-01  5.22797751e-03 
-9.10564641e-01  5.27484276e-03 
-9.06844091e-01  5.31963321e-03 
-9.02797993e-01  5.36210109e-03 
-8.98389780e-01  5.40198563e-03 
-8.93582901e-01  5.43902621e-03 
-8.88343713e-01  5.47298299e-03 
-8.82645438e-01  5.50366513e-03 
-8.76472762e-01  5.53096358e-03 
-8.69826070e-01  5.55488131e-03 
-8.62723910e-01  5.57555081e-03 
-8.55202413e-01  5.59322997e-03 
-8.47311410e-01  5.60827432e-03 
-8.39108299e-01  5.62109333e-03 
-8.30651518e-01  5.63210381e-03 
-8.21995294e-01  5.64169251e-03 
-8.13186497e-01  5.65019367e-03 
-8.04263483e-01  5.65788075e-03 
-7.95256373e-01  5.66496853e-03 
-7.86188109e-01  5.67162054e-03 
-7.77075775e-01  5.67795858e-03 
-7.67931890e-01  5.68407186e-03 
-7.58765518e-01  5.69002497e-03 
-7.49583171e-01  5.69586431e-03 
-7.40389497e-01  5.70162301e-03 
-7.31187805e-01  5.70732463e-03 
-7.21980441e-01  5.71298587e-03 
-7.12769065e-01  5.71861857e-03 
-7.03554854e-01  5.72423110e-03 
-6.94338638e-01  5.72982937e-03 
-6.85121003e-01  5.73541755e-03 
-6.75902364e-01  5.74099860e-03 
-6.66683015e-01  5.74657460e-03 
-6.57463163e-01  5.75214702e-03 
-6.48242954e-01  5.75771691e-03 
-6.39022491e-01  5.76328500e-03 
-6.29801850e-01  5.76885182e-03 
-6.20581080e-01  5.77441773e-03 
-6.11360220e-01  5.77998300e-03 
-6.02139294e-01  5.78554781e-03 
-5.92918323e-01  5.79111229e-03 
-5.83697319e-01  5.79667655e-03 
-5.74476292e-01  5.80224063e-03 
-5.65255247e-01  5.80780459e-03 
-5.56034191e-01  5.81336848e-03 
-5.46813126e-01  5.81893229e-03 
-5.37592055e-01  5.82449607e-03 
-5.28370979e-01  5.83005981e-03 
-5.19149900e-01  5.83562354e-03 
-5.09928819e-01  5.84118724e-03 
-5.00707737e-01  5.84675094e-03 
-4.91486652e-01  5.85231462e-03 
-4.82265568e-01  5.85787830e-03 
-4.73044482e-01  5.86344197e-03 
-4.63823396e-01  5.86900565e-03 
-4.54602310e-01  5.87456931e-03 
-4.45381223e-01  5.88013298e-03 
-4.36160136e-01  5.88569665e-03 
-4.26939049e-01  5.89126031e-03 
-4.17717962e-01  5.89682398e-03 
-4.08496875e-01  5.90238764e-03 
-3.99275788e-01  5.90795130e-03 
-3.90054701e-01  5.91351497e-03 
-3.80833614e-01  5.91907863e-03 
-3.71612527e-01  5.92464229e-03 
-3.62391440e-01  5.93020596e-03 
-3.53170352e-01  5.93576962e-03 
-3.43949265e-01  5.94133328e-03 
-3.34728178e-01  5.94689694e-03 
-3.25507091e-01  5.95246061e-03 
-3.16286003e-01  5.95802427e-03 
-3.07064916e-01  5.96358793e-03 
-2.97843829e-01  5.96915159e-03 
-2.88622742e-01  5.97471526e-03 
-2.79401654e-01  5.98027892e-03 
-2.70180567e-01  5.98584258e-03 
-2.60959480e-01  5.99140624e-03 
-2.51738393e-01  5.99696991e-03 
-2.42517305e-01  6.00253357e-03 
-2.33296218e-01  6.00809723e-03 
-2.24075131e-01  6.01366089e-03 
-2.14854044e-01  6.01922456e-03 
-2.05632956e-01  6.02478822e-03 
-1.96411869e-01  6.03035188e-03 
-1.87190782e-01  6.03591554e-03 
-1.77969695e-01  6.04147921e-03 
-1.68748607e-01  6.04704287e-03 
-1.59527520e-01  6.05260653e-03 
-1.50306433e-01  6.05817019e-03 
-1.41085345e-01  6.06373385e-03 
-1.31864258e-01  6.06929752e-03 
-1.22643171e-01  6.07486118e-03 
-1.13422084e-01  6.08042484e-03 
-1.04200996e-01  6.08598850e-03 
-9.49799092e-02  6.09155217e-03 
-8.57588219e-02  6.09711583e-03 
-7.65377346e-02  6.10267949e-03 
-6.73166474e-02  6.10824315e-03 
-5.80955601e-02  6.11380682e-03 
-4.88744729e-02  6.11937048e-03 
-3.96533856e-02  6.12493414e-03 
-3.04322984e-02  6.13049780e-03 
-2.12112111e-02  6.13606147e-03 
-1.19901238e-02  6.14162513e-03 
-2.76903658e-03  6.14718879e-03 
 6.45205068e-03  6.15275245e-03 
 1.56731379e-02  6.15831612e-03 
 2.48942252e-02  6.16387978e-03 
 3.41153125e-02  6.16944344e-03 
 4.33363997e-02  6.17500710e-03 
 5.25574870e-02  6.18057077e-03 
 6.17785742e-02  6.18613443e-03 
 7.09996615e-02  6.19169809e-03 
 8.02207488e-02  6.19726175e-03 
 8.94418360e-02  6.20282542e-03 
 9.86629233e-02  6.20838908e-03 
 1.07884011e-01  6.21395274e-03 
 1.17105098e-01  6.21951640e-03 
 1.26326185e-01  6.22508007e-03 
 1.35547272e-01  6.23064373e-03 
 1.44768360e-01  6.23620739e-03 
 1.53989447e-01  6.24177105e-03 
 1.63210534e-01  6.24733472e-03 
 1.72431621e-01  6.25289838e-03 
 1.81652709e-01  6.25846204e-03 
 1.90873796e-01  6.26402570e-03 
 2.00094883e-01  6.26958936e-03 
 2.09315970e-01  6.27515303e-03 
 2.18537058e-01  6.28071669e-03 
 2.27758145e-01  6.28628035e-03 
 2.36979232e-01  6.29184401e-03 
 2.46200319e-01  6.29740768e-03 
 2.55421407e-01  6.30297134e-03 
 2.64642494e-01  6.30853500e-03 
 2.73863581e-01  6.31409866e-03 
 2.83084668e-01  6.31966233e-03 
 2.92305756e-01  6.32522599e-03 
 3.01526843e-01  6.33078965e-03 
 3.10747930e-01  6.33635331e-03 
 3.19969017e-01  6.34191698e-03 
 3.29190105e-01  6.34748064e-03 
 3.38411192e-01  6.35304430e-03 
 3.47632279e-01  6.35860796e-03 
 3.56853367e-01  6.36417163e-03 
 3.66074454e-01  6.36973529e-03 
 3.75295541e-01  6.37529895e-03 
 3.84516628e-01  6.38086261e-03 
 3.93737716e-01  6.38642628e-03 
 4.02958803e-01  6.39198994e-03 
 4.12179890e-01  6.39755360e-03 
 4.21400977e-01  6.40311726e-03 
 4.30622065e-01  6.40868093e-03 
 4.39843152e-01  6.41424459e-03 
 4.49064239e-01  6.41980825e-03 
 4.58285326e-01  6.42537191e-03 
 4.67506414e-01  6.43093558e-03 
 4.76727501e-01  6.43649924e-03 
 4.85948588e-01  6.44206290e-03 
 4.95169675e-01  6.44762656e-03 
 5.04390763e-01  6.45319023e-03 
 5.13611850e-01  6.45875389e-03 
 5.22832937e-01  6.46431755e-03 
 5.32054024e-01  6.46988121e-03 
 5.41275112e-01  6.47544488e-03 
 5.50496199e-01  6.48100854e-03 
 5.59717286e-01  6.48657220e-03 
 5.68938373e-01  6.49213586e-03 
 5.78159461e-01  6.49769952e-03 
 5.87380548e-01  6.50326319e-03 
 5.96601635e-01  6.50882685e-03 
 6.05822723e-01  6.51439051e-03 
 6.15043810e-01  6.51995417e-03 
 6.24264897e-01  6.52551784e-03 
 6.33485984e-01  6.53108150e-03 
 6.42707072e-01  6.53664516e-03 
 6.51928159e-01  6.54220882e-03 
 6.61149246e-01  6.54777249e-03 
 6.70370333e-01  6.55333615e-03 
 6.79591421e-01  6.55889981e-03 
 6.88812508e-01  6.56446347e-03 
 6.98033595e-01  6.57002714e-03 
 7.07254682e-01  6.57559080e-03 
 7.16475770e-01  6.58115446e-03 
 7.25696857e-01  6.58671812e-03 
 7.34917944e-01  6.59228179e-03 
 7.44139031e-01  6.59784545e-03 
 7.53360119e-01  6.60340911e-03 
 7.62581206e-01  6.60897277e-03 
 7.71802293e-01  6.61453644e-03 
 7.81023380e-01  6.62010010e-03 
 7.90244468e-01  6.62566376e-03 
 7.99465555e-01  6.63122742e-03 
 8.08686642e-01  6.63679109e-03 
 8.17907729e-01  6.64235475e-03 
 8.27128817e-01  6.64791841e-03 
 8.36349904e-01  6.65348207e-03 
 8.45570991e-01  6.65904574e-03 
 8.54792078e-01  6.66460940e-03 
 8.64013166e-01  6.67017306e-03 
 8.73234253e-01  6.67573672e-03 
 8.82455340e-01  6.68130039e-03 
 8.91676428e-01  6.68686405e-03 
 9.00897515e-01  6.69242771e-03 
 9.10118602e-01  6.69799137e-03 
 9.19339689e-01  6.70355503e-03 
 9.28560777e-01  6.70911870e-03 
 9.37781864e-01  6.71468236e-03 
 9.47002951e-01  6.72024602e-03 
 9.56224038e-01  6.72580968e-03 
 9.65445126e-01  6.73137335e-03 
 9.74666213e-01  6.73693701e-03 
 9.83887300e-01  6.74250067e-03 
 9.93108387e-01  6.74806433e-03 
 1.00232947e+00  6.75362800e-03 
 1.01155056e+00  6.75919166e-03 
 1.02077165e+00  6.76475532e-03 
 1.02999274e+00  6.77031898e-03 
 1.03921382e+00  6.77588265e-03 
 1.04843491e+00  6.78144631e-03 
 1.05765600e+00  6.78700997e-03 
 1.06687709e+00  6.79257363e-03 
 1.07609817e+00  6.79813730e-03 
 1.08531926e+00  6.80370096e-03 
 1.09454035e+00  6.80926462e-03 
 1.10376143e+00  6.81482828e-03 
 1.11298252e+00  6.82039195e-03 
 1.12220361e+00  6.82595561e-03 
 1.13142470e+00  6.83151927e-03 
 1.14064578e+00  6.83708293e-03 
 1.14986687e+00  6.84264660e-03 
 1.15908796e+00  6.84821026e-03 
 1.16830905e+00  6.85377392e-03 
 1.17753013e+00  6.85933758e-03 
 1.18675122e+00  6.86490125e-03 
 1.19597231e+00  6.87046491e-03 
 1.20519339e+00  6.87602857e-03 
 1.21441448e+00  6.88159223e-03 
 1.22363557e+00  6.88715590e-03 
 1.23285666e+00  6.89271956e-03 
 1.24207774e+00  6.89828322e-03 
 1.25129883e+00  6.90384688e-03 
 1.26051992e+00  6.90941055e-03 
 1.26974101e+00  6.91497421e-03 
 1.27896209e+00  6.92053787e-03 
 1.28818318e+00  6.92610153e-03 
 1.29740427e+00  6.93166520e-03 
 1.30662535e+00  6.93722886e-03 
 1.31584644e+00  6.94279252e-03 
 1.32506753e+00  6.94835618e-03 
 1.33428862e+00  6.95391984e-03 
 1.34350970e+00  6.95948351e-03 
 1.35273079e+00  6.96504717e-03 
 1.36195188e+00  6.97061083e-03 
 1.37117296e+00  6.97617449e-03 
 1.38039405e+00  6.98173816e-03 
 1.38961514e+00  6.98730182e-03 
 1.39883623e+00  6.99286548e-03 
 1.40805731e+00  6.99842914e-03 
 1.41727840e+00  7.00399281e-03 
 1.42649949e+00  7.00955647e-03 
 1.43572058e+00  7.01512013e-03 
 1.44494166e+00  7.02068379e-03 
 1.45416275e+00  7.02624746e-03 
 1.46338384e+00  7.03181112e-03 
 1.47260492e+00  7.03737478e-03 
 1.48182601e+00  7.04293844e-03 
 1.49104710e+00  7.04850211e-03 
 1.50026819e+00  7.05406577e-03 
 1.50948927e+00  7.05962943e-03 
 1.51871036e+00  7.06519309e-03 
 1.52793145e+00  7.07075676e-03 
 1.53715254e+00  7.07632042e-03 
 1.54637362e+00  7.08188408e-03 
 1.55559471e+00  7.08744774e-03 
 1.56481580e+00  7.09301141e-03 
 1.57403688e+00  7.09857507e-03 
 1.58325797e+00  7.10413873e-03 
 1.59247906e+00  7.10970239e-03 
 1.60170015e+00  7.11526606e-03 
 1.61092123e+00  7.12082972e-03 
 1.62014232e+00  7.12639338e-03 
 1.62936341e+00  7.13195704e-03 
 1.63858450e+00  7.13752071e-03 
 1.64780558e+00  7.14308437e-03 
 1.65702667e+00  7.14864803e-03 
 1.66624776e+00  7.15421169e-03 
 1.67546884e+00  7.15977536e-03 
 1.68468993e+00  7.16533902e-03 
 1.69391102e+00  7.17090268e-03 
 1.70313211e+00  7.17646634e-03 
 1.71235319e+00  7.18203001e-03 
 1.72157428e+00  7.18759367e-03 
 1.73079537e+00  7.19315733e-03 
 1.74001646e+00  7.19872099e-03 
 1.74923754e+00  7.20428465e-03 
 1.75845863e+00  7.20984832e-03 
 1.76767972e+00  7.21541198e-03 
 1.77690080e+00  7.22097564e-03 
 1.78612189e+00  7.22653930e-03 
 1.79534298e+00  7.23210297e-03 
 1.80456407e+00  7.23766663e-03 
 1.81378515e+00  7.24323029e-03 
 1.82300624e+00  7.24879395e-03 
 1.83222733e+00  7.25435762e-03 
 1.84144842e+00  7.25992128e-03 
 1.85066950e+00  7.26548494e-03 
 1.85989059e+00  7.27104860e-03 
 1.86911168e+00  7.27661227e-03 
 1.87833276e+00  7.28217593e-03 
 1.88755385e+00  7.28773959e-03 
 1.89677494e+00  7.29330325e-03 
 1.90599603e+00  7.29886692e-03 
 1.91521711e+00  7.30443058e-03 
 1.92443820e+00  7.30999424e-03 
 1.93365929e+00  7.31555790e-03 
 1.94288037e+00  7.32112157e-03 
 1.95210146e+00  7.32668523e-03 
 1.96132255e+00  7.33224889e-03 
 1.97054364e+00  7.33781255e-03 
 1.97976472e+00  7.34337622e-03 
 1.98898581e+00  7.34893988e-03 
 1.99820690e+00  7.35450354e-03 
 2.00742799e+00  7.36006720e-03 
 2.01664907e+00  7.36563087e-03 
 2.02587016e+00  7.37119453e-03 
 2.03509125e+00  7.37675819e-03 
 2.04431233e+00  7.38232185e-03 
 2.05353342e+00  7.38788552e-03 
 2.06275451e+00  7.39344918e-03 
 2.07197560e+00  7.39901284e-03 
 2.08119668e+00  7.40457650e-03 
 2.09041777e+00  7.41014017e-03 
 2.09963886e+00  7.41570383e-03 
 2.10885995e+00  7.42126749e-03 
 2.11808103e+00  7.42683115e-03 
 2.12730212e+00  7.43239482e-03 
 2.13652321e+00  7.43795848e-03 
 2.14574429e+00  7.44352214e-03 
 2.15496538e+00  7.44908580e-03 
 2.16418647e+00  7.45464947e-03 
 2.17340756e+00  7.46021313e-03 
 2.18262864e+00  7.46577679e-03 
 2.19184973e+00  7.47134045e-03 
 2.20107082e+00  7.47690411e-03 
 2.21029191e+00  7.48246778e-03 
 2.21951299e+00  7.48803144e-03 
 2.22873408e+00  7.49359510e-03 
 2.23795517e+00  7.49915876e-03 
 2.24717625e+00  7.50472243e-03 
 2.25639734e+00  7.51028609e-03 
 2.26561843e+00  7.51584975e-03 
 2.27483952e+00  7.52141341e-03 
 2.28406060e+00  7.52697708e-03 
 2.29328169e+00  7.53254074e-03 
 2.30250278e+00  7.53810440e-03 
 2.31172387e+00  7.54366806e-03 
 2.32094495e+00  7.54923173e-03 
 2.33016604e+00  7.55479539e-03 
 2.33938713e+00  7.56035905e-03 
 2.34860821e+00  7.56592271e-03 
 2.35782930e+00  7.57148638e-03 
 2.36705039e+00  7.57705004e-03 
 2.37627148e+00  7.58261370e-03 
 2.38549256e+00  7.58817736e-03 
 2.39471365e+00  7.59374103e-03 
 2.40393474e+00  7.59930469e-03 
 2.41315582e+00  7.60486835e-03 
 2.42237691e+00  7.61043201e-03 
 2.43159800e+00  7.61599568e-03 
 2.44081909e+00  7.62155934e-03 
 2.45004017e+00  7.62712300e-03 
 2.45926126e+00  7.63268666e-03 
 2.46848235e+00  7.63825033e-03 
 2.47770344e+00  7.64381399e-03 
 2.48692452e+00  7.64937765e-03 
 2.49614561e+00  7.65494131e-03 
 2.50536670e+00  7.66050498e-03 
 2.51458778e+00  7.66606864e-03 
 2.52380887e+00  7.67163230e-03 
 2.53302996e+00  7.67719596e-03 
 2.54225105e+00  7.68275963e-03 
 2.55147213e+00  7.68832329e-03 
 2.56069322e+00  7.69388695e-03 
 2.56991431e+00  7.69945061e-03 
 2.57913540e+00  7.70501428e-03 
 2.58835648e+00  7.71057794e-03 
 2.59757757e+00  7.71614160e-03 
 2.60679866e+00  7.72170526e-03 
 2.61601974e+00  7.72726893e-03 
 2.62524083e+00  7.73283259e-03 
 2.63446192e+00  7.73839625e-03 
 2.64368301e+00  7.74395991e-03 
 2.65290409e+00  7.74952357e-03 
 2.66212518e+00  7.75508724e-03 
 2.67134627e+00  7.76065090e-03 
 2.68056736e+00  7.76621456e-03 
 2.68978844e+00  7.77177822e-03 
 2.69900953e+00  7.77734189e-03 
 2.70823062e+00  7.78290555e-03 
 2.71745170e+00  7.78846921e-03 
 2.72667279e+00  7.79403287e-03 
 2.73589388e+00  7.79959654e-03 
 2.74511497e+00  7.80516020e-03 
 2.75433605e+00  7.81072386e-03 
 2.76355714e+00  7.81628752e-03 
 2.77277823e+00  7.82185119e-03 
 2.78199932e+00  7.82741485e-03 
 2.79122040e+00  7.83297851e-03 
 2.80044149e+00  7.83854217e-03 
 2.80966258e+00  7.84410584e-03 
 2.81888366e+00  7.84966950e-03 
 2.82810475e+00  7.85523316e-03 
 2.83732584e+00  7.86079682e-03 
 2.84654693e+00  7.86636049e-03 
 2.85576801e+00  7.87192415e-03 
 2.86498910e+00  7.87748781e-03 
 2.87421019e+00  7.88305147e-03 
 2.88343128e+00  7.88861514e-03 
 2.89265236e+00  7.89417880e-03 
 2.90187345e+00  7.89974246e-03 
 2.91109454e+00  7.90530612e-03 
 2.92031562e+00  7.91086979e-03 
 2.92953671e+00  7.91643345e-03 
 2.93875780e+00  7.92199711e-03 
 2.94797889e+00  7.92756077e-03 
 2.95719997e+00  7.93312444e-03 
 2.96642106e+00  7.93868810e-03 
 2.97564215e+00  7.94425176e-03 
 2.98486323e+00  7.94981542e-03 
 2.99408432e+00  7.95537909e-03 
 3.00330541e+00  7.96094275e-03 
 3.01252650e+00  7.96650641e-03 
 3.02174758e+00  7.97207007e-03 
 3.03096867e+00  7.97763374e-03 
 3.04018976e+00  7.98319740e-03 
 3.04941085e+00  7.98876106e-03 
 3.05863193e+00  7.99432472e-03 
 3.06785302e+00  7.99988839e-03 
 3.07707411e+00  8.00545205e-03 
 3.08629519e+00  8.01101571e-03 
 3.09551628e+00  8.01657937e-03 
 3.10473737e+00  8.02214304e-03 
 3.11395846e+00  8.02770670e-03 
 3.12317954e+00  8.03327036e-03 
 3.13240063e+00  8.03883402e-03 
 3.14162172e+00  8.04439769e-03 
 3.15084281e+00  8.04996135e-03 
 3.16006389e+00  8.05552501e-03 
 3.16928498e+00  8.06108867e-03 
 3.17850607e+00  8.06665233e-03 
 3.18772715e+00  8.07221600e-03 
 3.19694824e+00  8.07777966e-03 
 3.20616933e+00  8.08334332e-03 
 3.21539042e+00  8.08890698e-03 
 3.22461150e+00  8.09447065e-03 
 3.23383259e+00  8.10003431e-03 
 3.24305368e+00  8.10559797e-03 
 3.25227477e+00  8.11116163e-03 
 3.26149585e+00  8.11672530e-03 
 3.27071694e+00  8.12228896e-03 
 3.27993803e+00  8.12785262e-03 
 3.28915911e+00  8.13341628e-03 
 3.29838020e+00  8.13897995e-03 
 3.30760129e+00  8.14454361e-03 
 3.31682238e+00  8.15010727e-03 
 3.32604346e+00  8.15567093e-03 
 3.33526455e+00  8.16123460e-03 
 3.34448564e+00  8.16679826e-03 
 3.35370673e+00  8.17236192e-03 
 3.36292781e+00  8.17792558e-03 
 3.37214890e+00  8.18348925e-03 
 3.38136999e+00  8.18905291e-03 
 3.39059107e+00  8.19461657e-03 
 3.39981216e+00  8.20018023e-03 
 3.40903325e+00  8.20574390e-03 
 3.41825434e+00  8.21130756e-03 
 3.42747542e+00  8.21687122e-03 
 3.43669651e+00  8.22243488e-03 
 3.44591760e+00  8.22799855e-03 
 3.45513868e+00  8.23356221e-03 
 3.46435977e+00  8.23912587e-03 
 3.47358086e+00  8.24468953e-03 
 3.48280195e+00  8.25025320e-03 
 3.49202303e+00  8.25581686e-03 
 3.50124412e+00  8.26138052e-03 
 3.51046521e+00  8.26694418e-03 
 3.51968630e+00  8.27250785e-03 
 3.52890738e+00  8.27807151e-03 
 3.53812847e+00  8.28363517e-03 
 3.54734956e+00  8.28919883e-03 
 3.55657064e+00  8.29476250e-03 
 3.56579173e+00  8.30032616e-03 
 3.57501282e+00  8.30588982e-03 
 3.58423391e+00  8.31145348e-03 
 3.59345499e+00  8.31701715e-03 
 3.60267608e+00  8.32258081e-03 
 3.61189717e+00  8.32814447e-03 
 3.62111826e+00  8.33370813e-03 
 3.63033934e+00  8.33927180e-03 
 3.63956043e+00  8.34483546e-03 
 3.64878152e+00  8.35039912e-03 
 3.65800260e+00  8.35596278e-03 
 3.66722369e+00  8.36152645e-03 
 3.67644478e+00  8.36709011e-03 
 3.68566587e+00  8.37265377e-03 
 3.69488695e+00  8.37821743e-03 
 3.70410804e+00  8.38378110e-03 
 3.71332913e+00  8.38934476e-03 
 3.72255022e+00  8.39490842e-03 
 3.73177130e+00  8.40047208e-03 
 3.74099239e+00  8.40603574e-03 
 3.75021348e+00  8.41159941e-03 
 3.75943456e+00  8.41716307e-03 
 3.76865565e+00  8.42272673e-03 
 3.77787674e+00  8.42829039e-03 
 3.78709783e+00  8.43385406e-03 
 3.79631891e+00  8.43941772e-03 
 3.80554000e+00  8.44498138e-03 
 3.81476109e+00  8.45054504e-03 
 3.82398218e+00  8.45610871e-03 
 3.83320326e+00  8.46167237e-03 
 3.84242435e+00  8.46723603e-03 
 3.85164544e+00  8.47279969e-03 
 3.86086652e+00  8.47836336e-03 
 3.87008761e+00  8.48392702e-03 
 3.87930870e+00  8.48949068e-03 
 3.88852979e+00  8.49505434e-03 
 3.89775087e+00  8.50061801e-03 
 3.90697196e+00  8.50618167e-03 
 3.91619305e+00  8.51174533e-03 
 3.92541413e+00  8.51730899e-03 
 3.93463522e+00  8.52287266e-03 
 3.94385631e+00  8.52843632e-03 
 3.95307740e+00  8.53399998e-03 
 3.96229848e+00  8.53956364e-03 
 3.97151957e+00  8.54512731e-03 
 3.98074066e+00  8.55069097e-03 
 3.98996175e+00  8.55625463e-03 
 3.99918283e+00  8.56181829e-03 
 4.00840392e+00  8.56738196e-03 
 4.01762501e+00  8.57294562e-03 
 4.02684609e+00  8.57850928e-03 
 4.03606718e+00  8.58407294e-03 
 4.04528827e+00  8.58963661e-03 
 4.05450936e+00  8.59520027e-03 
 4.06373044e+00  8.60076393e-03 
 4.07295153e+00  8.60632759e-03 
 4.08217262e+00  8.61189126e-03 
 4.09139371e+00  8.61745492e-03 
 4.10061479e+00  8.62301858e-03 
 4.10983588e+00  8.62858224e-03 
 4.11905697e+00  8.63414591e-03 
 4.12827805e+00  8.63970957e-03 
 4.13749914e+00  8.64527323e-03 
 4.14672023e+00  8.65083689e-03 
 4.15594132e+00  8.65640056e-03 
 4.16516240e+00  8.66196422e-03 
 4.17438349e+00  8.66752788e-03 
 4.18360458e+00  8.67309154e-03 
 4.19282567e+00  8.67865521e-03 
 4.20204675e+00  8.68421887e-03 
 4.21126784e+00  8.68978253e-03 
 4.22048893e+00  8.69534619e-03 
 4.22971001e+00  8.70090986e-03 
 4.23893110e+00  8.70647352e-03 
 4.24815219e+00  8.71203718e-03 
 4.25737328e+00  8.71760084e-03 
 4.26659436e+00  8.72316451e-03 
 4.27581545e+00  8.72872817e-03 
 4.28503654e+00  8.73429183e-03 
 4.29425763e+00  8.73985549e-03 
 4.30347871e+00  8.74541916e-03 
 4.31269980e+00  8.75098282e-03 
 4.32192089e+00  8.75654648e-03 
 4.33114197e+00  8.76211014e-03 
 4.34036306e+00  8.76767381e-03 
 4.34958415e+00  8.77323747e-03 
 4.35880524e+00  8.77880113e-03 
 4.36802632e+00  8.78436479e-03 
 4.37724741e+00  8.78992845e-03 
 4.38646850e+00  8.79549212e-03 
 4.39568958e+00  8.80105578e-03 
 4.40491067e+00  8.80661944e-03 
 4.41413176e+00  8.81218310e-03 
 4.42335285e+00  8.81774677e-03 
 4.43257393e+00  8.82331043e-03 
 4.44179502e+00  8.82887409e-03 
 4.45101611e+00  8.83443775e-03 
 4.46023720e+00  8.84000142e-03 
 4.46945828e+00  8.84556508e-03 
 4.47867937e+00  8.85112874e-03 
 4.48790046e+00  8.85669240e-03 
 4.49712154e+00  8.86225607e-03 
 4.50634263e+00  8.86781973e-03 
 4.51556372e+00  8.87338339e-03 
 4.52478481e+00  8.87894705e-03 
 4.53400589e+00  8.88451072e-03 
 4.54322698e+00  8.89007438e-03 
 4.55244807e+00  8.89563804e-03 
 4.56166916e+00  8.90120170e-03 
 4.57089024e+00  8.90676537e-03 
 4.58011133e+00  8.91232903e-03 
 4.58933242e+00  8.91789269e-03 
 4.59855350e+00  8.92345635e-03 
 4.60777459e+00  8.92902002e-03 
 4.61699568e+00  8.93458368e-03 
 4.62621677e+00  8.94014734e-03 
 4.63543785e+00  8.94571100e-03 
 4.64465894e+00  8.95127467e-03 
 4.65388003e+00  8.95683833e-03 
 4.66310112e+00  8.96240199e-03 
 4.67232220e+00  8.96796565e-03 
 4.68154329e+00  8.97352932e-03 
 4.69076438e+00  8.97909298e-03 
 4.69998546e+00  8.98465664e-03 
 4.70920655e+00  8.99022030e-03 
 4.71842764e+00  8.99578397e-03 
 4.72764873e+00  9.00134763e-03 
 4.73686981e+00  9.00691129e-03 
 4.74609090e+00  9.01247495e-03 
 4.75531199e+00  9.01803862e-03 
 4.76453308e+00  9.02360228e-03 
 4.77375416e+00  9.02916594e-03 
 4.78297525e+00  9.03472960e-03 
 4.79219634e+00  9.04029327e-03 
 4.80141742e+00  9.04585693e-03 
 4.81063851e+00  9.05142059e-03 
 4.81985960e+00  9.05698425e-03 
 4.82908069e+00  9.06254792e-03 
 4.83830177e+00  9.06811158e-03 
 4.84752286e+00  9.07367524e-03 
 4.85674395e+00  9.07923890e-03 
 4.86596503e+00  9.08480257e-03 
 4.87518612e+00  9.09036623e-03 
 4.88440721e+00  9.09592989e-03 
 4.89362830e+00  9.10149355e-03 
 4.90284938e+00  9.10705722e-03 
 4.91207047e+00  9.11262088e-03 
 4.92129156e+00  9.11818454e-03 
 4.93051265e+00  9.12374820e-03 
 4.93973373e+00  9.12931187e-03 
 4.94895482e+00  9.13487553e-03 
 4.95817591e+00  9.14043919e-03 
 4.96739699e+00  9.14600285e-03 
 4.97661808e+00  9.15156652e-03 
 4.98583917e+00  9.15713018e-03 
 4.99506026e+00  9.16269384e-03 
 5.00428134e+00  9.16825750e-03 
 5.01350243e+00  9.17382117e-03 
 5.02272352e+00  9.17938483e-03 
 5.03194461e+00  9.18494849e-03 
 5.04116569e+00  9.19051215e-03 
 5.05038678e+00  9.19607582e-03 
 5.05960787e+00  9.20163948e-03 
 5.06882895e+00  9.20720314e-03 
 5.07805004e+00  9.21276680e-03 
 5.08727113e+00  9.21833047e-03 
 5.09649222e+00  9.22389413e-03 
 5.10571330e+00  9.22945779e-03 
 5.11493439e+00  9.23502145e-03 
 5.12415548e+00  9.24058511e-03 
 5.13337657e+00  9.24614878e-03 
 5.14259765e+00  9.25171244e-03 
 5.15181874e+00  9.25727610e-03 
 5.16103983e+00  9.26283976e-03 
 5.17026091e+00  9.26840343e-03 
 5.17948200e+00  9.27396709e-03 
 5.18870309e+00  9.27953075e-03 
 5.19792418e+00  9.28509441e-03 
 5.20714526e+00  9.29065808e-03 
 5.21636635e+00  9.29622174e-03 
 5.22558744e+00  9.30178540e-03 
 5.23480853e+00  9.30734906e-03 
 5.24402961e+00  9.31291273e-03 
 5.25325070e+00  9.31847639e-03 
 5.26247179e+00  9.32404005e-03 
 5.27169287e+00  9.32960371e-03 
 5.28091396e+00  9.33516738e-03 
 5.29013505e+00  9.34073104e-03 
 5.29935614e+00  9.34629470e-03 
 5.30857722e+00  9.35185836e-03 
 5.31779831e+00  9.35742203e-03 
 5.32701940e+00  9.36298569e-03 
 5.33624048e+00  9.36854935e-03 
 5.34546157e+00  9.37411301e-03 
 5.35468266e+00  9.37967668e-03 
 5.36390375e+00  9.38524034e-03 
 5.37312483e+00  9.39080400e-03 
 5.38234592e+00  9.39636766e-03 
 5.39156701e+00  9.40193133e-03 
 5.40078810e+00  9.40749499e-03 
 5.41000918e+00  9.41305865e-03 
 5.41923027e+00  9.41862231e-03 
 5.42845136e+00  9.42418598e-03 
 5.43767244e+00  9.42974964e-03 
 5.44689353e+00  9.43531330e-03 
 5.45611462e+00  9.44087696e-03 
 5.46533571e+00  9.44644063e-03 
 5.47455679e+00  9.45200429e-03 
 5.48377788e+00  9.45756795e-03 
 5.49299897e+00  9.46313161e-03 
 5.50222006e+00  9.46869528e-03 
 5.51144114e+00  9.47425894e-03 
 5.52066223e+00  9.47982260e-03 
 5.52988332e+00  9.48538626e-03 
 5.53910440e+00  9.49094993e-03 
 5.54832549e+00  9.49651359e-03 
 5.55754658e+00  9.50207725e-03 
 5.56676767e+00  9.50764091e-03 
 5.57598875e+00  9.51320458e-03 
 5.58520984e+00  9.51876824e-03 
 5.59443093e+00  9.52433190e-03 
 5.60365202e+00  9.52989556e-03 
 5.61287310e+00  9.53545923e-03 
 5.62209419e+00  9.54102289e-03 
 5.63131528e+00  9.54658655e-03 
 5.64053636e+00  9.55215021e-03 
 5.64975745e+00  9.55771388e-03 
 5.65897854e+00  9.56327754e-03 
 5.66819963e+00  9.56884120e-03 
 5.67742071e+00  9.57440486e-03 
 5.68664180e+00  9.57996853e-03 
 5.69586289e+00  9.58553219e-03 
 5.70508397e+00  9.59109585e-03 
 5.71430506e+00  9.59665951e-03 
 5.72352615e+00  9.60222318e-03 
 5.73274724e+00  9.60778684e-03 
 5.74196832e+00  9.61335050e-03 
 5.75118941e+00  9.61891416e-03 
 5.76041050e+00  9.62447783e-03 
 5.76963159e+00  9.63004149e-03 
 5.77885267e+00  9.63560515e-03 
 5.78807376e+00  9.64116881e-03 
 5.79729485e+00  9.64673248e-03 
 5.80651593e+00  9.65229614e-03 
 5.81573702e+00  9.65785980e-03 
 5.82495811e+00  9.66342346e-03 
 5.83417920e+00  9.66898713e-03 
 5.84340028e+00  9.67455079e-03 
 5.85262137e+00  9.68011445e-03 
 5.86184246e+00  9.68567811e-03 
 5.87106355e+00  9.69124178e-03 
 5.88028463e+00  9.69680544e-03 
 5.88950572e+00  9.70236910e-03 
 5.89872681e+00  9.70793276e-03 
 5.90794789e+00  9.71349643e-03 
 5.91716898e+00  9.71906009e-03 
 5.92639007e+00  9.72462375e-03 
 5.93561116e+00  9.73018741e-03 
 5.94483224e+00  9.73575108e-03 
 5.95405333e+00  9.74131474e-03 
 5.96327442e+00  9.74687840e-03 
 5.97249551e+00  9.75244206e-03 
 5.98171659e+00  9.75800573e-03 
 5.99093768e+00  9.76356939e-03 
 6.00015877e+00  9.76913305e-03 
 6.00937985e+00  9.77469671e-03 
 6.01860094e+00  9.78026038e-03 
 6.02782203e+00  9.78582404e-03 
 6.03704312e+00  9.79138770e-03 
 6.04626420e+00  9.79695136e-03 
 6.05548529e+00  9.80251503e-03 
 6.06470638e+00  9.80807869e-03 
 6.07392747e+00  9.81364235e-03 
 6.08314855e+00  9.81920601e-03 
 6.09236964e+00  9.82476968e-03 
 6.10159073e+00  9.83033334e-03 
 6.11081181e+00  9.83589700e-03 
 6.12003290e+00  9.84146066e-03 
 6.12925399e+00  9.84702432e-03 
 6.13847508e+00  9.85258799e-03 
 6.14769616e+00  9.85815165e-03 
 6.15691725e+00  9.86371531e-03 
 6.16613834e+00  9.86927897e-03 
 6.17535942e+00  9.87484264e-03 
 6.18458051e+00  9.88040630e-03 
 6.19380160e+00  9.88596996e-03 
 6.20302269e+00  9.89153362e-03 
 6.21224377e+00  9.89709729e-03 
 6.22146486e+00  9.90266095e-03 
 6.23068595e+00  9.90822461e-03 
 6.23990704e+00  9.91378827e-03 
 6.24912812e+00  9.91935194e-03 
 6.25834921e+00  9.92491560e-03 
 6.26757030e+00  9.93047926e-03 
 6.27679138e+00  9.93604292e-03 
 6.28601247e+00  9.94160659e-03 
 6.29523356e+00  9.94717025e-03 
 6.30445465e+00  9.95273391e-03 
 6.31367573e+00  9.95829757e-03 
 6.32289682e+00  9.96386124e-03 
 6.33211791e+00  9.96942490e-03 
 6.34133900e+00  9.97498856e-03 
 6.35056008e+00  9.98055222e-03 
 6.35978117e+00  9.98611589e-03 
 6.36900226e+00  9.99167955e-03 
 6.37822334e+00  9.99724321e-03 
 6.38744443e+00  1.00028069e-02 
 6.39666552e+00  1.00083705e-02 
 6.40588661e+00  1.00139342e-02 
 6.41510769e+00  1.00194979e-02 
 6.42432878e+00  1.00250615e-02 
 6.43354987e+00  1.00306252e-02 
 6.44277096e+00  1.00361888e-02 
 6.45199204e+00  1.00417525e-02 
 6.46121313e+00  1.00473162e-02 
 6.47043422e+00  1.00528798e-02 
 6.47965530e+00  1.00584435e-02 
 6.48887639e+00  1.00640072e-02 
 6.49809748e+00  1.00695708e-02 
 6.50731857e+00  1.00751345e-02 
 6.51653965e+00  1.00806981e-02 
 6.52576074e+00  1.00862618e-02 
 6.53498183e+00  1.00918255e-02 
 6.54420291e+00  1.00973891e-02 
 6.55342400e+00  1.01029528e-02 
 6.56264509e+00  1.01085165e-02 
 6.57186618e+00  1.01140801e-02 
 6.58108726e+00  1.01196438e-02 
 6.59030835e+00  1.01252074e-02 
 6.59952944e+00  1.01307711e-02 
 6.60875053e+00  1.01363348e-02 
 6.61797161e+00  1.01418984e-02 
 6.62719270e+00  1.01474621e-02 
 6.63641379e+00  1.01530258e-02 
 6.64563487e+00  1.01585894e-02 
 6.65485596e+00  1.01641531e-02 
 6.66407705e+00  1.01697167e-02 
 6.67329814e+00  1.01752804e-02 
 6.68251922e+00  1.01808441e-02 
 6.69174031e+00  1.01864077e-02 
 6.70096140e+00  1.01919714e-02 
 6.71018249e+00  1.01975351e-02 
 6.71940357e+00  1.02030987e-02 
 6.72862466e+00  1.02086624e-02 
 6.73784575e+00  1.02142260e-02 
 6.74706683e+00  1.02197897e-02 
 6.75628792e+00  1.02253534e-02 
 6.76550901e+00  1.02309170e-02 
 6.77473010e+00  1.02364807e-02 
 6.78395118e+00  1.02420444e-02 
 6.79317227e+00  1.02476080e-02 
 6.80239336e+00  1.02531717e-02 
 6.81161445e+00  1.02587353e-02 
 6.82083553e+00  1.02642990e-02 
 6.83005662e+00  1.02698627e-02 
 6.83927771e+00  1.02754263e-02 
 6.84849879e+00  1.02809900e-02 
 6.85771988e+00  1.02865537e-02 
 6.86694097e+00  1.02921173e-02 
 6.87616206e+00  1.02976810e-02 
 6.88538314e+00  1.03032446e-02 
 6.89460423e+00  1.03088083e-02 
 6.90382532e+00  1.03143720e-02 
 6.91304641e+00  1.03199356e-02 
 6.92226749e+00  1.03254993e-02 
 6.93148858e+00  1.03310630e-02 
 6.94070967e+00  1.03366266e-02 
 6.94993075e+00  1.03421903e-02 
 6.95915184e+00  1.03477539e-02 
 6.96837293e+00  1.03533176e-02 
 6.97759402e+00  1.03588813e-02 
 6.98681510e+00  1.03644449e-02 
 6.99603619e+00  1.03700086e-02 
 7.00525728e+00  1.03755723e-02 
 7.01447836e+00  1.03811359e-02 
 7.02369945e+00  1.03866996e-02 
 7.03292054e+00  1.03922632e-02 
 7.04214163e+00  1.03978269e-02 
 7.05136271e+00  1.04033906e-02 
 7.06058380e+00  1.04089542e-02 
 7.06980489e+00  1.04145179e-02 
 7.07902598e+00  1.04200816e-02 
 7.08824706e+00  1.04256452e-02 
 7.09746815e+00  1.04312089e-02 
 7.10668924e+00  1.04367725e-02 
 7.11591032e+00  1.04423362e-02 
 7.12513141e+00  1.04478999e-02 
 7.13435250e+00  1.04534635e-02 
 7.14357359e+00  1.04590272e-02 
 7.15279467e+00  1.04645909e-02 
 7.16201576e+00  1.04701545e-02 
 7.17123685e+00  1.04757182e-02 
 7.18045794e+00  1.04812818e-02 
 7.18967902e+00  1.04868455e-02 
 7.19890011e+00  1.04924092e-02 
 7.20812120e+00  1.04979728e-02 
 7.21734228e+00  1.05035365e-02 
 7.22656337e+00  1.05091002e-02 
 7.23578446e+00  1.05146638e-02 
 7.24500555e+00  1.05202275e-02 
 7.25422663e+00  1.05257911e-02 
 7.26344772e+00  1.05313548e-02 
 7.27266881e+00  1.05369185e-02 
 7.28188990e+00  1.05424821e-02 
 7.29111098e+00  1.05480458e-02 
 7.30033207e+00  1.05536095e-02 
 7.30955316e+00  1.05591731e-02 
 7.31877424e+00  1.05647368e-02 
 7.32799533e+00  1.05703004e-02 
 7.33721642e+00  1.05758641e-02 
 7.34643751e+00  1.05814278e-02 
 7.35565859e+00  1.05869914e-02 
 7.36487968e+00  1.05925551e-02 
 7.37410077e+00  1.05981188e-02 
 7.38332185e+00  1.06036824e-02 
 7.39254294e+00  1.06092461e-02 
 7.40176403e+00  1.06148097e-02 
 7.41098512e+00  1.06203734e-02 
 7.42020620e+00  1.06259371e-02 
 7.42942729e+00  1.06315007e-02 
 7.43864838e+00  1.06370644e-02 
 7.44786947e+00  1.06426281e-02 
 7.45709055e+00  1.06481917e-02 
 7.46631164e+00  1.06537554e-02 
 7.47553273e+00  1.06593190e-02 
 7.48475381e+00  1.06648827e-02 
 7.49397490e+00  1.06704464e-02 
 7.50319599e+00  1.06760100e-02 
 7.51241708e+00  1.06815737e-02 
 7.52163816e+00  1.06871374e-02 
 7.53085925e+00  1.06927010e-02 
 7.54008034e+00  1.06982647e-02 
 7.54930143e+00  1.07038283e-02 
 7.55852251e+00  1.07093920e-02 
 7.56774360e+00  1.07149557e-02 
 7.57696469e+00  1.07205193e-02 
 7.58618577e+00  1.07260830e-02 
 7.59540686e+00  1.07316467e-02 
 7.60462795e+00  1.07372103e-02 
 7.61384904e+00  1.07427740e-02 
 7.62307012e+00  1.07483376e-02 
 7.63229121e+00  1.07539013e-02 
 7.64151230e+00  1.07594650e-02 
 7.65073339e+00  1.07650286e-02 
 7.65995447e+00  1.07705923e-02 
 7.66917556e+00  1.07761560e-02 
 7.67839665e+00  1.07817196e-02 
 7.68761773e+00  1.07872833e-02 
 7.69683882e+00  1.07928469e-02 
 7.70605991e+00  1.07984106e-02 
 7.71528100e+00  1.08039743e-02 
 7.72450208e+00  1.08095379e-02 
 7.73372317e+00  1.08151016e-02 
 7.74294426e+00  1.08206653e-02 
 7.75216534e+00  1.08262289e-02 
 7.76138643e+00  1.08317926e-02 
 7.77060752e+00  1.08373562e-02 
 7.77982861e+00  1.08429199e-02 
 7.78904969e+00  1.08484836e-02 
 7.79827078e+00  1.08540472e-02 
 7.80749187e+00  1.08596109e-02 
 7.81671296e+00  1.08651746e-02 
 7.82593404e+00  1.08707382e-02 
 7.83515513e+00  1.08763019e-02 
 7.84437622e+00  1.08818655e-02 
 7.85359730e+00  1.08874292e-02 
 7.86281839e+00  1.08929929e-02 
 7.87203948e+00  1.08985565e-02 
 7.88126057e+00  1.09041202e-02 
 7.89048165e+00  1.09096839e-02 
 7.89970274e+00  1.09152475e-02 
 7.90892383e+00  1.09208112e-02 
 7.91814492e+00  1.09263748e-02 
 7.92736600e+00  1.09319385e-02 
 7.93658709e+00  1.09375022e-02 
 7.94580818e+00  1.09430658e-02 
 7.95502926e+00  1.09486295e-02 
 7.96425035e+00  1.09541932e-02 
 7.97347144e+00  1.09597568e-02 
 7.98269253e+00  1.09653205e-02 
 7.99191361e+00  1.09708841e-02 
 8.00113470e+00  1.09764478e-02 
 8.01035579e+00  1.09820115e-02 
 8.01957688e+00  1.09875751e-02 
 8.02879796e+00  1.09931388e-02 
 8.03801905e+00  1.09987025e-02 
 8.04724014e+00  1.10042661e-02 
 8.05646122e+00  1.10098298e-02 
 8.06568231e+00  1.10153934e-02 
 8.07490340e+00  1.10209571e-02 
 8.08412449e+00  1.10265208e-02 
 8.09334557e+00  1.10320844e-02 
 8.10256666e+00  1.10376481e-02 
 8.11178775e+00  1.10432118e-02 
 8.12100883e+00  1.10487754e-02 
 8.13022992e+00  1.10543391e-02 
 8.13945101e+00  1.10599027e-02 
 8.14867210e+00  1.10654664e-02 
 8.15789318e+00  1.10710301e-02 
 8.16711427e+00  1.10765937e-02 
 8.17633536e+00  1.10821574e-02 
 8.18555645e+00  1.10877211e-02 
 8.19477753e+00  1.10932847e-02 
 8.20399862e+00  1.10988484e-02 
 8.21321971e+00  1.11044120e-02 
 8.22244079e+00  1.11099757e-02 
 8.23166188e+00  1.11155394e-02 
 8.24088297e+00  1.11211030e-02 
 8.25010406e+00  1.11266667e-02 
 8.25932514e+00  1.11322304e-02 
 8.26854623e+00  1.11377940e-02 
 8.27776732e+00  1.11433577e-02 
 8.28698841e+00  1.11489213e-02 
 8.29620949e+00  1.11544850e-02 
 8.30543058e+00  1.11600487e-02 
 8.31465167e+00  1.11656123e-02 
 8.32387275e+00  1.11711760e-02 
 8.33309384e+00  1.11767397e-02 
 8.34231493e+00  1.11823033e-02 
 8.35153602e+00  1.11878670e-02 
 8.36075710e+00  1.11934306e-02 
 8.36997819e+00  1.11989943e-02 
 8.37919928e+00  1.12045580e-02 
 8.38842037e+00  1.12101216e-02 
 8.39764145e+00  1.12156853e-02 
 8.40686254e+00  1.12212490e-02 
 8.41608363e+00  1.12268126e-02 
 8.42530471e+00  1.12323763e-02 
 8.43452580e+00  1.12379399e-02 
 8.44374689e+00  1.12435036e-02 
 8.45296798e+00  1.12490673e-02 
 8.46218906e+00  1.12546309e-02 
 8.47141015e+00  1.12601946e-02 
 8.48063124e+00  1.12657583e-02 
 8.48985232e+00  1.12713219e-02 
 8.49907341e+00  1.12768856e-02 
 8.50829450e+00  1.12824492e-02 
 8.51751559e+00  1.12880129e-02 
 8.52673667e+00  1.12935766e-02 
 8.53595776e+00  1.12991402e-02 
 8.54517885e+00  1.13047039e-02 
 8.55439994e+00  1.13102676e-02 
 8.56362102e+00  1.13158312e-02 
 8.57284211e+00  1.13213949e-02 
 8.58206320e+00  1.13269585e-02 
 8.59128428e+00  1.13325222e-02 
 8.60050537e+00  1.13380859e-02 
 8.60972646e+00  1.13436495e-02 
 8.61894755e+00  1.13492132e-02 
 8.62816863e+00  1.13547769e-02 
 8.63738972e+00  1.13603405e-02 
 8.64661081e+00  1.13659042e-02 
 8.65583190e+00  1.13714678e-02 
 8.66505298e+00  1.13770315e-02 
 8.67427407e+00  1.13825952e-02 
 8.68349516e+00  1.13881588e-02 
 8.69271624e+00  1.13937225e-02 
 8.70193733e+00  1.13992862e-02 
 8.71115842e+00  1.14048498e-02 
 8.72037951e+00  1.14104135e-02 
 8.72960059e+00  1.14159771e-02 
 8.73882168e+00  1.14215408e-02 
 8.74804277e+00  1.14271045e-02 
 8.75726386e+00  1.14326681e-02 
 8.76648494e+00  1.14382318e-02 
 8.77570603e+00  1.14437955e-02 
 8.78492712e+00  1.14493591e-02 
 8.79414820e+00  1.14549228e-02 
 8.80336929e+00  1.14604864e-02 
 8.81259038e+00  1.14660501e-02 
 8.82181147e+00  1.14716138e-02 
 8.83103255e+00  1.14771774e-02 
 8.84025364e+00  1.14827411e-02 
 8.84947473e+00  1.14883048e-02 
 8.85869581e+00  1.14938684e-02 
 8.86791690e+00  1.14994321e-02 
 8.87713799e+00  1.15049957e-02 
 8.88635908e+00  1.15105594e-02 
 8.89558016e+00  1.15161231e-02 
 8.90480125e+00  1.15216867e-02 
 8.91402234e+00  1.15272504e-02 
 8.92324343e+00  1.15328141e-02 
 8.93246451e+00  1.15383777e-02 
 8.94168560e+00  1.15439414e-02 
 8.95090669e+00  1.15495050e-02 
 8.96012777e+00  1.15550687e-02 
 8.96934886e+00  1.15606324e-02 
 8.97856995e+00  1.15661960e-02 
 8.98779104e+00  1.15717597e-02 
 8.99701212e+00  1.15773234e-02 
 9.00623321e+00  1.15828870e-02 
 9.01545430e+00  1.15884507e-02 
 9.02467539e+00  1.15940143e-02 
 9.03389647e+00  1.15995780e-02 
 9.04311756e+00  1.16051417e-02 
 9.05233865e+00  1.16107053e-02 
 9.06155973e+00  1.16162690e-02 
 9.07078082e+00  1.16218327e-02 
 9.08000191e+00  1.16273963e-02 
 9.08922300e+00  1.16329600e-02 
 9.09844408e+00  1.16385236e-02 
 9.10766517e+00  1.16440873e-02 
 9.11688626e+00  1.16496510e-02 
 9.12610735e+00  1.16552146e-02 
 9.13532843e+00  1.16607783e-02 
 9.14454952e+00  1.16663420e-02 
 9.15377061e+00  1.16719056e-02 
 9.16299169e+00  1.16774693e-02 
 9.17221278e+00  1.16830329e-02 
 9.18143387e+00  1.16885966e-02 
 9.19065496e+00  1.16941603e-02 
 9.19987604e+00  1.16997239e-02 
 9.20909713e+00  1.17052876e-02 
 9.21831822e+00  1.17108513e-02 
 9.22753930e+00  1.17164149e-02 
 9.23676039e+00  1.17219786e-02 
 9.24598148e+00  1.17275422e-02 
 9.25520257e+00  1.17331059e-02 
 9.26442365e+00  1.17386696e-02 
 9.27364474e+00  1.17442332e-02 
 9.28286583e+00  1.17497969e-02 
 9.29208692e+00  1.17553606e-02 
 9.30130800e+00  1.17609242e-02 
 9.31052909e+00  1.17664879e-02 
 9.31975018e+00  1.17720515e-02 
 9.32897126e+00  1.17776152e-02 
 9.33819235e+00  1.17831789e-02 
 9.34741344e+00  1.17887425e-02 
 9.35663453e+00  1.17943062e-02 
 9.36585561e+00  1.17998699e-02 
 9.37507670e+00  1.18054335e-02 
 9.38429779e+00  1.18109972e-02 
 9.39351888e+00  1.18165608e-02 
 9.40273996e+00  1.18221245e-02 
 9.41196105e+00  1.18276882e-02 
 9.42118214e+00  1.18332518e-02 
 9.43040322e+00  1.18388155e-02 
 9.43962431e+00  1.18443792e-02 
 9.44884540e+00  1.18499428e-02 
 9.45806649e+00  1.18555065e-02 
 9.46728757e+00  1.18610701e-02 
 9.47650866e+00  1.18666338e-02 
 9.48572975e+00  1.18721975e-02 
 9.49495084e+00  1.18777611e-02 
 9.50417192e+00  1.18833248e-02 
 9.51339301e+00  1.18888885e-02 
 9.52261410e+00  1.18944521e-02 
 9.53183518e+00  1.19000158e-02 
 9.54105627e+00  1.19055794e-02 
 9.55027736e+00  1.19111431e-02 
 9.55949845e+00  1.19167068e-02 
 9.56871953e+00  1.19222704e-02 
 9.57794062e+00  1.19278341e-02 
 9.58716171e+00  1.19333978e-02 
 9.59638279e+00  1.19389614e-02 
 9.60560388e+00  1.19445251e-02 
 9.61482497e+00  1.19500887e-02 
 9.62404606e+00  1.19556524e-02 
 9.63326714e+00  1.19612161e-02 
 9.64248823e+00  1.19667797e-02 
 9.65170932e+00  1.19723434e-02 
 9.66093041e+00  1.19779071e-02 
 9.67015149e+00  1.19834707e-02 
 9.67937258e+00  1.19890344e-02 
 9.68859367e+00  1.19945980e-02 
 9.69781475e+00  1.20001617e-02 
 9.70703584e+00  1.20057254e-02 
 9.71625693e+00  1.20112890e-02 
 9.72547802e+00  1.20168527e-02 
 9.73469910e+00  1.20224164e-02 
 9.74392019e+00  1.20279800e-02 
 9.75314128e+00  1.20335437e-02 
 9.76236237e+00  1.20391073e-02 
 9.77158345e+00  1.20446710e-02 
 9.78080454e+00  1.20502347e-02 
 9.79002563e+00  1.20557983e-02 
 9.79924671e+00  1.20613620e-02 
 9.80846780e+00  1.20669257e-02 
 9.81768889e+00  1.20724893e-02 
 9.82690998e+00  1.20780530e-02 
 9.83613106e+00  1.20836166e-02 
 9.84535215e+00  1.20891803e-02 
 9.85457324e+00  1.20947440e-02 
 9.86379433e+00  1.21003076e-02 
 9.87301541e+00  1.21058713e-02 
 9.88223650e+00  1.21114350e-02 
 9.89145759e+00  1.21169986e-02 
 9.90067867e+00  1.21225623e-02 
 9.90989976e+00  1.21281259e-02 
 9.91912085e+00  1.21336896e-02 
 9.92834194e+00  1.21392533e-02 
 9.93756302e+00  1.21448169e-02 
 9.94678411e+00  1.21503806e-02 
 9.95600520e+00  1.21559443e-02 
 9.96522628e+00  1.21615079e-02 
 9.97444737e+00  1.21670716e-02 
 9.98366846e+00  1.21726352e-02 
 9.99288955e+00  1.21781989e-02 
 1.00021106e+01  1.21837626e-02 
 1.00113317e+01  1.21893262e-02 
 1.00205528e+01  1.21948899e-02 
 1.00297739e+01  1.22004536e-02 
 1.00389950e+01  1.22060172e-02 
 1.00482161e+01  1.22115809e-02 
 1.00574372e+01  1.22171445e-02 
 1.00666582e+01  1.22227082e-02 
 1.00758793e+01  1.22282719e-02 
 1.00851004e+01  1.22338355e-02 
 1.00943215e+01  1.22393992e-02 
 1.01035426e+01  1.22449629e-02 
 1.01127637e+01  1.22505265e-02 
 1.01219848e+01  1.22560902e-02 
 1.01312059e+01  1.22616538e-02 
 1.01404269e+01  1.22672175e-02 
 1.01496480e+01  1.22727812e-02 
 1.01588691e+01  1.22783448e-02 
 1.01680902e+01  1.22839085e-02 
 1.01773113e+01  1.22894722e-02 
 1.01865324e+01  1.22950358e-02 
 1.01957535e+01  1.23005995e-02 
 1.02049746e+01  1.23061631e-02 
 1.02141956e+01  1.23117268e-02 
 1.02234167e+01  1.23172905e-02 
 1.02326378e+01  1.23228541e-02 
 1.02418589e+01  1.23284178e-02 
 1.02510800e+01  1.23339815e-02 
 1.02603011e+01  1.23395451e-02 
 1.02695222e+01  1.23451088e-02 
 1.02787433e+01  1.23506724e-02 
 1.02879643e+01  1.23562361e-02 
 1.02971854e+01  1.23617998e-02 
 1.03064065e+01  1.23673634e-02 
 1.03156276e+01  1.23729271e-02 
 1.03248487e+01  1.23784908e-02 
 1.03340698e+01  1.23840544e-02 
 1.03432909e+01  1.23896181e-02 
 1.03525119e+01  1.23951817e-02 
 1.03617330e+01  1.24007454e-02 
 1.03709541e+01  1.24063091e-02 
 1.03801752e+01  1.24118727e-02 
 1.03893963e+01  1.24174364e-02 
 1.03986174e+01  1.24230001e-02 
 1.04078385e+01  1.24285637e-02 
 1.04170596e+01  1.24341274e-02 
 1.04262806e+01  1.24396910e-02 
 1.04355017e+01  1.24452547e-02 
 1.04447228e+01  1.24508184e-02 
 1.04539439e+01  1.24563820e-02 
 1.04631650e+01  1.24619457e-02 
 1.04723861e+01  1.24675094e-02 
 1.04816072e+01  1.24730730e-02 
 1.04908283e+01  1.24786367e-02 
 1.05000493e+01  1.24842003e-02 
 1.05092704e+01  1.24897640e-02 
 1.05184915e+01  1.24953277e-02 
 1.05277126e+01  1.25008913e-02 
 1.05369337e+01  1.25064550e-02 
 1.05461548e+01  1.25120187e-02 
 1.05553759e+01  1.25175823e-02 
 1.05645970e+01  1.25231460e-02 
 1.05738180e+01  1.25287096e-02 
 1.05830391e+01  1.25342733e-02 
 1.05922602e+01  1.25398370e-02 
 1.06014813e+01  1.25454006e-02 
 1.06107024e+01  1.25509643e-02 
 1.06199235e+01  1.25565280e-02 
 1.06291446e+01  1.25620916e-02 
 1.06383657e+01  1.25676553e-02 
 1.06475867e+01  1.25732189e-02 
 1.06568078e+01  1.25787826e-02 
 1.06660289e+01  1.25843463e-02 
 1.06752500e+01  1.25899099e-02 
 1.06844711e+01  1.25954736e-02 
 1.06936922e+01  1.26010373e-02 
 1.07029133e+01  1.26066009e-02 
 1.07121344e+01  1.26121646e-02 
 1.07213554e+01  1.26177282e-02 
 1.07305765e+01  1.26232919e-02 
 1.07397976e+01  1.26288556e-02 
 1.07490187e+01  1.26344192e-02 
 1.07582398e+01  1.26399829e-02 
 1.07674609e+01  1.26455466e-02 
 1.07766820e+01  1.26511102e-02 
 1.07859030e+01  1.26566739e-02 
 1.07951241e+01  1.26622375e-02 
 1.08043452e+01  1.26678012e-02 
 1.08135663e+01  1.26733649e-02 
 1.08227874e+01  1.26789285e-02 
 1.08320085e+01  1.26844922e-02 
 1.08412296e+01  1.26900559e-02 
 1.08504507e+01  1.26956195e-02 
 1.08596717e+01  1.27011832e-02 
 1.08688928e+01  1.27067468e-02 
 1.08781139e+01  1.27123105e-02 
 1.08873350e+01  1.27178742e-02 
 1.08965561e+01  1.27234378e-02 
 1.09057772e+01  1.27290015e-02 
 1.09149983e+01  1.27345652e-02 
 1.09242194e+01  1.27401288e-02 
 1.09334404e+01  1.27456925e-02 
 1.09426615e+01  1.27512561e-02 
 1.09518826e+01  1.27568198e-02 
 1.09611037e+01  1.27623835e-02 
 1.09703248e+01  1.27679471e-02 
 1.09795459e+01  1.27735108e-02 
 1.09887670e+01  1.27790745e-02 
 1.09979881e+01  1.27846381e-02 
 1.10072091e+01  1.27902018e-02 
 1.10164302e+01  1.27957654e-02 
 1.10256513e+01  1.28013291e-02 
 1.10348724e+01  1.28068928e-02 
 1.10440935e+01  1.28124564e-02 
 1.10533146e+01  1.28180201e-02 
 1.10625357e+01  1.28235838e-02 
 1.10717568e+01  1.28291474e-02 
 1.10809778e+01  1.28347111e-02 
 1.10901989e+01  1.28402747e-02 
 1.10994200e+01  1.28458384e-02 
 1.11086411e+01  1.28514021e-02 
 1.11178622e+01  1.28569657e-02 
 1.11270833e+01  1.28625294e-02 
 1.11363044e+01  1.28680931e-02 
 1.11455255e+01  1.28736567e-02 
 1.11547465e+01  1.28792204e-02 
 1.11639676e+01  1.28847841e-02 
 1.11731887e+01  1.28903477e-02 
 1.11824098e+01  1.28959114e-02 
 1.11916309e+01  1.29014750e-02 
 1.12008520e+01  1.29070387e-02 
 1.12100731e+01  1.29126024e-02 
 1.12192942e+01  1.29181660e-02 
 1.12285152e+01  1.29237297e-02 
 1.12377363e+01  1.29292934e-02 
 1.12469574e+01  1.29348570e-02 
 1.12561785e+01  1.29404207e-02 
 1.12653996e+01  1.29459843e-02 
 1.12746207e+01  1.29515480e-02 
 1.12838418e+01  1.29571117e-02 
 1.12930628e+01  1.29626753e-02 
 1.13022839e+01  1.29682390e-02 
 1.13115050e+01  1.29738027e-02 
 1.13207261e+01  1.29793663e-02 
 1.13299472e+01  1.29849300e-02 
 1.13391683e+01  1.29904936e-02 
 1.13483894e+01  1.29960573e-02 
 1.13576105e+01  1.30016210e-02 
 1.13668315e+01  1.30071846e-02 
 1.13760526e+01  1.30127483e-02 
 1.13852737e+01  1.30183120e-02 
 1.13944948e+01  1.30238756e-02 
 1.14037159e+01  1.30294393e-02 
 1.14129370e+01  1.30350029e-02 
 1.14221581e+01  1.30405666e-02 
 1.14313792e+01  1.30461303e-02 
 1.14406002e+01  1.30516939e-02 
 1.14498213e+01  1.30572576e-02 
 1.14590424e+01  1.30628213e-02 
 1.14682635e+01  1.30683849e-02 
 1.14774846e+01  1.30739486e-02 
 1.14867057e+01  1.30795122e-02 
 1.14959268e+01  1.30850759e-02 
 1.15051479e+01  1.30906396e-02 
 1.15143689e+01  1.30962032e-02 
 1.15235900e+01  1.31017669e-02 
 1.15328111e+01  1.31073306e-02 
 1.15420322e+01  1.31128942e-02 
 1.15512533e+01  1.31184579e-02 
 1.15604744e+01  1.31240215e-02 
 1.15696955e+01  1.31295852e-02 
 1.15789166e+01  1.31351489e-02 
 1.15881376e+01  1.31407125e-02 
 1.15973587e+01  1.31462762e-02 
 1.16065798e+01  1.31518399e-02 
 1.16158009e+01  1.31574035e-02 
 1.16250220e+01  1.31629672e-02 
 1.16342431e+01  1.31685308e-02 
 1.16434642e+01  1.31740945e-02 
 1.16526853e+01  1.31796582e-02 
 1.16619063e+01  1.31852218e-02 
 1.16711274e+01  1.31907855e-02 
 1.16803485e+01  1.31963492e-02 
 1.16895696e+01  1.32019128e-02 
 1.16987907e+01  1.32074765e-02 
 1.17080118e+01  1.32130401e-02 
 1.17172329e+01  1.32186038e-02 
 1.17264539e+01  1.32241675e-02 
 1.17356750e+01  1.32297311e-02 
 1.17448961e+01  1.32352948e-02 
 1.17541172e+01  1.32408585e-02 
 1.17633383e+01  1.32464221e-02 
 1.17725594e+01  1.32519858e-02 
 1.17817805e+01  1.32575494e-02 
 1.17910016e+01  1.32631131e-02 
 1.18002226e+01  1.32686768e-02 
 1.18094437e+01  1.32742404e-02 
 1.18186648e+01  1.32798041e-02 
 1.18278859e+01  1.32853678e-02 
 1.18371070e+01  1.32909314e-02 
 1.18463281e+01  1.32964951e-02 
 1.18555492e+01  1.33020587e-02 
 1.18647703e+01  1.33076224e-02 
 1.18739913e+01  1.33131861e-02 
 1.18832124e+01  1.33187497e-02 
 1.18924335e+01  1.33243134e-02 
 1.19016546e+01  1.33298771e-02 
 1.19108757e+01  1.33354407e-02 
 1.19200968e+01  1.33410044e-02 
 1.19293179e+01  1.33465680e-02 
 1.19385390e+01  1.33521317e-02 
 1.19477600e+01  1.33576954e-02 
 1.19569811e+01  1.33632590e-02 
 1.19662022e+01  1.33688227e-02 
 1.19754233e+01  1.33743864e-02 
 1.19846444e+01  1.33799500e-02 
 1.19938655e+01  1.33855137e-02 
 1.20030866e+01  1.33910773e-02 
 1.20123077e+01  1.33966410e-02 
 1.20215287e+01  1.34022047e-02 
 1.20307498e+01  1.34077683e-02 
 1.20399709e+01  1.34133320e-02 
 1.20491920e+01  1.34188957e-02 
 1.20584131e+01  1.34244593e-02 
 1.20676342e+01  1.34300230e-02 
 1.20768553e+01  1.34355866e-02 
 1.20860764e+01  1.34411503e-02 
 1.20952974e+01  1.34467140e-02 
 1.21045185e+01  1.34522776e-02 
 1.21137396e+01  1.34578413e-02 
 1.21229607e+01  1.34634050e-02 
 1.21321818e+01  1.34689686e-02 
 1.21414029e+01  1.34745323e-02 
 1.21506240e+01  1.34800959e-02 
 1.21598450e+01  1.34856596e-02 
 1.21690661e+01  1.34912233e-02 
 1.21782872e+01  1.34967869e-02 
 1.21875083e+01  1.35023506e-02 
 1.21967294e+01  1.35079143e-02 
 1.22059505e+01  1.35134779e-02 
 1.22151716e+01  1.35190416e-02 
 1.22243927e+01  1.35246052e-02 
 1.22336137e+01  1.35301689e-02 
 1.22428348e+01  1.35357326e-02 
 1.22520559e+01  1.35412962e-02 
 1.22612770e+01  1.35468599e-02 
 1.22704981e+01  1.35524236e-02 
 1.22797192e+01  1.35579872e-02 
 1.22889403e+01  1.35635509e-02 
 1.22981614e+01  1.35691145e-02 
 1.23073824e+01  1.35746782e-02 
 1.23166035e+01  1.35802419e-02 
 1.23258246e+01  1.35858055e-02 
 1.23350457e+01  1.35913692e-02 
 1.23442668e+01  1.35969329e-02 
 1.23534879e+01  1.36024965e-02 
 1.23627090e+01  1.36080602e-02 
 1.23719301e+01  1.36136238e-02 
 1.23811511e+01  1.36191875e-02 
 1.23903722e+01  1.36247512e-02 
 1.23995933e+01  1.36303148e-02 
 1.24088144e+01  1.36358785e-02 
 1.24180355e+01  1.36414422e-02 
 1.24272566e+01  1.36470058e-02 
 1.24364777e+01  1.36525695e-02 
 1.24456988e+01  1.36581331e-02 
 1.24549198e+01  1.36636968e-02 
 1.24641409e+01  1.36692605e-02 
 1.24733620e+01  1.36748241e-02 
 1.24825831e+01  1.36803878e-02 
 1.24918042e+01  1.36859515e-02 
 1.25010253e+01  1.36915151e-02 
 1.25102464e+01  1.36970788e-02 
 1.25194675e+01  1.37026424e-02 
 1.25286885e+01  1.37082061e-02 
 1.25379096e+01  1.37137698e-02 
 1.25471307e+01  1.37193334e-02 
 1.25563518e+01  1.37248971e-02 
 1.25655729e+01  1.37304608e-02 
 1.25747940e+01  1.37360244e-02 
 1.25840151e+01  1.37415881e-02 
 1.25932362e+01  1.37471517e-02 
 1.26024572e+01  1.37527154e-02 
 1.26116783e+01  1.37582791e-02 
 1.26208994e+01  1.37638427e-02 
 1.26301205e+01  1.37694064e-02 
 1.26393416e+01  1.37749701e-02 
 1.26485627e+01  1.37805337e-02 
 1.26577838e+01  1.37860974e-02 
 1.26670048e+01  1.37916610e-02 
 1.26762259e+01  1.37972247e-02 
 1.26854470e+01  1.38027884e-02 
 1.26946681e+01  1.38083520e-02 
 1.27038892e+01  1.38139157e-02 
 1.27131103e+01  1.38194794e-02 
 1.27223314e+01  1.38250430e-02 
 1.27315525e+01  1.38306067e-02 
 1.27407735e+01  1.38361703e-02 
 1.27499946e+01  1.38417340e-02 
 1.27592157e+01  1.38472977e-02 
 1.27684368e+01  1.38528613e-02 
 1.27776579e+01  1.38584250e-02 
 1.27868790e+01  1.38639887e-02 
 1.27961001e+01  1.38695523e-02 
 1.28053212e+01  1.38751160e-02 
 1.28145422e+01  1.38806796e-02 
 1.28237633e+01  1.38862433e-02 
 1.28329844e+01  1.38918070e-02 
 1.28422055e+01  1.38973706e-02 
 1.28514266e+01  1.39029343e-02 
 1.28606477e+01  1.39084980e-02 
 1.28698688e+01  1.39140616e-02 
 1.28790899e+01  1.39196253e-02 
 1.28883109e+01  1.39251889e-02 
 1.28975320e+01  1.39307526e-02 
 1.29067531e+01  1.39363163e-02 
 1.29159742e+01  1.39418799e-02 
 1.29251953e+01  1.39474436e-02 
 1.29344164e+01  1.39530073e-02 
 1.29436375e+01  1.39585709e-02 
 1.29528586e+01  1.39641346e-02 
 1.29620796e+01  1.39696982e-02 
 1.29713007e+01  1.39752619e-02 
 1.29805218e+01  1.39808256e-02 
 1.29897429e+01  1.39863892e-02 
 1.29989640e+01  1.39919529e-02 
 1.30081851e+01  1.39975166e-02 
 1.30174062e+01  1.40030802e-02 
 1.30266273e+01  1.40086439e-02 
 1.30358483e+01  1.40142075e-02 
 1.30450694e+01  1.40197712e-02 
 1.30542905e+01  1.40253349e-02 
 1.30635116e+01  1.40308985e-02 
 1.30727327e+01  1.40364622e-02 
 1.30819538e+01  1.40420259e-02 
 1.30911749e+01  1.40475895e-02 
 1.31003959e+01  1.40531532e-02 
 1.31096170e+01  1.40587168e-02 
 1.31188381e+01  1.40642805e-02 
 1.31280592e+01  1.40698442e-02 
 1.31372803e+01  1.40754078e-02 
 1.31465014e+01  1.40809715e-02 
 1.31557225e+01  1.40865352e-02 
 1.31649436e+01  1.40920988e-02 
 1.31741646e+01  1.40976625e-02 
 1.31833857e+01  1.41032261e-02 
 1.31926068e+01  1.41087898e-02 
 1.32018279e+01  1.41143535e-02 
 1.32110490e+01  1.41199171e-02 
 1.32202701e+01  1.41254808e-02 
 1.32294912e+01  1.41310445e-02 
 1.32387123e+01  1.41366081e-02 
 1.32479333e+01  1.41421718e-02 
 1.32571544e+01  1.41477354e-02 
 1.32663755e+01  1.41532991e-02 
 1.32755966e+01  1.41588628e-02 
 1.32848177e+01  1.41644264e-02 
 1.32940388e+01  1.41699901e-02 
 1.33032599e+01  1.41755538e-02 
 1.33124810e+01  1.41811174e-02 
 1.33217020e+01  1.41866811e-02 
 1.33309231e+01  1.41922447e-02 
 1.33401442e+01  1.41978084e-02 
 1.33493653e+01  1.42033721e-02 
 1.33585864e+01  1.42089357e-02 
 1.33678075e+01  1.42144994e-02 
 1.33770286e+01  1.42200631e-02 
 1.33862497e+01  1.42256267e-02 
 1.33954707e+01  1.42311904e-02 
 1.34046918e+01  1.42367540e-02 
 1.34139129e+01  1.42423177e-02 
 1.34231340e+01  1.42478814e-02 
 1.34323551e+01  1.42534450e-02 
 1.34415762e+01  1.42590087e-02 
 1.34507973e+01  1.42645724e-02 
 1.34600184e+01  1.42701360e-02 
 1.34692394e+01  1.42756997e-02 
 1.34784605e+01  1.42812633e-02 
 1.34876816e+01  1.42868270e-02 
 1.34969027e+01  1.42923907e-02 
 1.35061238e+01  1.42979543e-02 
 1.35153449e+01  1.43035180e-02 
 1.35245660e+01  1.43090817e-02 
 1.35337870e+01  1.43146453e-02 
 1.35430081e+01  1.43202090e-02 
 1.35522292e+01  1.43257726e-02 
 1.35614503e+01  1.43313363e-02 
 1.35706714e+01  1.43369000e-02 
 1.35798925e+01  1.43424636e-02 
 1.35891136e+01  1.43480273e-02 
 1.35983347e+01  1.43535910e-02 
 1.36075557e+01  1.43591546e-02 
 1.36167768e+01  1.43647183e-02 
 1.36259979e+01  1.43702819e-02 
 1.36352190e+01  1.43758456e-02 
 1.36444401e+01  1.43814093e-02 
 1.36536612e+01  1.43869729e-02 
 1.36628823e+01  1.43925366e-02 
 1.36721034e+01  1.43981003e-02 
 1.36813244e+01  1.44036639e-02 
 1.36905455e+01  1.44092276e-02 
 1.36997666e+01  1.44147912e-02 
 1.37089877e+01  1.44203549e-02 
 1.37182088e+01  1.44259186e-02 
 1.37274299e+01  1.44314822e-02 
 1.37366510e+01  1.44370459e-02 
 1.37458721e+01  1.44426096e-02 
 1.37550931e+01  1.44481732e-02 
 1.37643142e+01  1.44537369e-02 
 1.37735353e+01  1.44593005e-02 
 1.37827564e+01  1.44648642e-02 
 1.37919775e+01  1.44704279e-02 
 1.38011986e+01  1.44759915e-02 
 1.38104197e+01  1.44815552e-02 
 1.38196408e+01  1.44871189e-02 
 1.38288618e+01  1.44926825e-02 
 1.38380829e+01  1.44982462e-02 
 1.38473040e+01  1.45038098e-02 
 1.38565251e+01  1.45093735e-02 
 1.38657462e+01  1.45149372e-02 
 1.38749673e+01  1.45205008e-02 
 1.38841884e+01  1.45260645e-02 
 1.38934095e+01  1.45316282e-02 
 1.39026305e+01  1.45371918e-02 
 1.39118516e+01  1.45427555e-02 
 1.39210727e+01  1.45483191e-02 
 1.39302938e+01  1.45538828e-02 
 1.39395149e+01  1.45594465e-02 
 1.39487360e+01  1.45650101e-02 
 1.39579571e+01  1.45705738e-02 
 1.39671781e+01  1.45761375e-02 
 1.39763992e+01  1.45817011e-02 
 1.39856203e+01  1.45872648e-02 
 1.39948414e+01  1.45928284e-02 
 1.40040625e+01  1.45983921e-02 
 1.40132836e+01  1.46039558e-02 
 1.40225047e+01  1.46095194e-02 
 1.40317258e+01  1.46150831e-02 
 1.40409468e+01  1.46206468e-02 
 1.40501679e+01  1.46262104e-02 
 1.40593890e+01  1.46317741e-02 
 1.40686101e+01  1.46373377e-02 
 1.40778312e+01  1.46429014e-02 
 1.40870523e+01  1.46484651e-02 
 1.40962734e+01  1.46540287e-02 
 1.41054945e+01  1.46595924e-02 
 1.41147155e+01  1.46651561e-02 
 1.41239366e+01  1.46707197e-02 
 1.41331577e+01  1.46762834e-02 
 1.41423788e+01  1.46818470e-02 
 1.41515999e+01  1.46874107e-02 
 1.41608210e+01  1.46929744e-02 
 1.41700421e+01  1.46985380e-02 
 1.41792632e+01  1.47041017e-02 
 1.41884842e+01  1.47096654e-02 
 1.41977053e+01  1.47152290e-02 
 1.42069264e+01  1.47207927e-02 
 1.42161475e+01  1.47263563e-02 
 1.42253686e+01  1.47319200e-02 
 1.42345897e+01  1.47374837e-02 
 1.42438108e+01  1.47430473e-02 
 1.42530319e+01  1.47486110e-02 
 1.42622529e+01  1.47541747e-02 
 1.42714740e+01  1.47597383e-02 
 1.42806951e+01  1.47653020e-02 
 1.42899162e+01  1.47708656e-02 
 1.42991373e+01  1.47764293e-02 
 1.43083584e+01  1.47819930e-02 
 1.43175795e+01  1.47875566e-02 
 1.43268006e+01  1.47931203e-02 
 1.43360216e+01  1.47986840e-02 
 1.43452427e+01  1.48042476e-02 
 1.43544638e+01  1.48098113e-02 
 1.43636849e+01  1.48153749e-02 
 1.43729060e+01  1.48209386e-02 
 1.43821271e+01  1.48265023e-02 
 1.43913482e+01  1.48320659e-02 
 1.44005692e+01  1.48376296e-02 
 1.44097903e+01  1.48431933e-02 
 1.44190114e+01  1.48487569e-02 
 1.44282325e+01  1.48543206e-02 
 1.44374536e+01  1.48598842e-02 
 1.44466747e+01  1.48654479e-02 
 1.44558958e+01  1.48710116e-02 
 1.44651169e+01  1.48765752e-02 
 1.44743379e+01  1.48821389e-02 
 1.44835590e+01  1.48877026e-02 
 1.44927801e+01  1.48932662e-02 
 1.45020012e+01  1.48988299e-02 
 1.45112223e+01  1.49043935e-02 
 1.45204434e+01  1.49099572e-02 
 1.45296645e+01  1.49155209e-02 
 1.45388856e+01  1.49210845e-02 
 1.45481066e+01  1.49266482e-02 
 1.45573277e+01  1.49322119e-02 
 1.45665488e+01  1.49377755e-02 
 1.45757699e+01  1.49433392e-02 
 1.45849910e+01  1.49489028e-02 
 1.45942121e+01  1.49544665e-02 
 1.46034332e+01  1.49600302e-02 
 1.46126543e+01  1.49655938e-02 
 1.46218753e+01  1.49711575e-02 
 1.46310964e+01  1.49767212e-02 
 1.46403175e+01  1.49822848e-02 
 1.46495386e+01  1.49878485e-02 
 1.46587597e+01  1.49934122e-02 
 1.46679808e+01  1.49989758e-02 
 1.46772019e+01  1.50045395e-02 
 1.46864230e+01  1.50101031e-02 
 1.46956440e+01  1.50156668e-02 
 1.47048651e+01  1.50212305e-02 
 1.47140862e+01  1.50267941e-02 
 1.47233073e+01  1.50323578e-02 
 1.47325284e+01  1.50379215e-02 
 1.47417495e+01  1.50434851e-02 
 1.47509706e+01  1.50490488e-02 
 1.47601917e+01  1.50546124e-02 
 1.47694127e+01  1.50601761e-02 
 1.47786338e+01  1.50657398e-02 
 1.47878549e+01  1.50713034e-02 
 1.47970760e+01  1.50768671e-02 
 1.48062971e+01  1.50824308e-02 
 1.48155182e+01  1.50879944e-02 
 1.48247393e+01  1.50935581e-02 
 1.48339604e+01  1.50991217e-02 
 1.48431814e+01  1.51046854e-02 
