-3.60273316e+00 -1.69168939e-02 
-3.60261063e+00 -1.68463133e-02 
-3.60249132e+00 -1.67757556e-02 
-3.60237196e+00 -1.67051982e-02 
-3.60225254e+00 -1.66346412e-02 
-3.60213304e+00 -1.65640847e-02 
-3.60201347e+00 -1.64935288e-02 
-3.60189383e+00 -1.64229733e-02 
-3.60177412e+00 -1.63524183e-02 
-3.60165434e+00 -1.62818639e-02 
-3.60153448e+00 -1.62113100e-02 
-3.60141455e+00 -1.61407566e-02 
-3.60129455e+00 -1.60702037e-02 
-3.60117447e+00 -1.59996513e-02 
-3.60105432e+00 -1.59290994e-02 
-3.60093410e+00 -1.58585481e-02 
-3.60081380e+00 -1.57879972e-02 
-3.60069343e+00 -1.57174469e-02 
-3.60057298e+00 -1.56468972e-02 
-3.60045246e+00 -1.55763479e-02 
-3.60033186e+00 -1.55057992e-02 
-3.60021119e+00 -1.54352510e-02 
-3.60009044e+00 -1.53647034e-02 
-3.59996962e+00 -1.52941562e-02 
-3.59984871e+00 -1.52236097e-02 
-3.59972774e+00 -1.51530636e-02 
-3.59960668e+00 -1.50825181e-02 
-3.59948555e+00 -1.50119732e-02 
-3.59936435e+00 -1.49414287e-02 
-3.59924306e+00 -1.48708849e-02 
-3.59912170e+00 -1.48003415e-02 
-3.59900026e+00 -1.47297988e-02 
-3.59887874e+00 -1.46592565e-02 
-3.59875714e+00 -1.45887149e-02 
-3.59863546e+00 -1.45181738e-02 
-3.59851371e+00 -1.44476332e-02 
-3.59839187e+00 -1.43770932e-02 
-3.59826995e+00 -1.43065538e-02 
-3.59814796e+00 -1.42360149e-02 
-3.59802588e+00 -1.41654766e-02 
-3.59790373e+00 -1.40949389e-02 
-3.59778149e+00 -1.40244017e-02 
-3.59765917e+00 -1.39538651e-02 
-3.59753678e+00 -1.38833291e-02 
-3.59741429e+00 -1.38127936e-02 
-3.59729173e+00 -1.37422587e-02 
-3.59716909e+00 -1.36717245e-02 
-3.59704636e+00 -1.36011907e-02 
-3.59692355e+00 -1.35306576e-02 
-3.59680066e+00 -1.34601251e-02 
-3.59667768e+00 -1.33895931e-02 
-3.59655462e+00 -1.33190618e-02 
-3.59643147e+00 -1.32485310e-02 
-3.59630825e+00 -1.31780008e-02 
-3.59618493e+00 -1.31074712e-02 
-3.59606153e+00 -1.30369423e-02 
-3.59593805e+00 -1.29664139e-02 
-3.59581448e+00 -1.28958861e-02 
-3.59569083e+00 -1.28253590e-02 
-3.59556709e+00 -1.27548324e-02 
-3.59544326e+00 -1.26843064e-02 
-3.59531934e+00 -1.26137811e-02 
-3.59519534e+00 -1.25432564e-02 
-3.59507126e+00 -1.24727323e-02 
-3.59494708e+00 -1.24022088e-02 
-3.59482281e+00 -1.23316859e-02 
-3.59469846e+00 -1.22611637e-02 
-3.59457402e+00 -1.21906421e-02 
-3.59444949e+00 -1.21201211e-02 
-3.59432487e+00 -1.20496007e-02 
-3.59420016e+00 -1.19790810e-02 
-3.59407536e+00 -1.19085619e-02 
-3.59395047e+00 -1.18380434e-02 
-3.59382549e+00 -1.17675256e-02 
-3.59370042e+00 -1.16970085e-02 
-3.59357526e+00 -1.16264919e-02 
-3.59345000e+00 -1.15559761e-02 
-3.59332466e+00 -1.14854608e-02 
-3.59319922e+00 -1.14149463e-02 
-3.59307368e+00 -1.13444323e-02 
-3.59294806e+00 -1.12739191e-02 
-3.59282234e+00 -1.12034065e-02 
-3.59269653e+00 -1.11328945e-02 
-3.59257062e+00 -1.10623833e-02 
-3.59244462e+00 -1.09918727e-02 
-3.59231853e+00 -1.09213627e-02 
-3.59219234e+00 -1.08508535e-02 
-3.59206605e+00 -1.07803449e-02 
-3.59193967e+00 -1.07098370e-02 
-3.59181319e+00 -1.06393297e-02 
-3.59168661e+00 -1.05688232e-02 
-3.59155994e+00 -1.04983173e-02 
-3.59143317e+00 -1.04278122e-02 
-3.59130631e+00 -1.03573077e-02 
-3.59117934e+00 -1.02868039e-02 
-3.59105228e+00 -1.02163008e-02 
-3.59092511e+00 -1.01457984e-02 
-3.59079785e+00 -1.00752967e-02 
-3.59067049e+00 -1.00047957e-02 
-3.59054303e+00 -9.93429546e-03 
-3.59041546e+00 -9.86379590e-03 
-3.59028780e+00 -9.79329705e-03 
-3.59016003e+00 -9.72279891e-03 
-3.59003217e+00 -9.65230149e-03 
-3.58990420e+00 -9.58180480e-03 
-3.58977613e+00 -9.51130883e-03 
-3.58964795e+00 -9.44081359e-03 
-3.58951968e+00 -9.37031907e-03 
-3.58939130e+00 -9.29982530e-03 
-3.58926281e+00 -9.22933226e-03 
-3.58913422e+00 -9.15883995e-03 
-3.58900553e+00 -9.08834839e-03 
-3.58887673e+00 -9.01785758e-03 
-3.58874782e+00 -8.94736751e-03 
-3.58861881e+00 -8.87687820e-03 
-3.58848969e+00 -8.80638964e-03 
-3.58836046e+00 -8.73590184e-03 
-3.58823113e+00 -8.66541480e-03 
-3.58810169e+00 -8.59492852e-03 
-3.58797214e+00 -8.52444301e-03 
-3.58784248e+00 -8.45395827e-03 
-3.58771271e+00 -8.38347431e-03 
-3.58758283e+00 -8.31299112e-03 
-3.58745285e+00 -8.24250871e-03 
-3.58732275e+00 -8.17202708e-03 
-3.58719254e+00 -8.10154624e-03 
-3.58706222e+00 -8.03106619e-03 
-3.58693178e+00 -7.96058693e-03 
-3.58680124e+00 -7.89010847e-03 
-3.58667058e+00 -7.81963081e-03 
-3.58653981e+00 -7.74915395e-03 
-3.58640892e+00 -7.67867790e-03 
-3.58627792e+00 -7.60820265e-03 
-3.58614681e+00 -7.53772822e-03 
-3.58601558e+00 -7.46725461e-03 
-3.58588423e+00 -7.39678182e-03 
-3.58575277e+00 -7.32630985e-03 
-3.58562119e+00 -7.25583870e-03 
-3.58548949e+00 -7.18536839e-03 
-3.58535768e+00 -7.11489891e-03 
-3.58522575e+00 -7.04443027e-03 
-3.58509370e+00 -6.97396247e-03 
-3.58496153e+00 -6.90349552e-03 
-3.58482924e+00 -6.83302941e-03 
-3.58469683e+00 -6.76256416e-03 
-3.58456430e+00 -6.69209976e-03 
-3.58443164e+00 -6.62163622e-03 
-3.58429887e+00 -6.55117355e-03 
-3.58416597e+00 -6.48071174e-03 
-3.58403295e+00 -6.41025080e-03 
-3.58389981e+00 -6.33979074e-03 
-3.58376654e+00 -6.26933156e-03 
-3.58363315e+00 -6.19887326e-03 
-3.58349963e+00 -6.12841584e-03 
-3.58336599e+00 -6.05795932e-03 
-3.58323222e+00 -5.98750369e-03 
-3.58309833e+00 -5.91704896e-03 
-3.58296431e+00 -5.84659513e-03 
-3.58283015e+00 -5.77614220e-03 
-3.58269588e+00 -5.70569019e-03 
-3.58256147e+00 -5.63523909e-03 
-3.58242693e+00 -5.56478891e-03 
-3.58229226e+00 -5.49433965e-03 
-3.58215747e+00 -5.42389132e-03 
-3.58202254e+00 -5.35344392e-03 
-3.58188748e+00 -5.28299745e-03 
-3.58175228e+00 -5.21255193e-03 
-3.58161696e+00 -5.14210734e-03 
-3.58148150e+00 -5.07166371e-03 
-3.58134590e+00 -5.00122102e-03 
-3.58121017e+00 -4.93077930e-03 
-3.58107431e+00 -4.86033853e-03 
-3.58093831e+00 -4.78989873e-03 
-3.58080217e+00 -4.71945990e-03 
-3.58066589e+00 -4.64902205e-03 
-3.58052948e+00 -4.57858517e-03 
-3.58039293e+00 -4.50814927e-03 
-3.58025624e+00 -4.43771437e-03 
-3.58011941e+00 -4.36728045e-03 
-3.57998243e+00 -4.29684754e-03 
-3.57984532e+00 -4.22641562e-03 
-3.57970807e+00 -4.15598471e-03 
-3.57957067e+00 -4.08555482e-03 
-3.57943313e+00 -4.01512593e-03 
-3.57929545e+00 -3.94469807e-03 
-3.57915762e+00 -3.87427124e-03 
-3.57901964e+00 -3.80384543e-03 
-3.57888153e+00 -3.73342066e-03 
-3.57874326e+00 -3.66299693e-03 
-3.57860485e+00 -3.59257425e-03 
-3.57846628e+00 -3.52215262e-03 
-3.57832757e+00 -3.45173204e-03 
-3.57818871e+00 -3.38131252e-03 
-3.57804971e+00 -3.31089407e-03 
-3.57791055e+00 -3.24047668e-03 
-3.57777123e+00 -3.17006038e-03 
-3.57763177e+00 -3.09964515e-03 
-3.57749215e+00 -3.02923101e-03 
-3.57735238e+00 -2.95881796e-03 
-3.57721246e+00 -2.88840601e-03 
-3.57707238e+00 -2.81799516e-03 
-3.57693214e+00 -2.74758542e-03 
-3.57679175e+00 -2.67717679e-03 
-3.57665119e+00 -2.60676928e-03 
-3.57651049e+00 -2.53636290e-03 
-3.57636962e+00 -2.46595764e-03 
-3.57622859e+00 -2.39555352e-03 
-3.57608740e+00 -2.32515054e-03 
-3.57594605e+00 -2.25474871e-03 
-3.57580454e+00 -2.18434803e-03 
-3.57566286e+00 -2.11394851e-03 
-3.57552102e+00 -2.04355015e-03 
-3.57537902e+00 -1.97315296e-03 
-3.57523685e+00 -1.90275695e-03 
-3.57509451e+00 -1.83236212e-03 
-3.57495201e+00 -1.76196847e-03 
-3.57480934e+00 -1.69157602e-03 
-3.57466650e+00 -1.62118477e-03 
-3.57452349e+00 -1.55079473e-03 
-3.57438031e+00 -1.48040590e-03 
-3.57423696e+00 -1.41001829e-03 
-3.57409343e+00 -1.33963190e-03 
-3.57394973e+00 -1.26924674e-03 
-3.57380586e+00 -1.19886282e-03 
-3.57366181e+00 -1.12848015e-03 
-3.57351759e+00 -1.05809872e-03 
-3.57337319e+00 -9.87718554e-04 
-3.57322861e+00 -9.17339649e-04 
-3.57308386e+00 -8.46962014e-04 
-3.57293892e+00 -7.76585656e-04 
-3.57279381e+00 -7.06210582e-04 
-3.57264851e+00 -6.35836797e-04 
-3.57250303e+00 -5.65464310e-04 
-3.57235736e+00 -4.95093127e-04 
-3.57221152e+00 -4.24723256e-04 
-3.57206548e+00 -3.54354702e-04 
-3.57191926e+00 -2.83987473e-04 
-3.57177285e+00 -2.13621576e-04 
-3.57162626e+00 -1.43257019e-04 
-3.57147947e+00 -7.28938079e-05 
-3.57133250e+00 -2.53195111e-06 
-3.57118533e+00  6.78285445e-05 
-3.57103797e+00  1.38187671e-04 
-3.57089042e+00  2.08545422e-04 
-3.57074267e+00  2.78901789e-04 
-3.57059472e+00  3.49256765e-04 
-3.57044658e+00  4.19610342e-04 
-3.57029825e+00  4.89962513e-04 
-3.57014971e+00  5.60313269e-04 
-3.57000097e+00  6.30662603e-04 
-3.56985203e+00  7.01010506e-04 
-3.56970289e+00  7.71356972e-04 
-3.56955355e+00  8.41701991e-04 
-3.56940400e+00  9.12045556e-04 
-3.56925425e+00  9.82387659e-04 
-3.56910429e+00  1.05272829e-03 
-3.56895412e+00  1.12306744e-03 
-3.56880374e+00  1.19340511e-03 
-3.56865315e+00  1.26374128e-03 
-3.56850235e+00  1.33407594e-03 
-3.56835134e+00  1.40440910e-03 
-3.56820012e+00  1.47474073e-03 
-3.56804868e+00  1.54507083e-03 
-3.56789702e+00  1.61539939e-03 
-3.56774514e+00  1.68572640e-03 
-3.56759305e+00  1.75605186e-03 
-3.56744074e+00  1.82637575e-03 
-3.56728820e+00  1.89669806e-03 
-3.56713544e+00  1.96701879e-03 
-3.56698246e+00  2.03733793e-03 
-3.56682925e+00  2.10765546e-03 
-3.56667582e+00  2.17797138e-03 
-3.56652216e+00  2.24828568e-03 
-3.56636827e+00  2.31859835e-03 
-3.56621414e+00  2.38890937e-03 
-3.56605979e+00  2.45921874e-03 
-3.56590520e+00  2.52952646e-03 
-3.56575038e+00  2.59983250e-03 
-3.56559532e+00  2.67013686e-03 
-3.56544003e+00  2.74043953e-03 
-3.56528449e+00  2.81074049e-03 
-3.56512872e+00  2.88103975e-03 
-3.56497270e+00  2.95133728e-03 
-3.56481644e+00  3.02163308e-03 
-3.56465993e+00  3.09192714e-03 
-3.56450318e+00  3.16221944e-03 
-3.56434618e+00  3.23250998e-03 
-3.56418893e+00  3.30279874e-03 
-3.56403143e+00  3.37308572e-03 
-3.56387368e+00  3.44337089e-03 
-3.56371567e+00  3.51365426e-03 
-3.56355741e+00  3.58393581e-03 
-3.56339889e+00  3.65421552e-03 
-3.56324011e+00  3.72449339e-03 
-3.56308107e+00  3.79476941e-03 
-3.56292177e+00  3.86504356e-03 
-3.56276220e+00  3.93531583e-03 
-3.56260237e+00  4.00558621e-03 
-3.56244227e+00  4.07585469e-03 
-3.56228190e+00  4.14612125e-03 
-3.56212126e+00  4.21638588e-03 
-3.56196035e+00  4.28664858e-03 
-3.56179917e+00  4.35690932e-03 
-3.56163771e+00  4.42716810e-03 
-3.56147597e+00  4.49742489e-03 
-3.56131395e+00  4.56767970e-03 
-3.56115165e+00  4.63793251e-03 
-3.56098907e+00  4.70818329e-03 
-3.56082620e+00  4.77843205e-03 
-3.56066305e+00  4.84867877e-03 
-3.56049961e+00  4.91892342e-03 
-3.56033587e+00  4.98916601e-03 
-3.56017184e+00  5.05940651e-03 
-3.56000752e+00  5.12964491e-03 
-3.55984291e+00  5.19988119e-03 
-3.55967799e+00  5.27011535e-03 
-3.55951277e+00  5.34034737e-03 
-3.55934725e+00  5.41057723e-03 
-3.55918143e+00  5.48080493e-03 
-3.55901530e+00  5.55103043e-03 
-3.55884885e+00  5.62125373e-03 
-3.55868210e+00  5.69147482e-03 
-3.55851504e+00  5.76169368e-03 
-3.55834766e+00  5.83191029e-03 
-3.55817996e+00  5.90212464e-03 
-3.55801194e+00  5.97233671e-03 
-3.55784360e+00  6.04254648e-03 
-3.55767494e+00  6.11275395e-03 
-3.55750595e+00  6.18295908e-03 
-3.55733663e+00  6.25316188e-03 
-3.55716698e+00  6.32336231e-03 
-3.55699700e+00  6.39356037e-03 
-3.55682668e+00  6.46375603e-03 
-3.55665602e+00  6.53394929e-03 
-3.55648502e+00  6.60414011e-03 
-3.55631368e+00  6.67432849e-03 
-3.55614199e+00  6.74451441e-03 
-3.55596996e+00  6.81469784e-03 
-3.55579757e+00  6.88487878e-03 
-3.55562483e+00  6.95505719e-03 
-3.55545174e+00  7.02523307e-03 
-3.55527828e+00  7.09540640e-03 
-3.55510447e+00  7.16557715e-03 
-3.55493029e+00  7.23574531e-03 
-3.55475575e+00  7.30591085e-03 
-3.55458083e+00  7.37607376e-03 
-3.55440554e+00  7.44623402e-03 
-3.55422988e+00  7.51639161e-03 
-3.55405384e+00  7.58654651e-03 
-3.55387742e+00  7.65669869e-03 
-3.55370062e+00  7.72684814e-03 
-3.55352343e+00  7.79699483e-03 
-3.55334585e+00  7.86713875e-03 
-3.55316788e+00  7.93727987e-03 
-3.55298951e+00  8.00741818e-03 
-3.55281075e+00  8.07755364e-03 
-3.55263158e+00  8.14768624e-03 
-3.55245201e+00  8.21781595e-03 
-3.55227203e+00  8.28794276e-03 
-3.55209164e+00  8.35806663e-03 
-3.55191084e+00  8.42818755e-03 
-3.55172962e+00  8.49830549e-03 
-3.55154797e+00  8.56842043e-03 
-3.55136590e+00  8.63853235e-03 
-3.55118341e+00  8.70864121e-03 
-3.55100048e+00  8.77874700e-03 
-3.55081712e+00  8.84884969e-03 
-3.55063332e+00  8.91894926e-03 
-3.55044908e+00  8.98904567e-03 
-3.55026439e+00  9.05913891e-03 
-3.55007926e+00  9.12922894e-03 
-3.54989367e+00  9.19931575e-03 
-3.54970763e+00  9.26939929e-03 
-3.54952112e+00  9.33947956e-03 
-3.54933415e+00  9.40955651e-03 
-3.54914671e+00  9.47963013e-03 
-3.54895880e+00  9.54970038e-03 
-3.54877042e+00  9.61976723e-03 
-3.54858155e+00  9.68983066e-03 
-3.54839220e+00  9.75989063e-03 
-3.54820236e+00  9.82994712e-03 
-3.54801203e+00  9.90000010e-03 
-3.54782120e+00  9.97004953e-03 
-3.54762987e+00  1.00400954e-02 
-3.54743804e+00  1.01101376e-02 
-3.54724569e+00  1.01801763e-02 
-3.54705283e+00  1.02502112e-02 
-3.54685945e+00  1.03202424e-02 
-3.54666555e+00  1.03902699e-02 
-3.54647112e+00  1.04602937e-02 
-3.54627615e+00  1.05303136e-02 
-3.54608065e+00  1.06003297e-02 
-3.54588461e+00  1.06703419e-02 
-3.54568802e+00  1.07403502e-02 
-3.54549087e+00  1.08103546e-02 
-3.54529317e+00  1.08803550e-02 
-3.54509490e+00  1.09503514e-02 
-3.54489607e+00  1.10203437e-02 
-3.54469666e+00  1.10903320e-02 
-3.54449668e+00  1.11603161e-02 
-3.54429611e+00  1.12302960e-02 
-3.54409495e+00  1.13002717e-02 
-3.54389319e+00  1.13702432e-02 
-3.54369084e+00  1.14402104e-02 
-3.54348788e+00  1.15101733e-02 
-3.54328430e+00  1.15801318e-02 
-3.54308011e+00  1.16500859e-02 
-3.54287529e+00  1.17200355e-02 
-3.54266985e+00  1.17899806e-02 
-3.54246376e+00  1.18599212e-02 
-3.54225704e+00  1.19298572e-02 
-3.54204966e+00  1.19997886e-02 
-3.54184163e+00  1.20697153e-02 
-3.54163294e+00  1.21396373e-02 
-3.54142357e+00  1.22095545e-02 
-3.54121353e+00  1.22794668e-02 
-3.54100281e+00  1.23493744e-02 
-3.54079141e+00  1.24192769e-02 
-3.54057930e+00  1.24891746e-02 
-3.54036649e+00  1.25590672e-02 
-3.54015297e+00  1.26289547e-02 
-3.53993873e+00  1.26988371e-02 
-3.53972377e+00  1.27687143e-02 
-3.53950807e+00  1.28385863e-02 
-3.53929163e+00  1.29084530e-02 
-3.53907445e+00  1.29783144e-02 
-3.53885650e+00  1.30481703e-02 
-3.53863779e+00  1.31180208e-02 
-3.53841831e+00  1.31878658e-02 
-3.53819805e+00  1.32577052e-02 
-3.53797700e+00  1.33275390e-02 
-3.53775515e+00  1.33973670e-02 
-3.53753249e+00  1.34671893e-02 
-3.53730901e+00  1.35370058e-02 
-3.53708471e+00  1.36068164e-02 
-3.53685958e+00  1.36766210e-02 
-3.53663360e+00  1.37464196e-02 
-3.53640677e+00  1.38162121e-02 
-3.53617907e+00  1.38859985e-02 
-3.53595050e+00  1.39557786e-02 
-3.53572105e+00  1.40255524e-02 
-3.53549070e+00  1.40953198e-02 
-3.53525946e+00  1.41650808e-02 
-3.53502729e+00  1.42348353e-02 
-3.53479420e+00  1.43045831e-02 
-3.53456018e+00  1.43743243e-02 
-3.53432521e+00  1.44440587e-02 
-3.53408928e+00  1.45137863e-02 
-3.53385238e+00  1.45835069e-02 
-3.53361450e+00  1.46532206e-02 
-3.53337563e+00  1.47229271e-02 
-3.53313575e+00  1.47926265e-02 
-3.53289485e+00  1.48623186e-02 
-3.53265292e+00  1.49320033e-02 
-3.53240995e+00  1.50016806e-02 
-3.53216592e+00  1.50713504e-02 
-3.53192082e+00  1.51410125e-02 
-3.53167464e+00  1.52106669e-02 
-3.53142736e+00  1.52803134e-02 
-3.53117897e+00  1.53499520e-02 
-3.53092945e+00  1.54195826e-02 
-3.53067880e+00  1.54892050e-02 
-3.53042698e+00  1.55588192e-02 
-3.53017400e+00  1.56284250e-02 
-3.52991983e+00  1.56980223e-02 
-3.52966446e+00  1.57676111e-02 
-3.52940787e+00  1.58371912e-02 
-3.52915004e+00  1.59067624e-02 
-3.52889097e+00  1.59763247e-02 
-3.52863062e+00  1.60458780e-02 
-3.52836899e+00  1.61154221e-02 
-3.52810606e+00  1.61849568e-02 
-3.52784180e+00  1.62544821e-02 
-3.52757620e+00  1.63239979e-02 
-3.52730924e+00  1.63935039e-02 
-3.52704090e+00  1.64630001e-02 
-3.52677117e+00  1.65324863e-02 
-3.52650001e+00  1.66019623e-02 
-3.52622741e+00  1.66714281e-02 
-3.52595335e+00  1.67408834e-02 
-3.52567781e+00  1.68103282e-02 
-3.52540077e+00  1.68797622e-02 
-3.52512219e+00  1.69491853e-02 
-3.52484207e+00  1.70185973e-02 
-3.52456037e+00  1.70879981e-02 
-3.52427707e+00  1.71573874e-02 
-3.52399215e+00  1.72267652e-02 
-3.52370558e+00  1.72961312e-02 
-3.52341733e+00  1.73654852e-02 
-3.52312739e+00  1.74348271e-02 
-3.52283571e+00  1.75041567e-02 
-3.52254229e+00  1.75734737e-02 
-3.52224707e+00  1.76427779e-02 
-3.52195004e+00  1.77120693e-02 
-3.52165117e+00  1.77813474e-02 
-3.52135043e+00  1.78506122e-02 
-3.52104778e+00  1.79198634e-02 
-3.52074320e+00  1.79891007e-02 
-3.52043664e+00  1.80583240e-02 
-3.52012808e+00  1.81275329e-02 
-3.51981748e+00  1.81967273e-02 
-3.51950481e+00  1.82659069e-02 
-3.51919003e+00  1.83350714e-02 
-3.51887310e+00  1.84042206e-02 
-3.51855398e+00  1.84733542e-02 
-3.51823264e+00  1.85424719e-02 
-3.51790903e+00  1.86115733e-02 
-3.51758311e+00  1.86806584e-02 
-3.51725485e+00  1.87497266e-02 
-3.51692419e+00  1.88187777e-02 
-3.51659109e+00  1.88878114e-02 
-3.51625551e+00  1.89568274e-02 
-3.51591739e+00  1.90258253e-02 
-3.51557669e+00  1.90948047e-02 
-3.51523336e+00  1.91637653e-02 
-3.51488734e+00  1.92327068e-02 
-3.51453859e+00  1.93016287e-02 
-3.51418704e+00  1.93705306e-02 
-3.51383264e+00  1.94394122e-02 
-3.51347534e+00  1.95082731e-02 
-3.51311506e+00  1.95771127e-02 
-3.51275176e+00  1.96459307e-02 
-3.51238536e+00  1.97147266e-02 
-3.51201580e+00  1.97834999e-02 
-3.51164301e+00  1.98522501e-02 
-3.51126692e+00  1.99209768e-02 
-3.51088747e+00  1.99896794e-02 
-3.51050456e+00  2.00583574e-02 
-3.51011813e+00  2.01270103e-02 
-3.50972810e+00  2.01956373e-02 
-3.50933438e+00  2.02642381e-02 
-3.50893688e+00  2.03328119e-02 
-3.50853553e+00  2.04013581e-02 
-3.50813022e+00  2.04698762e-02 
-3.50772087e+00  2.05383652e-02 
-3.50730737e+00  2.06068247e-02 
-3.50688962e+00  2.06752539e-02 
-3.50646752e+00  2.07436519e-02 
-3.50604096e+00  2.08120181e-02 
-3.50560981e+00  2.08803516e-02 
-3.50517398e+00  2.09486515e-02 
-3.50473332e+00  2.10169171e-02 
-3.50428773e+00  2.10851473e-02 
-3.50383705e+00  2.11533413e-02 
-3.50338116e+00  2.12214980e-02 
-3.50291992e+00  2.12896165e-02 
-3.50245316e+00  2.13576956e-02 
-3.50198075e+00  2.14257343e-02 
-3.50150251e+00  2.14937314e-02 
-3.50101829e+00  2.15616858e-02 
-3.50052789e+00  2.16295961e-02 
-3.50003114e+00  2.16974610e-02 
-3.49952786e+00  2.17652792e-02 
-3.49901783e+00  2.18330492e-02 
-3.49850085e+00  2.19007696e-02 
-3.49797670e+00  2.19684388e-02 
-3.49744515e+00  2.20360552e-02 
-3.49690597e+00  2.21036170e-02 
-3.49635889e+00  2.21711224e-02 
-3.49580366e+00  2.22385697e-02 
-3.49524000e+00  2.23059567e-02 
-3.49466762e+00  2.23732814e-02 
-3.49408621e+00  2.24405416e-02 
-3.49349546e+00  2.25077351e-02 
-3.49289502e+00  2.25748595e-02 
-3.49228454e+00  2.26419121e-02 
-3.49166364e+00  2.27088902e-02 
-3.49103193e+00  2.27757912e-02 
-3.49038898e+00  2.28426119e-02 
-3.48973436e+00  2.29093492e-02 
-3.48906759e+00  2.29759998e-02 
-3.48838818e+00  2.30425601e-02 
-3.48769560e+00  2.31090264e-02 
-3.48698930e+00  2.31753946e-02 
-3.48626867e+00  2.32416605e-02 
-3.48553309e+00  2.33078197e-02 
-3.48478189e+00  2.33738672e-02 
-3.48401435e+00  2.34397981e-02 
-3.48322970e+00  2.35056068e-02 
-3.48242713e+00  2.35712874e-02 
-3.48160576e+00  2.36368339e-02 
-3.48076465e+00  2.37022393e-02 
-3.47990280e+00  2.37674966e-02 
-3.47901913e+00  2.38325981e-02 
-3.47811247e+00  2.38975354e-02 
-3.47718158e+00  2.39622996e-02 
-3.47622509e+00  2.40268810e-02 
-3.47524155e+00  2.40912692e-02 
-3.47422937e+00  2.41554529e-02 
-3.47318685e+00  2.42194199e-02 
-3.47211211e+00  2.42831568e-02 
-3.47100312e+00  2.43466491e-02 
-3.46985768e+00  2.44098811e-02 
-3.46867337e+00  2.44728355e-02 
-3.46744755e+00  2.45354934e-02 
-3.46617732e+00  2.45978342e-02 
-3.46485949e+00  2.46598350e-02 
-3.46349057e+00  2.47214710e-02 
-3.46206670e+00  2.47827146e-02 
-3.46058361e+00  2.48435352e-02 
-3.45903659e+00  2.49038993e-02 
-3.45742041e+00  2.49637696e-02 
-3.45572928e+00  2.50231046e-02 
-3.45395675e+00  2.50818583e-02 
-3.45209567e+00  2.51399796e-02 
-3.45013807e+00  2.51974116e-02 
-3.44807509e+00  2.52540911e-02 
-3.44589688e+00  2.53099479e-02 
-3.44359255e+00  2.53649039e-02 
-3.44115002e+00  2.54188730e-02 
-3.43855605e+00  2.54717608e-02 
-3.43579617e+00  2.55234638e-02 
-3.43285480e+00  2.55738708e-02 
-3.42971534e+00  2.56228634e-02 
-3.42636056e+00  2.56703184e-02 
-3.42277304e+00  2.57161115e-02 
-3.41893593e+00  2.57601223e-02 
-3.41483392e+00  2.58022417e-02 
-3.41045447e+00  2.58423800e-02 
-3.40578912e+00  2.58804768e-02 
-3.40083480e+00  2.59165104e-02 
-3.39559483e+00  2.59505044e-02 
-3.39007933e+00  2.59825310e-02 
-3.38430492e+00  2.60127090e-02 
-3.37829365e+00  2.60411958e-02 
-3.37207132e+00  2.60681758e-02 
-3.36566561e+00  2.60938464e-02 
-3.35910415e+00  2.61184050e-02 
-3.35241311e+00  2.61420385e-02 
-3.34561613e+00  2.61649156e-02 
-3.33873381e+00  2.61871835e-02 
-3.33178358e+00  2.62089665e-02 
-3.32477984e+00  2.62303675e-02 
-3.31773427e+00  2.62514699e-02 
-3.31065620e+00  2.62723403e-02 
-3.30355300e+00  2.62930313e-02 
-3.29643043e+00  2.63135841e-02 
-3.28929300e+00  2.63340307e-02 
-3.28214416e+00  2.63543959e-02 
-3.27498660e+00  2.63746988e-02 
-3.26782237e+00  2.63949542e-02 
-3.26065304e+00  2.64151732e-02 
-3.25347982e+00  2.64353644e-02 
-3.24630364e+00  2.64555344e-02 
-3.23912519e+00  2.64756883e-02 
-3.23194501e+00  2.64958298e-02 
-3.22476351e+00  2.65159620e-02 
-3.21758101e+00  2.65360870e-02 
-3.21039775e+00  2.65562064e-02 
-3.20321389e+00  2.65763218e-02 
-3.19602959e+00  2.65964339e-02 
-3.18884495e+00  2.66165436e-02 
-3.18166005e+00  2.66366514e-02 
-3.17447495e+00  2.66567578e-02 
-3.16728970e+00  2.66768632e-02 
-3.16010433e+00  2.66969677e-02 
-3.15291887e+00  2.67170715e-02 
-3.14573334e+00  2.67371749e-02 
-3.13854776e+00  2.67572779e-02 
-3.13136215e+00  2.67773806e-02 
-3.12417650e+00  2.67974831e-02 
-3.11699082e+00  2.68175855e-02 
-3.10980513e+00  2.68376877e-02 
-3.10261943e+00  2.68577898e-02 
-3.09543371e+00  2.68778918e-02 
-3.08824799e+00  2.68979938e-02 
-3.08106226e+00  2.69180957e-02 
-3.07387652e+00  2.69381976e-02 
-3.06669078e+00  2.69582995e-02 
-3.05950504e+00  2.69784013e-02 
-3.05231930e+00  2.69985031e-02 
-3.04513355e+00  2.70186050e-02 
-3.03794781e+00  2.70387068e-02 
-3.03076206e+00  2.70588086e-02 
-3.02357631e+00  2.70789104e-02 
-3.01639056e+00  2.70990122e-02 
-3.00920481e+00  2.71191139e-02 
-3.00201906e+00  2.71392157e-02 
-2.99483331e+00  2.71593175e-02 
-2.98764756e+00  2.71794193e-02 
-2.98046181e+00  2.71995211e-02 
-2.97327606e+00  2.72196228e-02 
-2.96609031e+00  2.72397246e-02 
-2.95890455e+00  2.72598264e-02 
-2.95171880e+00  2.72799282e-02 
-2.94453305e+00  2.73000300e-02 
-2.93734730e+00  2.73201317e-02 
-2.93016155e+00  2.73402335e-02 
-2.92297580e+00  2.73603353e-02 
-2.91579005e+00  2.73804371e-02 
-2.90860430e+00  2.74005388e-02 
-2.90141854e+00  2.74206406e-02 
-2.89423279e+00  2.74407424e-02 
-2.88704704e+00  2.74608442e-02 
-2.87986129e+00  2.74809459e-02 
-2.87267554e+00  2.75010477e-02 
-2.86548979e+00  2.75211495e-02 
-2.85830404e+00  2.75412513e-02 
-2.85111828e+00  2.75613530e-02 
-2.84393253e+00  2.75814548e-02 
-2.83674678e+00  2.76015566e-02 
-2.82956103e+00  2.76216584e-02 
-2.82237528e+00  2.76417601e-02 
-2.81518953e+00  2.76618619e-02 
-2.80800377e+00  2.76819637e-02 
-2.80081802e+00  2.77020655e-02 
-2.79363227e+00  2.77221672e-02 
-2.78644652e+00  2.77422690e-02 
-2.77926077e+00  2.77623708e-02 
-2.77207502e+00  2.77824726e-02 
-2.76488927e+00  2.78025743e-02 
-2.75770351e+00  2.78226761e-02 
-2.75051776e+00  2.78427779e-02 
-2.74333201e+00  2.78628797e-02 
-2.73614626e+00  2.78829814e-02 
-2.72896051e+00  2.79030832e-02 
-2.72177476e+00  2.79231850e-02 
-2.71458901e+00  2.79432868e-02 
-2.70740325e+00  2.79633885e-02 
-2.70021750e+00  2.79834903e-02 
-2.69303175e+00  2.80035921e-02 
-2.68584600e+00  2.80236939e-02 
-2.67866025e+00  2.80437956e-02 
-2.67147450e+00  2.80638974e-02 
-2.66428875e+00  2.80839992e-02 
-2.65710299e+00  2.81041010e-02 
-2.64991724e+00  2.81242027e-02 
-2.64273149e+00  2.81443045e-02 
-2.63554574e+00  2.81644063e-02 
-2.62835999e+00  2.81845081e-02 
-2.62117424e+00  2.82046098e-02 
-2.61398848e+00  2.82247116e-02 
-2.60680273e+00  2.82448134e-02 
-2.59961698e+00  2.82649152e-02 
-2.59243123e+00  2.82850169e-02 
-2.58524548e+00  2.83051187e-02 
-2.57805973e+00  2.83252205e-02 
-2.57087398e+00  2.83453223e-02 
-2.56368822e+00  2.83654240e-02 
-2.55650247e+00  2.83855258e-02 
-2.54931672e+00  2.84056276e-02 
-2.54213097e+00  2.84257294e-02 
-2.53494522e+00  2.84458311e-02 
-2.52775947e+00  2.84659329e-02 
-2.52057372e+00  2.84860347e-02 
-2.51338796e+00  2.85061365e-02 
-2.50620221e+00  2.85262382e-02 
-2.49901646e+00  2.85463400e-02 
-2.49183071e+00  2.85664418e-02 
-2.48464496e+00  2.85865436e-02 
-2.47745921e+00  2.86066454e-02 
-2.47027346e+00  2.86267471e-02 
-2.46308770e+00  2.86468489e-02 
-2.45590195e+00  2.86669507e-02 
-2.44871620e+00  2.86870525e-02 
-2.44153045e+00  2.87071542e-02 
-2.43434470e+00  2.87272560e-02 
-2.42715895e+00  2.87473578e-02 
-2.41997320e+00  2.87674596e-02 
-2.41278744e+00  2.87875613e-02 
-2.40560169e+00  2.88076631e-02 
-2.39841594e+00  2.88277649e-02 
-2.39123019e+00  2.88478667e-02 
-2.38404444e+00  2.88679684e-02 
-2.37685869e+00  2.88880702e-02 
-2.36967293e+00  2.89081720e-02 
-2.36248718e+00  2.89282738e-02 
-2.35530143e+00  2.89483755e-02 
-2.34811568e+00  2.89684773e-02 
-2.34092993e+00  2.89885791e-02 
-2.33374418e+00  2.90086809e-02 
-2.32655843e+00  2.90287826e-02 
-2.31937267e+00  2.90488844e-02 
-2.31218692e+00  2.90689862e-02 
-2.30500117e+00  2.90890880e-02 
-2.29781542e+00  2.91091897e-02 
-2.29062967e+00  2.91292915e-02 
-2.28344392e+00  2.91493933e-02 
-2.27625817e+00  2.91694951e-02 
-2.26907241e+00  2.91895968e-02 
-2.26188666e+00  2.92096986e-02 
-2.25470091e+00  2.92298004e-02 
-2.24751516e+00  2.92499022e-02 
-2.24032941e+00  2.92700039e-02 
-2.23314366e+00  2.92901057e-02 
-2.22595791e+00  2.93102075e-02 
-2.21877215e+00  2.93303093e-02 
-2.21158640e+00  2.93504110e-02 
-2.20440065e+00  2.93705128e-02 
-2.19721490e+00  2.93906146e-02 
-2.19002915e+00  2.94107164e-02 
-2.18284340e+00  2.94308181e-02 
-2.17565765e+00  2.94509199e-02 
-2.16847189e+00  2.94710217e-02 
-2.16128614e+00  2.94911235e-02 
-2.15410039e+00  2.95112252e-02 
-2.14691464e+00  2.95313270e-02 
-2.13972889e+00  2.95514288e-02 
-2.13254314e+00  2.95715306e-02 
-2.12535738e+00  2.95916323e-02 
-2.11817163e+00  2.96117341e-02 
-2.11098588e+00  2.96318359e-02 
-2.10380013e+00  2.96519377e-02 
-2.09661438e+00  2.96720394e-02 
-2.08942863e+00  2.96921412e-02 
-2.08224288e+00  2.97122430e-02 
-2.07505712e+00  2.97323448e-02 
-2.06787137e+00  2.97524465e-02 
-2.06068562e+00  2.97725483e-02 
-2.05349987e+00  2.97926501e-02 
-2.04631412e+00  2.98127519e-02 
-2.03912837e+00  2.98328536e-02 
-2.03194262e+00  2.98529554e-02 
-2.02475686e+00  2.98730572e-02 
-2.01757111e+00  2.98931590e-02 
-2.01038536e+00  2.99132607e-02 
-2.00319961e+00  2.99333625e-02 
-1.99601386e+00  2.99534643e-02 
-1.98882811e+00  2.99735661e-02 
-1.98164236e+00  2.99936678e-02 
-1.97445660e+00  3.00137696e-02 
-1.96727085e+00  3.00338714e-02 
-1.96008510e+00  3.00539732e-02 
-1.95289935e+00  3.00740749e-02 
-1.94571360e+00  3.00941767e-02 
-1.93852785e+00  3.01142785e-02 
-1.93134209e+00  3.01343803e-02 
-1.92415634e+00  3.01544820e-02 
-1.91697059e+00  3.01745838e-02 
-1.90978484e+00  3.01946856e-02 
-1.90259909e+00  3.02147874e-02 
-1.89541334e+00  3.02348891e-02 
-1.88822759e+00  3.02549909e-02 
-1.88104183e+00  3.02750927e-02 
-1.87385608e+00  3.02951945e-02 
-1.86667033e+00  3.03152962e-02 
-1.85948458e+00  3.03353980e-02 
-1.85229883e+00  3.03554998e-02 
-1.84511308e+00  3.03756016e-02 
-1.83792733e+00  3.03957033e-02 
-1.83074157e+00  3.04158051e-02 
-1.82355582e+00  3.04359069e-02 
-1.81637007e+00  3.04560087e-02 
-1.80918432e+00  3.04761104e-02 
-1.80199857e+00  3.04962122e-02 
-1.79481282e+00  3.05163140e-02 
-1.78762707e+00  3.05364158e-02 
-1.78044131e+00  3.05565175e-02 
-1.77325556e+00  3.05766193e-02 
-1.76606981e+00  3.05967211e-02 
-1.75888406e+00  3.06168229e-02 
-1.75169831e+00  3.06369246e-02 
-1.74451256e+00  3.06570264e-02 
-1.73732681e+00  3.06771282e-02 
-1.73014105e+00  3.06972300e-02 
-1.72295530e+00  3.07173317e-02 
-1.71576955e+00  3.07374335e-02 
-1.70858380e+00  3.07575353e-02 
-1.70139805e+00  3.07776371e-02 
-1.69421230e+00  3.07977388e-02 
-1.68702654e+00  3.08178406e-02 
-1.67984079e+00  3.08379424e-02 
-1.67265504e+00  3.08580442e-02 
-1.66546929e+00  3.08781459e-02 
-1.65828354e+00  3.08982477e-02 
-1.65109779e+00  3.09183495e-02 
-1.64391204e+00  3.09384513e-02 
-1.63672628e+00  3.09585530e-02 
-1.62954053e+00  3.09786548e-02 
-1.62235478e+00  3.09987566e-02 
-1.61516903e+00  3.10188584e-02 
-1.60798328e+00  3.10389601e-02 
-1.60079753e+00  3.10590619e-02 
-1.59361178e+00  3.10791637e-02 
-1.58642602e+00  3.10992655e-02 
-1.57924027e+00  3.11193672e-02 
-1.57205452e+00  3.11394690e-02 
-1.56486877e+00  3.11595708e-02 
-1.55768302e+00  3.11796726e-02 
-1.55049727e+00  3.11997743e-02 
-1.54331152e+00  3.12198761e-02 
-1.53612576e+00  3.12399779e-02 
-1.52894001e+00  3.12600797e-02 
-1.52175426e+00  3.12801815e-02 
-1.51456851e+00  3.13002832e-02 
-1.50738276e+00  3.13203850e-02 
-1.50019701e+00  3.13404868e-02 
-1.49301126e+00  3.13605886e-02 
-1.48582550e+00  3.13806903e-02 
-1.47863975e+00  3.14007921e-02 
-1.47145400e+00  3.14208939e-02 
-1.46426825e+00  3.14409957e-02 
-1.45708250e+00  3.14610974e-02 
-1.44989675e+00  3.14811992e-02 
-1.44271099e+00  3.15013010e-02 
-1.43552524e+00  3.15214028e-02 
-1.42833949e+00  3.15415045e-02 
-1.42115374e+00  3.15616063e-02 
-1.41396799e+00  3.15817081e-02 
-1.40678224e+00  3.16018099e-02 
-1.39959649e+00  3.16219116e-02 
-1.39241073e+00  3.16420134e-02 
-1.38522498e+00  3.16621152e-02 
-1.37803923e+00  3.16822170e-02 
-1.37085348e+00  3.17023187e-02 
-1.36366773e+00  3.17224205e-02 
-1.35648198e+00  3.17425223e-02 
-1.34929623e+00  3.17626241e-02 
-1.34211047e+00  3.17827258e-02 
-1.33492472e+00  3.18028276e-02 
-1.32773897e+00  3.18229294e-02 
-1.32055322e+00  3.18430312e-02 
-1.31336747e+00  3.18631329e-02 
-1.30618172e+00  3.18832347e-02 
-1.29899597e+00  3.19033365e-02 
-1.29181021e+00  3.19234383e-02 
-1.28462446e+00  3.19435400e-02 
-1.27743871e+00  3.19636418e-02 
-1.27025296e+00  3.19837436e-02 
-1.26306721e+00  3.20038454e-02 
-1.25588146e+00  3.20239471e-02 
-1.24869570e+00  3.20440489e-02 
-1.24150995e+00  3.20641507e-02 
-1.23432420e+00  3.20842525e-02 
-1.22713845e+00  3.21043542e-02 
-1.21995270e+00  3.21244560e-02 
-1.21276695e+00  3.21445578e-02 
-1.20558120e+00  3.21646596e-02 
-1.19839544e+00  3.21847613e-02 
-1.19120969e+00  3.22048631e-02 
-1.18402394e+00  3.22249649e-02 
-1.17683819e+00  3.22450667e-02 
-1.16965244e+00  3.22651684e-02 
-1.16246669e+00  3.22852702e-02 
-1.15528094e+00  3.23053720e-02 
-1.14809518e+00  3.23254738e-02 
-1.14090943e+00  3.23455755e-02 
-1.13372368e+00  3.23656773e-02 
-1.12653793e+00  3.23857791e-02 
-1.11935218e+00  3.24058809e-02 
-1.11216643e+00  3.24259826e-02 
-1.10498068e+00  3.24460844e-02 
-1.09779492e+00  3.24661862e-02 
-1.09060917e+00  3.24862880e-02 
-1.08342342e+00  3.25063897e-02 
-1.07623767e+00  3.25264915e-02 
-1.06905192e+00  3.25465933e-02 
-1.06186617e+00  3.25666951e-02 
-1.05468042e+00  3.25867968e-02 
-1.04749466e+00  3.26068986e-02 
-1.04030891e+00  3.26270004e-02 
-1.03312316e+00  3.26471022e-02 
-1.02593741e+00  3.26672039e-02 
-1.01875166e+00  3.26873057e-02 
-1.01156591e+00  3.27074075e-02 
-1.00438015e+00  3.27275093e-02 
-9.97194403e-01  3.27476110e-02 
-9.90008652e-01  3.27677128e-02 
-9.82822900e-01  3.27878146e-02 
-9.75637149e-01  3.28079164e-02 
-9.68451397e-01  3.28280181e-02 
-9.61265646e-01  3.28481199e-02 
-9.54079895e-01  3.28682217e-02 
-9.46894143e-01  3.28883235e-02 
-9.39708392e-01  3.29084252e-02 
-9.32522640e-01  3.29285270e-02 
-9.25336889e-01  3.29486288e-02 
-9.18151137e-01  3.29687306e-02 
-9.10965386e-01  3.29888323e-02 
-9.03779634e-01  3.30089341e-02 
-8.96593883e-01  3.30290359e-02 
-8.89408131e-01  3.30491377e-02 
-8.82222380e-01  3.30692394e-02 
-8.75036628e-01  3.30893412e-02 
-8.67850877e-01  3.31094430e-02 
-8.60665125e-01  3.31295448e-02 
-8.53479374e-01  3.31496465e-02 
-8.46293622e-01  3.31697483e-02 
-8.39107871e-01  3.31898501e-02 
-8.31922119e-01  3.32099519e-02 
-8.24736368e-01  3.32300536e-02 
-8.17550617e-01  3.32501554e-02 
-8.10364865e-01  3.32702572e-02 
-8.03179114e-01  3.32903590e-02 
-7.95993362e-01  3.33104607e-02 
-7.88807611e-01  3.33305625e-02 
-7.81621859e-01  3.33506643e-02 
-7.74436108e-01  3.33707661e-02 
-7.67250356e-01  3.33908678e-02 
-7.60064605e-01  3.34109696e-02 
-7.52878853e-01  3.34310714e-02 
-7.45693102e-01  3.34511732e-02 
-7.38507350e-01  3.34712749e-02 
-7.31321599e-01  3.34913767e-02 
-7.24135847e-01  3.35114785e-02 
-7.16950096e-01  3.35315803e-02 
-7.09764344e-01  3.35516820e-02 
-7.02578593e-01  3.35717838e-02 
-6.95392841e-01  3.35918856e-02 
-6.88207090e-01  3.36119874e-02 
-6.81021339e-01  3.36320891e-02 
-6.73835587e-01  3.36521909e-02 
-6.66649836e-01  3.36722927e-02 
-6.59464084e-01  3.36923945e-02 
-6.52278333e-01  3.37124962e-02 
-6.45092581e-01  3.37325980e-02 
-6.37906830e-01  3.37526998e-02 
-6.30721078e-01  3.37728016e-02 
-6.23535327e-01  3.37929033e-02 
-6.16349575e-01  3.38130051e-02 
-6.09163824e-01  3.38331069e-02 
-6.01978072e-01  3.38532087e-02 
-5.94792321e-01  3.38733104e-02 
-5.87606569e-01  3.38934122e-02 
-5.80420818e-01  3.39135140e-02 
-5.73235066e-01  3.39336158e-02 
-5.66049315e-01  3.39537176e-02 
-5.58863563e-01  3.39738193e-02 
-5.51677812e-01  3.39939211e-02 
-5.44492061e-01  3.40140229e-02 
-5.37306309e-01  3.40341247e-02 
-5.30120558e-01  3.40542264e-02 
-5.22934806e-01  3.40743282e-02 
-5.15749055e-01  3.40944300e-02 
-5.08563303e-01  3.41145318e-02 
-5.01377552e-01  3.41346335e-02 
-4.94191800e-01  3.41547353e-02 
-4.87006049e-01  3.41748371e-02 
-4.79820297e-01  3.41949389e-02 
-4.72634546e-01  3.42150406e-02 
-4.65448794e-01  3.42351424e-02 
-4.58263043e-01  3.42552442e-02 
-4.51077291e-01  3.42753460e-02 
-4.43891540e-01  3.42954477e-02 
-4.36705788e-01  3.43155495e-02 
-4.29520037e-01  3.43356513e-02 
-4.22334285e-01  3.43557531e-02 
-4.15148534e-01  3.43758548e-02 
-4.07962783e-01  3.43959566e-02 
-4.00777031e-01  3.44160584e-02 
-3.93591280e-01  3.44361602e-02 
-3.86405528e-01  3.44562619e-02 
-3.79219777e-01  3.44763637e-02 
-3.72034025e-01  3.44964655e-02 
-3.64848274e-01  3.45165673e-02 
-3.57662522e-01  3.45366690e-02 
-3.50476771e-01  3.45567708e-02 
-3.43291019e-01  3.45768726e-02 
-3.36105268e-01  3.45969744e-02 
-3.28919516e-01  3.46170761e-02 
-3.21733765e-01  3.46371779e-02 
-3.14548013e-01  3.46572797e-02 
-3.07362262e-01  3.46773815e-02 
-3.00176510e-01  3.46974832e-02 
-2.92990759e-01  3.47175850e-02 
-2.85805007e-01  3.47376868e-02 
-2.78619256e-01  3.47577886e-02 
-2.71433505e-01  3.47778903e-02 
-2.64247753e-01  3.47979921e-02 
-2.57062002e-01  3.48180939e-02 
-2.49876250e-01  3.48381957e-02 
-2.42690499e-01  3.48582974e-02 
-2.35504747e-01  3.48783992e-02 
-2.28318996e-01  3.48985010e-02 
-2.21133244e-01  3.49186028e-02 
-2.13947493e-01  3.49387045e-02 
-2.06761741e-01  3.49588063e-02 
-1.99575990e-01  3.49789081e-02 
-1.92390238e-01  3.49990099e-02 
-1.85204487e-01  3.50191116e-02 
-1.78018735e-01  3.50392134e-02 
-1.70832984e-01  3.50593152e-02 
-1.63647232e-01  3.50794170e-02 
-1.56461481e-01  3.50995187e-02 
-1.49275729e-01  3.51196205e-02 
-1.42089978e-01  3.51397223e-02 
-1.34904227e-01  3.51598241e-02 
-1.27718475e-01  3.51799258e-02 
-1.20532724e-01  3.52000276e-02 
-1.13346972e-01  3.52201294e-02 
-1.06161221e-01  3.52402312e-02 
-9.89754692e-02  3.52603329e-02 
-9.17897177e-02  3.52804347e-02 
-8.46039662e-02  3.53005365e-02 
-7.74182148e-02  3.53206383e-02 
-7.02324633e-02  3.53407400e-02 
-6.30467118e-02  3.53608418e-02 
-5.58609603e-02  3.53809436e-02 
-4.86752089e-02  3.54010454e-02 
-4.14894574e-02  3.54211471e-02 
-3.43037059e-02  3.54412489e-02 
-2.71179544e-02  3.54613507e-02 
-1.99322030e-02  3.54814525e-02 
-1.27464515e-02  3.55015542e-02 
-5.56070002e-03  3.55216560e-02 
 1.62505145e-03  3.55417578e-02 
 8.81080293e-03  3.55618596e-02 
 1.59965544e-02  3.55819613e-02 
 2.31823059e-02  3.56020631e-02 
 3.03680573e-02  3.56221649e-02 
 3.75538088e-02  3.56422667e-02 
 4.47395603e-02  3.56623684e-02 
 5.19253118e-02  3.56824702e-02 
 5.91110632e-02  3.57025720e-02 
 6.62968147e-02  3.57226738e-02 
 7.34825662e-02  3.57427755e-02 
 8.06683177e-02  3.57628773e-02 
 8.78540691e-02  3.57829791e-02 
 9.50398206e-02  3.58030809e-02 
 1.02225572e-01  3.58231826e-02 
 1.09411324e-01  3.58432844e-02 
 1.16597075e-01  3.58633862e-02 
 1.23782827e-01  3.58834880e-02 
 1.30968578e-01  3.59035897e-02 
 1.38154329e-01  3.59236915e-02 
 1.45340081e-01  3.59437933e-02 
 1.52525832e-01  3.59638951e-02 
 1.59711584e-01  3.59839968e-02 
 1.66897335e-01  3.60040986e-02 
 1.74083087e-01  3.60242004e-02 
 1.81268838e-01  3.60443022e-02 
 1.88454590e-01  3.60644039e-02 
 1.95640341e-01  3.60845057e-02 
 2.02826093e-01  3.61046075e-02 
 2.10011844e-01  3.61247093e-02 
 2.17197596e-01  3.61448110e-02 
 2.24383347e-01  3.61649128e-02 
 2.31569099e-01  3.61850146e-02 
 2.38754850e-01  3.62051164e-02 
 2.45940602e-01  3.62252181e-02 
 2.53126353e-01  3.62453199e-02 
 2.60312104e-01  3.62654217e-02 
 2.67497856e-01  3.62855235e-02 
 2.74683607e-01  3.63056252e-02 
 2.81869359e-01  3.63257270e-02 
 2.89055110e-01  3.63458288e-02 
 2.96240862e-01  3.63659306e-02 
 3.03426613e-01  3.63860323e-02 
 3.10612365e-01  3.64061341e-02 
 3.17798116e-01  3.64262359e-02 
 3.24983868e-01  3.64463377e-02 
 3.32169619e-01  3.64664394e-02 
 3.39355371e-01  3.64865412e-02 
 3.46541122e-01  3.65066430e-02 
 3.53726874e-01  3.65267448e-02 
 3.60912625e-01  3.65468465e-02 
 3.68098377e-01  3.65669483e-02 
 3.75284128e-01  3.65870501e-02 
 3.82469880e-01  3.66071519e-02 
 3.89655631e-01  3.66272537e-02 
 3.96841382e-01  3.66473554e-02 
 4.04027134e-01  3.66674572e-02 
 4.11212885e-01  3.66875590e-02 
 4.18398637e-01  3.67076608e-02 
 4.25584388e-01  3.67277625e-02 
 4.32770140e-01  3.67478643e-02 
 4.39955891e-01  3.67679661e-02 
 4.47141643e-01  3.67880679e-02 
 4.54327394e-01  3.68081696e-02 
 4.61513146e-01  3.68282714e-02 
 4.68698897e-01  3.68483732e-02 
 4.75884649e-01  3.68684750e-02 
 4.83070400e-01  3.68885767e-02 
 4.90256152e-01  3.69086785e-02 
 4.97441903e-01  3.69287803e-02 
 5.04627655e-01  3.69488821e-02 
 5.11813406e-01  3.69689838e-02 
 5.18999158e-01  3.69890856e-02 
 5.26184909e-01  3.70091874e-02 
 5.33370660e-01  3.70292892e-02 
 5.40556412e-01  3.70493909e-02 
 5.47742163e-01  3.70694927e-02 
 5.54927915e-01  3.70895945e-02 
 5.62113666e-01  3.71096963e-02 
 5.69299418e-01  3.71297980e-02 
 5.76485169e-01  3.71498998e-02 
 5.83670921e-01  3.71700016e-02 
 5.90856672e-01  3.71901034e-02 
 5.98042424e-01  3.72102051e-02 
 6.05228175e-01  3.72303069e-02 
 6.12413927e-01  3.72504087e-02 
 6.19599678e-01  3.72705105e-02 
 6.26785430e-01  3.72906122e-02 
 6.33971181e-01  3.73107140e-02 
 6.41156933e-01  3.73308158e-02 
 6.48342684e-01  3.73509176e-02 
 6.55528436e-01  3.73710193e-02 
 6.62714187e-01  3.73911211e-02 
 6.69899938e-01  3.74112229e-02 
 6.77085690e-01  3.74313247e-02 
 6.84271441e-01  3.74514264e-02 
 6.91457193e-01  3.74715282e-02 
 6.98642944e-01  3.74916300e-02 
 7.05828696e-01  3.75117318e-02 
 7.13014447e-01  3.75318335e-02 
 7.20200199e-01  3.75519353e-02 
 7.27385950e-01  3.75720371e-02 
 7.34571702e-01  3.75921389e-02 
 7.41757453e-01  3.76122406e-02 
 7.48943205e-01  3.76323424e-02 
 7.56128956e-01  3.76524442e-02 
 7.63314708e-01  3.76725460e-02 
 7.70500459e-01  3.76926477e-02 
 7.77686211e-01  3.77127495e-02 
 7.84871962e-01  3.77328513e-02 
 7.92057714e-01  3.77529531e-02 
 7.99243465e-01  3.77730548e-02 
 8.06429216e-01  3.77931566e-02 
 8.13614968e-01  3.78132584e-02 
 8.20800719e-01  3.78333602e-02 
 8.27986471e-01  3.78534619e-02 
 8.35172222e-01  3.78735637e-02 
 8.42357974e-01  3.78936655e-02 
 8.49543725e-01  3.79137673e-02 
 8.56729477e-01  3.79338690e-02 
 8.63915228e-01  3.79539708e-02 
 8.71100980e-01  3.79740726e-02 
 8.78286731e-01  3.79941744e-02 
 8.85472483e-01  3.80142761e-02 
 8.92658234e-01  3.80343779e-02 
 8.99843986e-01  3.80544797e-02 
 9.07029737e-01  3.80745815e-02 
 9.14215489e-01  3.80946832e-02 
 9.21401240e-01  3.81147850e-02 
 9.28586992e-01  3.81348868e-02 
 9.35772743e-01  3.81549886e-02 
 9.42958494e-01  3.81750903e-02 
 9.50144246e-01  3.81951921e-02 
 9.57329997e-01  3.82152939e-02 
 9.64515749e-01  3.82353957e-02 
 9.71701500e-01  3.82554974e-02 
 9.78887252e-01  3.82755992e-02 
 9.86073003e-01  3.82957010e-02 
 9.93258755e-01  3.83158028e-02 
 1.00044451e+00  3.83359045e-02 
 1.00763026e+00  3.83560063e-02 
 1.01481601e+00  3.83761081e-02 
 1.02200176e+00  3.83962099e-02 
 1.02918751e+00  3.84163116e-02 
 1.03637326e+00  3.84364134e-02 
 1.04355902e+00  3.84565152e-02 
 1.05074477e+00  3.84766170e-02 
 1.05793052e+00  3.84967187e-02 
 1.06511627e+00  3.85168205e-02 
 1.07230202e+00  3.85369223e-02 
 1.07948777e+00  3.85570241e-02 
 1.08667352e+00  3.85771258e-02 
 1.09385928e+00  3.85972276e-02 
 1.10104503e+00  3.86173294e-02 
 1.10823078e+00  3.86374312e-02 
 1.11541653e+00  3.86575329e-02 
 1.12260228e+00  3.86776347e-02 
 1.12978803e+00  3.86977365e-02 
 1.13697378e+00  3.87178383e-02 
 1.14415954e+00  3.87379400e-02 
 1.15134529e+00  3.87580418e-02 
 1.15853104e+00  3.87781436e-02 
 1.16571679e+00  3.87982454e-02 
 1.17290254e+00  3.88183471e-02 
 1.18008829e+00  3.88384489e-02 
 1.18727404e+00  3.88585507e-02 
 1.19445980e+00  3.88786525e-02 
 1.20164555e+00  3.88987542e-02 
 1.20883130e+00  3.89188560e-02 
 1.21601705e+00  3.89389578e-02 
 1.22320280e+00  3.89590596e-02 
 1.23038855e+00  3.89791613e-02 
 1.23757430e+00  3.89992631e-02 
 1.24476006e+00  3.90193649e-02 
 1.25194581e+00  3.90394667e-02 
 1.25913156e+00  3.90595684e-02 
 1.26631731e+00  3.90796702e-02 
 1.27350306e+00  3.90997720e-02 
 1.28068881e+00  3.91198738e-02 
 1.28787457e+00  3.91399755e-02 
 1.29506032e+00  3.91600773e-02 
 1.30224607e+00  3.91801791e-02 
 1.30943182e+00  3.92002809e-02 
 1.31661757e+00  3.92203827e-02 
 1.32380332e+00  3.92404844e-02 
 1.33098907e+00  3.92605862e-02 
 1.33817483e+00  3.92806880e-02 
 1.34536058e+00  3.93007898e-02 
 1.35254633e+00  3.93208915e-02 
 1.35973208e+00  3.93409933e-02 
 1.36691783e+00  3.93610951e-02 
 1.37410358e+00  3.93811969e-02 
 1.38128933e+00  3.94012986e-02 
 1.38847509e+00  3.94214004e-02 
 1.39566084e+00  3.94415022e-02 
 1.40284659e+00  3.94616040e-02 
 1.41003234e+00  3.94817057e-02 
 1.41721809e+00  3.95018075e-02 
 1.42440384e+00  3.95219093e-02 
 1.43158959e+00  3.95420111e-02 
 1.43877535e+00  3.95621128e-02 
 1.44596110e+00  3.95822146e-02 
 1.45314685e+00  3.96023164e-02 
 1.46033260e+00  3.96224182e-02 
 1.46751835e+00  3.96425199e-02 
 1.47470410e+00  3.96626217e-02 
 1.48188985e+00  3.96827235e-02 
 1.48907561e+00  3.97028253e-02 
 1.49626136e+00  3.97229270e-02 
 1.50344711e+00  3.97430288e-02 
 1.51063286e+00  3.97631306e-02 
 1.51781861e+00  3.97832324e-02 
 1.52500436e+00  3.98033341e-02 
 1.53219012e+00  3.98234359e-02 
 1.53937587e+00  3.98435377e-02 
 1.54656162e+00  3.98636395e-02 
 1.55374737e+00  3.98837412e-02 
 1.56093312e+00  3.99038430e-02 
 1.56811887e+00  3.99239448e-02 
 1.57530462e+00  3.99440466e-02 
 1.58249038e+00  3.99641483e-02 
 1.58967613e+00  3.99842501e-02 
 1.59686188e+00  4.00043519e-02 
 1.60404763e+00  4.00244537e-02 
 1.61123338e+00  4.00445554e-02 
 1.61841913e+00  4.00646572e-02 
 1.62560488e+00  4.00847590e-02 
 1.63279064e+00  4.01048608e-02 
 1.63997639e+00  4.01249625e-02 
 1.64716214e+00  4.01450643e-02 
 1.65434789e+00  4.01651661e-02 
 1.66153364e+00  4.01852679e-02 
 1.66871939e+00  4.02053696e-02 
 1.67590514e+00  4.02254714e-02 
 1.68309090e+00  4.02455732e-02 
 1.69027665e+00  4.02656750e-02 
 1.69746240e+00  4.02857767e-02 
 1.70464815e+00  4.03058785e-02 
 1.71183390e+00  4.03259803e-02 
 1.71901965e+00  4.03460821e-02 
 1.72620541e+00  4.03661838e-02 
 1.73339116e+00  4.03862856e-02 
 1.74057691e+00  4.04063874e-02 
 1.74776266e+00  4.04264892e-02 
 1.75494841e+00  4.04465909e-02 
 1.76213416e+00  4.04666927e-02 
 1.76931991e+00  4.04867945e-02 
 1.77650567e+00  4.05068963e-02 
 1.78369142e+00  4.05269980e-02 
 1.79087717e+00  4.05470998e-02 
 1.79806292e+00  4.05672016e-02 
 1.80524867e+00  4.05873034e-02 
 1.81243442e+00  4.06074051e-02 
 1.81962017e+00  4.06275069e-02 
 1.82680593e+00  4.06476087e-02 
 1.83399168e+00  4.06677105e-02 
 1.84117743e+00  4.06878122e-02 
 1.84836318e+00  4.07079140e-02 
 1.85554893e+00  4.07280158e-02 
 1.86273468e+00  4.07481176e-02 
 1.86992043e+00  4.07682193e-02 
 1.87710619e+00  4.07883211e-02 
 1.88429194e+00  4.08084229e-02 
 1.89147769e+00  4.08285247e-02 
 1.89866344e+00  4.08486264e-02 
 1.90584919e+00  4.08687282e-02 
 1.91303494e+00  4.08888300e-02 
 1.92022069e+00  4.09089318e-02 
 1.92740645e+00  4.09290335e-02 
 1.93459220e+00  4.09491353e-02 
 1.94177795e+00  4.09692371e-02 
 1.94896370e+00  4.09893389e-02 
 1.95614945e+00  4.10094406e-02 
 1.96333520e+00  4.10295424e-02 
 1.97052096e+00  4.10496442e-02 
 1.97770671e+00  4.10697460e-02 
 1.98489246e+00  4.10898477e-02 
 1.99207821e+00  4.11099495e-02 
 1.99926396e+00  4.11300513e-02 
 2.00644971e+00  4.11501531e-02 
 2.01363546e+00  4.11702548e-02 
 2.02082122e+00  4.11903566e-02 
 2.02800697e+00  4.12104584e-02 
 2.03519272e+00  4.12305602e-02 
 2.04237847e+00  4.12506619e-02 
 2.04956422e+00  4.12707637e-02 
 2.05674997e+00  4.12908655e-02 
 2.06393572e+00  4.13109673e-02 
 2.07112148e+00  4.13310690e-02 
 2.07830723e+00  4.13511708e-02 
 2.08549298e+00  4.13712726e-02 
 2.09267873e+00  4.13913744e-02 
 2.09986448e+00  4.14114761e-02 
 2.10705023e+00  4.14315779e-02 
 2.11423598e+00  4.14516797e-02 
 2.12142174e+00  4.14717815e-02 
 2.12860749e+00  4.14918832e-02 
 2.13579324e+00  4.15119850e-02 
 2.14297899e+00  4.15320868e-02 
 2.15016474e+00  4.15521886e-02 
 2.15735049e+00  4.15722903e-02 
 2.16453624e+00  4.15923921e-02 
 2.17172200e+00  4.16124939e-02 
 2.17890775e+00  4.16325957e-02 
 2.18609350e+00  4.16526974e-02 
 2.19327925e+00  4.16727992e-02 
 2.20046500e+00  4.16929010e-02 
 2.20765075e+00  4.17130028e-02 
 2.21483651e+00  4.17331045e-02 
 2.22202226e+00  4.17532063e-02 
 2.22920801e+00  4.17733081e-02 
 2.23639376e+00  4.17934099e-02 
 2.24357951e+00  4.18135116e-02 
 2.25076526e+00  4.18336134e-02 
 2.25795101e+00  4.18537152e-02 
 2.26513677e+00  4.18738170e-02 
 2.27232252e+00  4.18939188e-02 
 2.27950827e+00  4.19140205e-02 
 2.28669402e+00  4.19341223e-02 
 2.29387977e+00  4.19542241e-02 
 2.30106552e+00  4.19743259e-02 
 2.30825127e+00  4.19944276e-02 
 2.31543703e+00  4.20145294e-02 
 2.32262278e+00  4.20346312e-02 
 2.32980853e+00  4.20547330e-02 
 2.33699428e+00  4.20748347e-02 
 2.34418003e+00  4.20949365e-02 
 2.35136578e+00  4.21150383e-02 
 2.35855153e+00  4.21351401e-02 
 2.36573729e+00  4.21552418e-02 
 2.37292304e+00  4.21753436e-02 
 2.38010879e+00  4.21954454e-02 
 2.38729454e+00  4.22155472e-02 
 2.39448029e+00  4.22356489e-02 
 2.40166604e+00  4.22557507e-02 
 2.40885179e+00  4.22758525e-02 
 2.41603755e+00  4.22959543e-02 
 2.42322330e+00  4.23160560e-02 
 2.43040905e+00  4.23361578e-02 
 2.43759480e+00  4.23562596e-02 
 2.44478055e+00  4.23763614e-02 
 2.45196630e+00  4.23964631e-02 
 2.45915206e+00  4.24165649e-02 
 2.46633781e+00  4.24366667e-02 
 2.47352356e+00  4.24567685e-02 
 2.48070931e+00  4.24768702e-02 
 2.48789506e+00  4.24969720e-02 
 2.49508081e+00  4.25170738e-02 
 2.50226656e+00  4.25371756e-02 
 2.50945232e+00  4.25572773e-02 
 2.51663807e+00  4.25773791e-02 
 2.52382382e+00  4.25974809e-02 
 2.53100957e+00  4.26175827e-02 
 2.53819532e+00  4.26376844e-02 
 2.54538107e+00  4.26577862e-02 
 2.55256682e+00  4.26778880e-02 
 2.55975258e+00  4.26979898e-02 
 2.56693833e+00  4.27180915e-02 
 2.57412408e+00  4.27381933e-02 
 2.58130983e+00  4.27582951e-02 
 2.58849558e+00  4.27783969e-02 
 2.59568133e+00  4.27984986e-02 
 2.60286708e+00  4.28186004e-02 
 2.61005284e+00  4.28387022e-02 
 2.61723859e+00  4.28588040e-02 
 2.62442434e+00  4.28789057e-02 
 2.63161009e+00  4.28990075e-02 
 2.63879584e+00  4.29191093e-02 
 2.64598159e+00  4.29392111e-02 
 2.65316735e+00  4.29593128e-02 
 2.66035310e+00  4.29794146e-02 
 2.66753885e+00  4.29995164e-02 
 2.67472460e+00  4.30196182e-02 
 2.68191035e+00  4.30397199e-02 
 2.68909610e+00  4.30598217e-02 
 2.69628185e+00  4.30799235e-02 
 2.70346761e+00  4.31000253e-02 
 2.71065336e+00  4.31201270e-02 
 2.71783911e+00  4.31402288e-02 
 2.72502486e+00  4.31603306e-02 
 2.73221061e+00  4.31804324e-02 
 2.73939636e+00  4.32005341e-02 
 2.74658211e+00  4.32206359e-02 
 2.75376787e+00  4.32407377e-02 
 2.76095362e+00  4.32608395e-02 
 2.76813937e+00  4.32809412e-02 
 2.77532512e+00  4.33010430e-02 
 2.78251087e+00  4.33211448e-02 
 2.78969662e+00  4.33412466e-02 
 2.79688237e+00  4.33613483e-02 
 2.80406813e+00  4.33814501e-02 
 2.81125388e+00  4.34015519e-02 
 2.81843963e+00  4.34216537e-02 
 2.82562538e+00  4.34417554e-02 
 2.83281113e+00  4.34618572e-02 
 2.83999688e+00  4.34819590e-02 
 2.84718263e+00  4.35020608e-02 
 2.85436839e+00  4.35221625e-02 
 2.86155414e+00  4.35422643e-02 
 2.86873989e+00  4.35623661e-02 
 2.87592564e+00  4.35824679e-02 
 2.88311139e+00  4.36025696e-02 
 2.89029714e+00  4.36226714e-02 
 2.89748290e+00  4.36427732e-02 
 2.90466865e+00  4.36628750e-02 
 2.91185440e+00  4.36829767e-02 
 2.91904015e+00  4.37030785e-02 
 2.92622590e+00  4.37231803e-02 
 2.93341165e+00  4.37432821e-02 
 2.94059740e+00  4.37633838e-02 
 2.94778316e+00  4.37834856e-02 
 2.95496891e+00  4.38035874e-02 
 2.96215466e+00  4.38236892e-02 
 2.96934041e+00  4.38437909e-02 
 2.97652616e+00  4.38638927e-02 
 2.98371191e+00  4.38839945e-02 
 2.99089766e+00  4.39040963e-02 
 2.99808342e+00  4.39241980e-02 
 3.00526917e+00  4.39442998e-02 
 3.01245492e+00  4.39644016e-02 
 3.01964067e+00  4.39845034e-02 
 3.02682642e+00  4.40046051e-02 
 3.03401217e+00  4.40247069e-02 
 3.04119792e+00  4.40448087e-02 
 3.04838368e+00  4.40649105e-02 
 3.05556943e+00  4.40850122e-02 
 3.06275518e+00  4.41051140e-02 
 3.06994093e+00  4.41252158e-02 
 3.07712668e+00  4.41453176e-02 
 3.08431243e+00  4.41654193e-02 
 3.09149818e+00  4.41855211e-02 
 3.09868394e+00  4.42056229e-02 
 3.10586969e+00  4.42257247e-02 
 3.11305544e+00  4.42458264e-02 
 3.12024119e+00  4.42659282e-02 
 3.12742694e+00  4.42860300e-02 
 3.13461269e+00  4.43061318e-02 
 3.14179845e+00  4.43262335e-02 
 3.14898420e+00  4.43463353e-02 
 3.15616995e+00  4.43664371e-02 
 3.16335570e+00  4.43865389e-02 
 3.17054145e+00  4.44066407e-02 
 3.17772720e+00  4.44267424e-02 
 3.18491295e+00  4.44468442e-02 
 3.19209871e+00  4.44669460e-02 
 3.19928446e+00  4.44870478e-02 
 3.20647021e+00  4.45071495e-02 
 3.21365596e+00  4.45272513e-02 
 3.22084171e+00  4.45473531e-02 
 3.22802746e+00  4.45674549e-02 
 3.23521321e+00  4.45875566e-02 
 3.24239897e+00  4.46076584e-02 
 3.24958472e+00  4.46277602e-02 
 3.25677047e+00  4.46478620e-02 
 3.26395622e+00  4.46679637e-02 
 3.27114197e+00  4.46880655e-02 
 3.27832772e+00  4.47081673e-02 
 3.28551347e+00  4.47282691e-02 
 3.29269923e+00  4.47483708e-02 
 3.29988498e+00  4.47684726e-02 
 3.30707073e+00  4.47885744e-02 
 3.31425648e+00  4.48086762e-02 
 3.32144223e+00  4.48287779e-02 
 3.32862798e+00  4.48488797e-02 
 3.33581373e+00  4.48689815e-02 
 3.34299949e+00  4.48890833e-02 
 3.35018524e+00  4.49091850e-02 
 3.35737099e+00  4.49292868e-02 
 3.36455674e+00  4.49493886e-02 
 3.37174249e+00  4.49694904e-02 
 3.37892824e+00  4.49895921e-02 
 3.38611400e+00  4.50096939e-02 
 3.39329975e+00  4.50297957e-02 
 3.40048550e+00  4.50498975e-02 
 3.40767125e+00  4.50699992e-02 
 3.41485700e+00  4.50901010e-02 
 3.42204275e+00  4.51102028e-02 
 3.42922850e+00  4.51303046e-02 
 3.43641426e+00  4.51504063e-02 
 3.44360001e+00  4.51705081e-02 
 3.45078576e+00  4.51906099e-02 
 3.45797151e+00  4.52107117e-02 
 3.46515726e+00  4.52308134e-02 
 3.47234301e+00  4.52509152e-02 
 3.47952876e+00  4.52710170e-02 
 3.48671452e+00  4.52911188e-02 
 3.49390027e+00  4.53112205e-02 
 3.50108602e+00  4.53313223e-02 
 3.50827177e+00  4.53514241e-02 
 3.51545752e+00  4.53715259e-02 
 3.52264327e+00  4.53916276e-02 
 3.52982902e+00  4.54117294e-02 
 3.53701478e+00  4.54318312e-02 
 3.54420053e+00  4.54519330e-02 
 3.55138628e+00  4.54720347e-02 
 3.55857203e+00  4.54921365e-02 
 3.56575778e+00  4.55122383e-02 
 3.57294353e+00  4.55323401e-02 
 3.58012929e+00  4.55524418e-02 
 3.58731504e+00  4.55725436e-02 
 3.59450079e+00  4.55926454e-02 
 3.60168654e+00  4.56127472e-02 
 3.60887229e+00  4.56328489e-02 
 3.61605804e+00  4.56529507e-02 
 3.62324379e+00  4.56730525e-02 
 3.63042955e+00  4.56931543e-02 
 3.63761530e+00  4.57132560e-02 
 3.64480105e+00  4.57333578e-02 
 3.65198680e+00  4.57534596e-02 
 3.65917255e+00  4.57735614e-02 
 3.66635830e+00  4.57936631e-02 
 3.67354405e+00  4.58137649e-02 
 3.68072981e+00  4.58338667e-02 
 3.68791556e+00  4.58539685e-02 
 3.69510131e+00  4.58740702e-02 
 3.70228706e+00  4.58941720e-02 
 3.70947281e+00  4.59142738e-02 
 3.71665856e+00  4.59343756e-02 
 3.72384431e+00  4.59544773e-02 
 3.73103007e+00  4.59745791e-02 
 3.73821582e+00  4.59946809e-02 
 3.74540157e+00  4.60147827e-02 
 3.75258732e+00  4.60348844e-02 
 3.75977307e+00  4.60549862e-02 
 3.76695882e+00  4.60750880e-02 
 3.77414457e+00  4.60951898e-02 
 3.78133033e+00  4.61152915e-02 
 3.78851608e+00  4.61353933e-02 
 3.79570183e+00  4.61554951e-02 
 3.80288758e+00  4.61755969e-02 
 3.81007333e+00  4.61956986e-02 
 3.81725908e+00  4.62158004e-02 
 3.82444484e+00  4.62359022e-02 
 3.83163059e+00  4.62560040e-02 
 3.83881634e+00  4.62761057e-02 
 3.84600209e+00  4.62962075e-02 
 3.85318784e+00  4.63163093e-02 
 3.86037359e+00  4.63364111e-02 
 3.86755934e+00  4.63565128e-02 
 3.87474510e+00  4.63766146e-02 
 3.88193085e+00  4.63967164e-02 
 3.88911660e+00  4.64168182e-02 
 3.89630235e+00  4.64369199e-02 
 3.90348810e+00  4.64570217e-02 
 3.91067385e+00  4.64771235e-02 
 3.91785960e+00  4.64972253e-02 
 3.92504536e+00  4.65173270e-02 
 3.93223111e+00  4.65374288e-02 
 3.93941686e+00  4.65575306e-02 
 3.94660261e+00  4.65776324e-02 
 3.95378836e+00  4.65977341e-02 
 3.96097411e+00  4.66178359e-02 
 3.96815986e+00  4.66379377e-02 
 3.97534562e+00  4.66580395e-02 
 3.98253137e+00  4.66781412e-02 
 3.98971712e+00  4.66982430e-02 
 3.99690287e+00  4.67183448e-02 
 4.00408862e+00  4.67384466e-02 
 4.01127437e+00  4.67585483e-02 
 4.01846012e+00  4.67786501e-02 
 4.02564588e+00  4.67987519e-02 
 4.03283163e+00  4.68188537e-02 
 4.04001738e+00  4.68389554e-02 
 4.04720313e+00  4.68590572e-02 
 4.05438888e+00  4.68791590e-02 
 4.06157463e+00  4.68992608e-02 
 4.06876039e+00  4.69193625e-02 
 4.07594614e+00  4.69394643e-02 
 4.08313189e+00  4.69595661e-02 
 4.09031764e+00  4.69796679e-02 
 4.09750339e+00  4.69997697e-02 
 4.10468914e+00  4.70198714e-02 
 4.11187489e+00  4.70399732e-02 
 4.11906065e+00  4.70600750e-02 
 4.12624640e+00  4.70801768e-02 
 4.13343215e+00  4.71002785e-02 
 4.14061790e+00  4.71203803e-02 
 4.14780365e+00  4.71404821e-02 
 4.15498940e+00  4.71605839e-02 
 4.16217515e+00  4.71806856e-02 
 4.16936091e+00  4.72007874e-02 
 4.17654666e+00  4.72208892e-02 
 4.18373241e+00  4.72409910e-02 
 4.19091816e+00  4.72610927e-02 
 4.19810391e+00  4.72811945e-02 
 4.20528966e+00  4.73012963e-02 
 4.21247541e+00  4.73213981e-02 
 4.21966117e+00  4.73414998e-02 
 4.22684692e+00  4.73616016e-02 
 4.23403267e+00  4.73817034e-02 
 4.24121842e+00  4.74018052e-02 
 4.24840417e+00  4.74219069e-02 
 4.25558992e+00  4.74420087e-02 
 4.26277567e+00  4.74621105e-02 
 4.26996143e+00  4.74822123e-02 
 4.27714718e+00  4.75023140e-02 
 4.28433293e+00  4.75224158e-02 
 4.29151868e+00  4.75425176e-02 
 4.29870443e+00  4.75626194e-02 
 4.30589018e+00  4.75827211e-02 
 4.31307594e+00  4.76028229e-02 
 4.32026169e+00  4.76229247e-02 
 4.32744744e+00  4.76430265e-02 
 4.33463319e+00  4.76631282e-02 
 4.34181894e+00  4.76832300e-02 
 4.34900469e+00  4.77033318e-02 
 4.35619044e+00  4.77234336e-02 
 4.36337620e+00  4.77435353e-02 
 4.37056195e+00  4.77636371e-02 
 4.37774770e+00  4.77837389e-02 
 4.38493345e+00  4.78038407e-02 
 4.39211920e+00  4.78239424e-02 
 4.39930495e+00  4.78440442e-02 
 4.40649070e+00  4.78641460e-02 
 4.41367646e+00  4.78842478e-02 
 4.42086221e+00  4.79043495e-02 
 4.42804796e+00  4.79244513e-02 
 4.43523371e+00  4.79445531e-02 
 4.44241946e+00  4.79646549e-02 
 4.44960521e+00  4.79847566e-02 
 4.45679096e+00  4.80048584e-02 
 4.46397672e+00  4.80249602e-02 
 4.47116247e+00  4.80450620e-02 
 4.47834822e+00  4.80651637e-02 
 4.48553397e+00  4.80852655e-02 
 4.49271972e+00  4.81053673e-02 
 4.49990547e+00  4.81254691e-02 
 4.50709122e+00  4.81455708e-02 
 4.51427698e+00  4.81656726e-02 
 4.52146273e+00  4.81857744e-02 
 4.52864848e+00  4.82058762e-02 
 4.53583423e+00  4.82259779e-02 
 4.54301998e+00  4.82460797e-02 
 4.55020573e+00  4.82661815e-02 
 4.55739149e+00  4.82862833e-02 
 4.56457724e+00  4.83063850e-02 
 4.57176299e+00  4.83264868e-02 
 4.57894874e+00  4.83465886e-02 
 4.58613449e+00  4.83666904e-02 
 4.59332024e+00  4.83867921e-02 
 4.60050599e+00  4.84068939e-02 
 4.60769175e+00  4.84269957e-02 
 4.61487750e+00  4.84470975e-02 
 4.62206325e+00  4.84671992e-02 
 4.62924900e+00  4.84873010e-02 
 4.63643475e+00  4.85074028e-02 
 4.64362050e+00  4.85275046e-02 
 4.65080625e+00  4.85476063e-02 
 4.65799201e+00  4.85677081e-02 
 4.66517776e+00  4.85878099e-02 
 4.67236351e+00  4.86079117e-02 
 4.67954926e+00  4.86280134e-02 
 4.68673501e+00  4.86481152e-02 
 4.69392076e+00  4.86682170e-02 
 4.70110651e+00  4.86883188e-02 
 4.70829227e+00  4.87084205e-02 
 4.71547802e+00  4.87285223e-02 
 4.72266377e+00  4.87486241e-02 
 4.72984952e+00  4.87687259e-02 
 4.73703527e+00  4.87888276e-02 
 4.74422102e+00  4.88089294e-02 
 4.75140678e+00  4.88290312e-02 
 4.75859253e+00  4.88491330e-02 
 4.76577828e+00  4.88692347e-02 
 4.77296403e+00  4.88893365e-02 
 4.78014978e+00  4.89094383e-02 
 4.78733553e+00  4.89295401e-02 
 4.79452128e+00  4.89496418e-02 
 4.80170704e+00  4.89697436e-02 
 4.80889279e+00  4.89898454e-02 
 4.81607854e+00  4.90099472e-02 
 4.82326429e+00  4.90300489e-02 
 4.83045004e+00  4.90501507e-02 
 4.83763579e+00  4.90702525e-02 
 4.84482154e+00  4.90903543e-02 
 4.85200730e+00  4.91104560e-02 
 4.85919305e+00  4.91305578e-02 
 4.86637880e+00  4.91506596e-02 
 4.87356455e+00  4.91707614e-02 
 4.88075030e+00  4.91908631e-02 
 4.88793605e+00  4.92109649e-02 
 4.89512180e+00  4.92310667e-02 
 4.90230756e+00  4.92511685e-02 
 4.90949331e+00  4.92712702e-02 
 4.91667906e+00  4.92913720e-02 
 4.92386481e+00  4.93114738e-02 
 4.93105056e+00  4.93315756e-02 
 4.93823631e+00  4.93516773e-02 
 4.94542206e+00  4.93717791e-02 
 4.95260782e+00  4.93918809e-02 
 4.95979357e+00  4.94119827e-02 
 4.96697932e+00  4.94320844e-02 
 4.97416507e+00  4.94521862e-02 
 4.98135082e+00  4.94722880e-02 
 4.98853657e+00  4.94923898e-02 
 4.99572233e+00  4.95124916e-02 
 5.00290808e+00  4.95325933e-02 
 5.01009383e+00  4.95526951e-02 
 5.01727958e+00  4.95727969e-02 
 5.02446533e+00  4.95928987e-02 
 5.03165108e+00  4.96130004e-02 
 5.03883683e+00  4.96331022e-02 
 5.04602259e+00  4.96532040e-02 
 5.05320834e+00  4.96733058e-02 
 5.06039409e+00  4.96934075e-02 
 5.06757984e+00  4.97135093e-02 
 5.07476559e+00  4.97336111e-02 
 5.08195134e+00  4.97537129e-02 
 5.08913709e+00  4.97738146e-02 
 5.09632285e+00  4.97939164e-02 
 5.10350860e+00  4.98140182e-02 
 5.11069435e+00  4.98341200e-02 
 5.11788010e+00  4.98542217e-02 
 5.12506585e+00  4.98743235e-02 
 5.13225160e+00  4.98944253e-02 
 5.13943735e+00  4.99145271e-02 
 5.14662311e+00  4.99346288e-02 
 5.15380886e+00  4.99547306e-02 
 5.16099461e+00  4.99748324e-02 
 5.16818036e+00  4.99949342e-02 
 5.17536611e+00  5.00150359e-02 
 5.18255186e+00  5.00351377e-02 
 5.18973761e+00  5.00552395e-02 
 5.19692337e+00  5.00753413e-02 
 5.20410912e+00  5.00954430e-02 
 5.21129487e+00  5.01155448e-02 
 5.21848062e+00  5.01356466e-02 
 5.22566637e+00  5.01557484e-02 
 5.23285212e+00  5.01758501e-02 
 5.24003788e+00  5.01959519e-02 
 5.24722363e+00  5.02160537e-02 
 5.25440938e+00  5.02361555e-02 
 5.26159513e+00  5.02562572e-02 
 5.26878088e+00  5.02763590e-02 
 5.27596663e+00  5.02964608e-02 
 5.28315238e+00  5.03165626e-02 
 5.29033814e+00  5.03366643e-02 
 5.29752389e+00  5.03567661e-02 
 5.30470964e+00  5.03768679e-02 
 5.31189539e+00  5.03969697e-02 
 5.31908114e+00  5.04170714e-02 
 5.32626689e+00  5.04371732e-02 
 5.33345264e+00  5.04572750e-02 
 5.34063840e+00  5.04773768e-02 
 5.34782415e+00  5.04974785e-02 
 5.35500990e+00  5.05175803e-02 
 5.36219565e+00  5.05376821e-02 
 5.36938140e+00  5.05577839e-02 
 5.37656715e+00  5.05778856e-02 
 5.38375290e+00  5.05979874e-02 
 5.39093866e+00  5.06180892e-02 
 5.39812441e+00  5.06381910e-02 
 5.40531016e+00  5.06582927e-02 
 5.41249591e+00  5.06783945e-02 
 5.41968166e+00  5.06984963e-02 
 5.42686741e+00  5.07185981e-02 
 5.43405316e+00  5.07386998e-02 
 5.44123892e+00  5.07588016e-02 
 5.44842467e+00  5.07789034e-02 
 5.45561042e+00  5.07990052e-02 
 5.46279617e+00  5.08191069e-02 
 5.46998192e+00  5.08392087e-02 
 5.47716767e+00  5.08593105e-02 
 5.48435343e+00  5.08794123e-02 
 5.49153918e+00  5.08995140e-02 
 5.49872493e+00  5.09196158e-02 
 5.50591068e+00  5.09397176e-02 
 5.51309643e+00  5.09598194e-02 
 5.52028218e+00  5.09799211e-02 
 5.52746793e+00  5.10000229e-02 
 5.53465369e+00  5.10201247e-02 
 5.54183944e+00  5.10402265e-02 
 5.54902519e+00  5.10603282e-02 
 5.55621094e+00  5.10804300e-02 
 5.56339669e+00  5.11005318e-02 
 5.57058244e+00  5.11206336e-02 
 5.57776819e+00  5.11407353e-02 
 5.58495395e+00  5.11608371e-02 
 5.59213970e+00  5.11809389e-02 
 5.59932545e+00  5.12010407e-02 
 5.60651120e+00  5.12211424e-02 
 5.61369695e+00  5.12412442e-02 
 5.62088270e+00  5.12613460e-02 
 5.62806845e+00  5.12814478e-02 
 5.63525421e+00  5.13015495e-02 
 5.64243996e+00  5.13216513e-02 
 5.64962571e+00  5.13417531e-02 
 5.65681146e+00  5.13618549e-02 
 5.66399721e+00  5.13819566e-02 
 5.67118296e+00  5.14020584e-02 
 5.67836871e+00  5.14221602e-02 
 5.68555447e+00  5.14422620e-02 
 5.69274022e+00  5.14623637e-02 
 5.69992597e+00  5.14824655e-02 
 5.70711172e+00  5.15025673e-02 
 5.71429747e+00  5.15226691e-02 
 5.72148322e+00  5.15427708e-02 
 5.72866898e+00  5.15628726e-02 
 5.73585473e+00  5.15829744e-02 
 5.74304048e+00  5.16030762e-02 
 5.75022623e+00  5.16231779e-02 
 5.75741198e+00  5.16432797e-02 
 5.76459773e+00  5.16633815e-02 
 5.77178348e+00  5.16834833e-02 
 5.77896924e+00  5.17035850e-02 
 5.78615499e+00  5.17236868e-02 
 5.79334074e+00  5.17437886e-02 
 5.80052649e+00  5.17638904e-02 
 5.80771224e+00  5.17839921e-02 
 5.81489799e+00  5.18040939e-02 
 5.82208374e+00  5.18241957e-02 
 5.82926950e+00  5.18442975e-02 
 5.83645525e+00  5.18643992e-02 
 5.84364100e+00  5.18845010e-02 
 5.85082675e+00  5.19046028e-02 
 5.85801250e+00  5.19247046e-02 
 5.86519825e+00  5.19448063e-02 
 5.87238400e+00  5.19649081e-02 
 5.87956976e+00  5.19850099e-02 
 5.88675551e+00  5.20051117e-02 
 5.89394126e+00  5.20252134e-02 
 5.90112701e+00  5.20453152e-02 
 5.90831276e+00  5.20654170e-02 
 5.91549851e+00  5.20855188e-02 
 5.92268426e+00  5.21056206e-02 
 5.92987002e+00  5.21257223e-02 
 5.93705577e+00  5.21458241e-02 
 5.94424152e+00  5.21659259e-02 
 5.95142727e+00  5.21860277e-02 
 5.95861302e+00  5.22061294e-02 
 5.96579877e+00  5.22262312e-02 
 5.97298453e+00  5.22463330e-02 
 5.98017028e+00  5.22664348e-02 
 5.98735603e+00  5.22865365e-02 
 5.99454178e+00  5.23066383e-02 
 6.00172753e+00  5.23267401e-02 
 6.00891328e+00  5.23468419e-02 
 6.01609903e+00  5.23669436e-02 
 6.02328479e+00  5.23870454e-02 
 6.03047054e+00  5.24071472e-02 
 6.03765629e+00  5.24272490e-02 
 6.04484204e+00  5.24473507e-02 
 6.05202779e+00  5.24674525e-02 
 6.05921354e+00  5.24875543e-02 
 6.06639929e+00  5.25076561e-02 
 6.07358505e+00  5.25277578e-02 
 6.08077080e+00  5.25478596e-02 
 6.08795655e+00  5.25679614e-02 
 6.09514230e+00  5.25880632e-02 
 6.10232805e+00  5.26081649e-02 
 6.10951380e+00  5.26282667e-02 
 6.11669955e+00  5.26483685e-02 
 6.12388531e+00  5.26684703e-02 
 6.13107106e+00  5.26885720e-02 
 6.13825681e+00  5.27086738e-02 
 6.14544256e+00  5.27287756e-02 
 6.15262831e+00  5.27488774e-02 
 6.15981406e+00  5.27689791e-02 
 6.16699982e+00  5.27890809e-02 
 6.17418557e+00  5.28091827e-02 
 6.18137132e+00  5.28292845e-02 
 6.18855707e+00  5.28493862e-02 
 6.19574282e+00  5.28694880e-02 
 6.20292857e+00  5.28895898e-02 
 6.21011432e+00  5.29096916e-02 
 6.21730008e+00  5.29297933e-02 
 6.22448583e+00  5.29498951e-02 
 6.23167158e+00  5.29699969e-02 
 6.23885733e+00  5.29900987e-02 
 6.24604308e+00  5.30102004e-02 
 6.25322883e+00  5.30303022e-02 
 6.26041458e+00  5.30504040e-02 
 6.26760034e+00  5.30705058e-02 
 6.27478609e+00  5.30906075e-02 
 6.28197184e+00  5.31107093e-02 
 6.28915759e+00  5.31308111e-02 
 6.29634334e+00  5.31509129e-02 
 6.30352909e+00  5.31710146e-02 
 6.31071484e+00  5.31911164e-02 
 6.31790060e+00  5.32112182e-02 
 6.32508635e+00  5.32313200e-02 
 6.33227210e+00  5.32514217e-02 
 6.33945785e+00  5.32715235e-02 
 6.34664360e+00  5.32916253e-02 
 6.35382935e+00  5.33117271e-02 
 6.36101510e+00  5.33318288e-02 
 6.36820086e+00  5.33519306e-02 
 6.37538661e+00  5.33720324e-02 
 6.38257236e+00  5.33921342e-02 
 6.38975811e+00  5.34122359e-02 
 6.39694386e+00  5.34323377e-02 
 6.40412961e+00  5.34524395e-02 
 6.41131537e+00  5.34725413e-02 
 6.41850112e+00  5.34926430e-02 
 6.42568687e+00  5.35127448e-02 
 6.43287262e+00  5.35328466e-02 
 6.44005837e+00  5.35529484e-02 
 6.44724412e+00  5.35730501e-02 
 6.45442987e+00  5.35931519e-02 
 6.46161563e+00  5.36132537e-02 
 6.46880138e+00  5.36333555e-02 
 6.47598713e+00  5.36534572e-02 
 6.48317288e+00  5.36735590e-02 
 6.49035863e+00  5.36936608e-02 
 6.49754438e+00  5.37137626e-02 
