-1.33085403e+00 -1.45501899e-02 
-1.33069508e+00 -1.44799473e-02 
-1.33053604e+00 -1.44097152e-02 
-1.33037688e+00 -1.43394840e-02 
-1.33021750e+00 -1.42692543e-02 
-1.33005789e+00 -1.41990263e-02 
-1.32989804e+00 -1.41287998e-02 
-1.32973796e+00 -1.40585749e-02 
-1.32957765e+00 -1.39883517e-02 
-1.32941710e+00 -1.39181301e-02 
-1.32925631e+00 -1.38479101e-02 
-1.32909528e+00 -1.37776918e-02 
-1.32893402e+00 -1.37074751e-02 
-1.32877251e+00 -1.36372601e-02 
-1.32861076e+00 -1.35670468e-02 
-1.32844876e+00 -1.34968351e-02 
-1.32828652e+00 -1.34266252e-02 
-1.32812403e+00 -1.33564170e-02 
-1.32796129e+00 -1.32862105e-02 
-1.32779830e+00 -1.32160057e-02 
-1.32763506e+00 -1.31458027e-02 
-1.32747156e+00 -1.30756014e-02 
-1.32730781e+00 -1.30054019e-02 
-1.32714380e+00 -1.29352042e-02 
-1.32697954e+00 -1.28650083e-02 
-1.32681501e+00 -1.27948141e-02 
-1.32665022e+00 -1.27246218e-02 
-1.32648517e+00 -1.26544313e-02 
-1.32631986e+00 -1.25842427e-02 
-1.32615428e+00 -1.25140559e-02 
-1.32598842e+00 -1.24438709e-02 
-1.32582230e+00 -1.23736878e-02 
-1.32565591e+00 -1.23035067e-02 
-1.32548924e+00 -1.22333274e-02 
-1.32532230e+00 -1.21631500e-02 
-1.32515508e+00 -1.20929745e-02 
-1.32498759e+00 -1.20228010e-02 
-1.32481981e+00 -1.19526294e-02 
-1.32465175e+00 -1.18824598e-02 
-1.32448340e+00 -1.18122922e-02 
-1.32431477e+00 -1.17421266e-02 
-1.32414585e+00 -1.16719629e-02 
-1.32397665e+00 -1.16018013e-02 
-1.32380714e+00 -1.15316417e-02 
-1.32363735e+00 -1.14614841e-02 
-1.32346726e+00 -1.13913287e-02 
-1.32329687e+00 -1.13211752e-02 
-1.32312618e+00 -1.12510239e-02 
-1.32295520e+00 -1.11808747e-02 
-1.32278390e+00 -1.11107275e-02 
-1.32261230e+00 -1.10405825e-02 
-1.32244040e+00 -1.09704397e-02 
-1.32226818e+00 -1.09002990e-02 
-1.32209565e+00 -1.08301605e-02 
-1.32192281e+00 -1.07600242e-02 
-1.32174965e+00 -1.06898901e-02 
-1.32157617e+00 -1.06197582e-02 
-1.32140237e+00 -1.05496285e-02 
-1.32122825e+00 -1.04795011e-02 
-1.32105380e+00 -1.04093760e-02 
-1.32087903e+00 -1.03392532e-02 
-1.32070393e+00 -1.02691326e-02 
-1.32052849e+00 -1.01990144e-02 
-1.32035272e+00 -1.01288985e-02 
-1.32017661e+00 -1.00587850e-02 
-1.32000016e+00 -9.98867384e-03 
-1.31982337e+00 -9.91856507e-03 
-1.31964624e+00 -9.84845870e-03 
-1.31946876e+00 -9.77835476e-03 
-1.31929093e+00 -9.70825326e-03 
-1.31911275e+00 -9.63815422e-03 
-1.31893422e+00 -9.56805766e-03 
-1.31875532e+00 -9.49796359e-03 
-1.31857607e+00 -9.42787204e-03 
-1.31839646e+00 -9.35778303e-03 
-1.31821648e+00 -9.28769657e-03 
-1.31803614e+00 -9.21761268e-03 
-1.31785542e+00 -9.14753139e-03 
-1.31767433e+00 -9.07745271e-03 
-1.31749286e+00 -9.00737666e-03 
-1.31731102e+00 -8.93730326e-03 
-1.31712880e+00 -8.86723254e-03 
-1.31694619e+00 -8.79716451e-03 
-1.31676319e+00 -8.72709920e-03 
-1.31657980e+00 -8.65703663e-03 
-1.31639602e+00 -8.58697681e-03 
-1.31621184e+00 -8.51691978e-03 
-1.31602727e+00 -8.44686555e-03 
-1.31584229e+00 -8.37681414e-03 
-1.31565690e+00 -8.30676558e-03 
-1.31547111e+00 -8.23671988e-03 
-1.31528490e+00 -8.16667708e-03 
-1.31509828e+00 -8.09663720e-03 
-1.31491124e+00 -8.02660026e-03 
-1.31472378e+00 -7.95656628e-03 
-1.31453589e+00 -7.88653529e-03 
-1.31434758e+00 -7.81650731e-03 
-1.31415883e+00 -7.74648237e-03 
-1.31396965e+00 -7.67646049e-03 
-1.31378002e+00 -7.60644170e-03 
-1.31358996e+00 -7.53642602e-03 
-1.31339945e+00 -7.46641348e-03 
-1.31320848e+00 -7.39640410e-03 
-1.31301707e+00 -7.32639792e-03 
-1.31282520e+00 -7.25639496e-03 
-1.31263286e+00 -7.18639524e-03 
-1.31244006e+00 -7.11639880e-03 
-1.31224679e+00 -7.04640566e-03 
-1.31205305e+00 -6.97641585e-03 
-1.31185883e+00 -6.90642940e-03 
-1.31166413e+00 -6.83644634e-03 
-1.31146894e+00 -6.76646669e-03 
-1.31127327e+00 -6.69649050e-03 
-1.31107710e+00 -6.62651778e-03 
-1.31088043e+00 -6.55654856e-03 
-1.31068326e+00 -6.48658289e-03 
-1.31048558e+00 -6.41662079e-03 
-1.31028740e+00 -6.34666229e-03 
-1.31008869e+00 -6.27670743e-03 
-1.30988947e+00 -6.20675623e-03 
-1.30968972e+00 -6.13680874e-03 
-1.30948945e+00 -6.06686497e-03 
-1.30928864e+00 -5.99692498e-03 
-1.30908729e+00 -5.92698879e-03 
-1.30888539e+00 -5.85705643e-03 
-1.30868295e+00 -5.78712795e-03 
-1.30847995e+00 -5.71720338e-03 
-1.30827640e+00 -5.64728275e-03 
-1.30807228e+00 -5.57736610e-03 
-1.30786759e+00 -5.50745347e-03 
-1.30766232e+00 -5.43754490e-03 
-1.30745648e+00 -5.36764043e-03 
-1.30725005e+00 -5.29774008e-03 
-1.30704303e+00 -5.22784392e-03 
-1.30683542e+00 -5.15795196e-03 
-1.30662720e+00 -5.08806426e-03 
-1.30641837e+00 -5.01818086e-03 
-1.30620893e+00 -4.94830179e-03 
-1.30599887e+00 -4.87842711e-03 
-1.30578819e+00 -4.80855684e-03 
-1.30557687e+00 -4.73869105e-03 
-1.30536492e+00 -4.66882976e-03 
-1.30515232e+00 -4.59897303e-03 
-1.30493907e+00 -4.52912090e-03 
-1.30472516e+00 -4.45927342e-03 
-1.30451059e+00 -4.38943063e-03 
-1.30429535e+00 -4.31959259e-03 
-1.30407944e+00 -4.24975934e-03 
-1.30386284e+00 -4.17993092e-03 
-1.30364554e+00 -4.11010740e-03 
-1.30342755e+00 -4.04028881e-03 
-1.30320886e+00 -3.97047522e-03 
-1.30298945e+00 -3.90066667e-03 
-1.30276932e+00 -3.83086322e-03 
-1.30254847e+00 -3.76106491e-03 
-1.30232688e+00 -3.69127182e-03 
-1.30210455e+00 -3.62148398e-03 
-1.30188147e+00 -3.55170146e-03 
-1.30165763e+00 -3.48192432e-03 
-1.30143302e+00 -3.41215261e-03 
-1.30120764e+00 -3.34238639e-03 
-1.30098147e+00 -3.27262572e-03 
-1.30075451e+00 -3.20287067e-03 
-1.30052675e+00 -3.13312129e-03 
-1.30029818e+00 -3.06337765e-03 
-1.30006880e+00 -2.99363981e-03 
-1.29983858e+00 -2.92390784e-03 
-1.29960753e+00 -2.85418180e-03 
-1.29937564e+00 -2.78446177e-03 
-1.29914288e+00 -2.71474781e-03 
-1.29890926e+00 -2.64503998e-03 
-1.29867477e+00 -2.57533837e-03 
-1.29843939e+00 -2.50564304e-03 
-1.29820311e+00 -2.43595407e-03 
-1.29796593e+00 -2.36627152e-03 
-1.29772783e+00 -2.29659549e-03 
-1.29748881e+00 -2.22692604e-03 
-1.29724884e+00 -2.15726325e-03 
-1.29700793e+00 -2.08760721e-03 
-1.29676605e+00 -2.01795799e-03 
-1.29652320e+00 -1.94831568e-03 
-1.29627937e+00 -1.87868036e-03 
-1.29603454e+00 -1.80905212e-03 
-1.29578870e+00 -1.73943105e-03 
-1.29554184e+00 -1.66981723e-03 
-1.29529394e+00 -1.60021076e-03 
-1.29504500e+00 -1.53061173e-03 
-1.29479499e+00 -1.46102023e-03 
-1.29454392e+00 -1.39143636e-03 
-1.29429175e+00 -1.32186022e-03 
-1.29403849e+00 -1.25229190e-03 
-1.29378411e+00 -1.18273151e-03 
-1.29352860e+00 -1.11317916e-03 
-1.29327194e+00 -1.04363494e-03 
-1.29301412e+00 -9.74098974e-04 
-1.29275513e+00 -9.04571361e-04 
-1.29249495e+00 -8.35052216e-04 
-1.29223356e+00 -7.65541653e-04 
-1.29197094e+00 -6.96039790e-04 
-1.29170709e+00 -6.26546745e-04 
-1.29144198e+00 -5.57062641e-04 
-1.29117560e+00 -4.87587600e-04 
-1.29090792e+00 -4.18121749e-04 
-1.29063893e+00 -3.48665218e-04 
-1.29036862e+00 -2.79218139e-04 
-1.29009695e+00 -2.09780645e-04 
-1.28982392e+00 -1.40352875e-04 
-1.28954951e+00 -7.09349697e-05 
-1.28927368e+00 -1.52707163e-06 
-1.28899643e+00  6.78706722e-05 
-1.28871774e+00  1.37258112e-04 
-1.28843757e+00  2.06635094e-04 
-1.28815591e+00  2.76001463e-04 
-1.28787274e+00  3.45357058e-04 
-1.28758803e+00  4.14701716e-04 
-1.28730177e+00  4.84035269e-04 
-1.28701392e+00  5.53357546e-04 
-1.28672446e+00  6.22668373e-04 
-1.28643336e+00  6.91967569e-04 
-1.28614061e+00  7.61254951e-04 
-1.28584618e+00  8.30530333e-04 
-1.28555003e+00  8.99793521e-04 
-1.28525214e+00  9.69044320e-04 
-1.28495248e+00  1.03828253e-03 
-1.28465103e+00  1.10750794e-03 
-1.28434775e+00  1.17672034e-03 
-1.28404261e+00  1.24591951e-03 
-1.28373559e+00  1.31510524e-03 
-1.28342665e+00  1.38427729e-03 
-1.28311575e+00  1.45343543e-03 
-1.28280287e+00  1.52257943e-03 
-1.28248797e+00  1.59170903e-03 
-1.28217102e+00  1.66082399e-03 
-1.28185197e+00  1.72992405e-03 
-1.28153079e+00  1.79900893e-03 
-1.28120745e+00  1.86807838e-03 
-1.28088191e+00  1.93713210e-03 
-1.28055411e+00  2.00616982e-03 
-1.28022403e+00  2.07519124e-03 
-1.27989162e+00  2.14419605e-03 
-1.27955684e+00  2.21318395e-03 
-1.27921964e+00  2.28215461e-03 
-1.27887998e+00  2.35110770e-03 
-1.27853781e+00  2.42004289e-03 
-1.27819307e+00  2.48895983e-03 
-1.27784573e+00  2.55785815e-03 
-1.27749572e+00  2.62673750e-03 
-1.27714300e+00  2.69559748e-03 
-1.27678751e+00  2.76443772e-03 
-1.27642919e+00  2.83325780e-03 
-1.27606799e+00  2.90205731e-03 
-1.27570384e+00  2.97083582e-03 
-1.27533669e+00  3.03959289e-03 
-1.27496647e+00  3.10832807e-03 
-1.27459312e+00  3.17704088e-03 
-1.27421656e+00  3.24573084e-03 
-1.27383672e+00  3.31439745e-03 
-1.27345355e+00  3.38304019e-03 
-1.27306695e+00  3.45165854e-03 
-1.27267685e+00  3.52025192e-03 
-1.27228317e+00  3.58881979e-03 
-1.27188584e+00  3.65736153e-03 
-1.27148476e+00  3.72587656e-03 
-1.27107984e+00  3.79436422e-03 
-1.27067100e+00  3.86282387e-03 
-1.27025814e+00  3.93125484e-03 
-1.26984116e+00  3.99965641e-03 
-1.26941996e+00  4.06802786e-03 
-1.26899443e+00  4.13636844e-03 
-1.26856447e+00  4.20467736e-03 
-1.26812996e+00  4.27295381e-03 
-1.26769078e+00  4.34119694e-03 
-1.26724680e+00  4.40940588e-03 
-1.26679791e+00  4.47757972e-03 
-1.26634397e+00  4.54571751e-03 
-1.26588484e+00  4.61381827e-03 
-1.26542038e+00  4.68188096e-03 
-1.26495043e+00  4.74990452e-03 
-1.26447485e+00  4.81788784e-03 
-1.26399347e+00  4.88582975e-03 
-1.26350611e+00  4.95372905e-03 
-1.26301261e+00  5.02158447e-03 
-1.26251278e+00  5.08939469e-03 
-1.26200642e+00  5.15715834e-03 
-1.26149334e+00  5.22487397e-03 
-1.26097332e+00  5.29254007e-03 
-1.26044614e+00  5.36015507e-03 
-1.25991157e+00  5.42771731e-03 
-1.25936937e+00  5.49522505e-03 
-1.25881928e+00  5.56267649e-03 
-1.25826103e+00  5.63006970e-03 
-1.25769435e+00  5.69740269e-03 
-1.25711894e+00  5.76467334e-03 
-1.25653449e+00  5.83187943e-03 
-1.25594067e+00  5.89901864e-03 
-1.25533713e+00  5.96608849e-03 
-1.25472352e+00  6.03308639e-03 
-1.25409944e+00  6.10000959e-03 
-1.25346450e+00  6.16685519e-03 
-1.25281826e+00  6.23362013e-03 
-1.25216027e+00  6.30030117e-03 
-1.25149004e+00  6.36689485e-03 
-1.25080707e+00  6.43339753e-03 
-1.25011081e+00  6.49980533e-03 
-1.24940069e+00  6.56611412e-03 
-1.24867608e+00  6.63231951e-03 
-1.24793634e+00  6.69841683e-03 
-1.24718077e+00  6.76440107e-03 
-1.24640861e+00  6.83026690e-03 
-1.24561906e+00  6.89600861e-03 
-1.24481128e+00  6.96162007e-03 
-1.24398433e+00  7.02709472e-03 
-1.24313724e+00  7.09242549e-03 
-1.24226893e+00  7.15760480e-03 
-1.24137827e+00  7.22262446e-03 
-1.24046400e+00  7.28747561e-03 
-1.23952480e+00  7.35214869e-03 
-1.23855921e+00  7.41663333e-03 
-1.23756565e+00  7.48091827e-03 
-1.23654241e+00  7.54499127e-03 
-1.23548761e+00  7.60883898e-03 
-1.23439922e+00  7.67244680e-03 
-1.23327500e+00  7.73579879e-03 
-1.23211249e+00  7.79887742e-03 
-1.23090900e+00  7.86166341e-03 
-1.22966155e+00  7.92413554e-03 
-1.22836685e+00  7.98627033e-03 
-1.22702126e+00  8.04804175e-03 
-1.22562073e+00  8.10942091e-03 
-1.22416075e+00  8.17037560e-03 
-1.22263628e+00  8.23086984e-03 
-1.22104166e+00  8.29086332e-03 
-1.21937057e+00  8.35031075e-03 
-1.21761584e+00  8.40916112e-03 
-1.21576942e+00  8.46735680e-03 
-1.21382214e+00  8.52483252e-03 
-1.21176364e+00  8.58151422e-03 
-1.20958212e+00  8.63731768e-03 
-1.20726415e+00  8.69214703e-03 
-1.20479442e+00  8.74589308e-03 
-1.20215554e+00  8.79843162e-03 
-1.19932775e+00  8.84962164e-03 
-1.19628874e+00  8.89930394e-03 
-1.19301352e+00  8.94730023e-03 
-1.18947449e+00  8.99341345e-03 
-1.18564173e+00  9.03743017e-03 
-1.18148381e+00  9.07912601e-03 
-1.17696913e+00  9.11827565e-03 
-1.17206816e+00  9.15466821e-03 
-1.16675632e+00  9.18812858e-03 
-1.16101763e+00  9.21854262e-03 
-1.15484810e+00  9.24588209e-03 
-1.14825826e+00  9.27022216e-03 
-1.14127357e+00  9.29174466e-03 
-1.13393236e+00  9.31072323e-03 
-1.12628166e+00  9.32749347e-03 
-1.11837200e+00  9.34241616e-03 
-1.11025270e+00  9.35584312e-03 
-1.10196836e+00  9.36809268e-03 
-1.09355705e+00  9.37943643e-03 
-1.08504981e+00  9.39009589e-03 
-1.07647110e+00  9.40024560e-03 
-1.06783971e+00  9.41001958e-03 
-1.05916979e+00  9.41951878e-03 
-1.05047184e+00  9.42881815e-03 
-1.04175361e+00  9.43797280e-03 
-1.03302071e+00  9.44702294e-03 
-1.02427725e+00  9.45599777e-03 
-1.01552619e+00  9.46491838e-03 
-1.00676965e+00  9.47380000e-03 
-9.98009184e-01  9.48265359e-03 
-9.89245889e-01  9.49148705e-03 
-9.80480563e-01  9.50030603e-03 
-9.71713776e-01  9.50911460e-03 
-9.62945939e-01  9.51791569e-03 
-9.54177346e-01  9.52671141e-03 
-9.45408209e-01  9.53550325e-03 
-9.36638681e-01  9.54429230e-03 
-9.27868871e-01  9.55307935e-03 
-9.19098858e-01  9.56186495e-03 
-9.10328697e-01  9.57064951e-03 
-9.01558431e-01  9.57943331e-03 
-8.92788088e-01  9.58821657e-03 
-8.84017690e-01  9.59699943e-03 
-8.75247252e-01  9.60578201e-03 
-8.66476785e-01  9.61456438e-03 
-8.57706296e-01  9.62334661e-03 
-8.48935793e-01  9.63212872e-03 
-8.40165278e-01  9.64091076e-03 
-8.31394755e-01  9.64969274e-03 
-8.22624227e-01  9.65847467e-03 
-8.13853694e-01  9.66725658e-03 
-8.05083157e-01  9.67603846e-03 
-7.96312619e-01  9.68482033e-03 
-7.87542079e-01  9.69360219e-03 
-7.78771538e-01  9.70238403e-03 
-7.70000995e-01  9.71116588e-03 
-7.61230452e-01  9.71994771e-03 
-7.52459909e-01  9.72872954e-03 
-7.43689365e-01  9.73751137e-03 
-7.34918821e-01  9.74629320e-03 
-7.26148277e-01  9.75507503e-03 
-7.17377733e-01  9.76385686e-03 
-7.08607188e-01  9.77263868e-03 
-6.99836644e-01  9.78142051e-03 
-6.91066099e-01  9.79020233e-03 
-6.82295554e-01  9.79898415e-03 
-6.73525010e-01  9.80776598e-03 
-6.64754465e-01  9.81654780e-03 
-6.55983920e-01  9.82532962e-03 
-6.47213376e-01  9.83411145e-03 
-6.38442831e-01  9.84289327e-03 
-6.29672286e-01  9.85167509e-03 
-6.20901741e-01  9.86045692e-03 
-6.12131197e-01  9.86923874e-03 
-6.03360652e-01  9.87802056e-03 
-5.94590107e-01  9.88680239e-03 
-5.85819562e-01  9.89558421e-03 
-5.77049017e-01  9.90436603e-03 
-5.68278473e-01  9.91314786e-03 
-5.59507928e-01  9.92192968e-03 
-5.50737383e-01  9.93071150e-03 
-5.41966838e-01  9.93949332e-03 
-5.33196294e-01  9.94827515e-03 
-5.24425749e-01  9.95705697e-03 
-5.15655204e-01  9.96583879e-03 
-5.06884659e-01  9.97462062e-03 
-4.98114114e-01  9.98340244e-03 
-4.89343570e-01  9.99218426e-03 
-4.80573025e-01  1.00009661e-02 
-4.71802480e-01  1.00097479e-02 
-4.63031935e-01  1.00185297e-02 
-4.54261390e-01  1.00273116e-02 
-4.45490846e-01  1.00360934e-02 
-4.36720301e-01  1.00448752e-02 
-4.27949756e-01  1.00536570e-02 
-4.19179211e-01  1.00624388e-02 
-4.10408667e-01  1.00712207e-02 
-4.01638122e-01  1.00800025e-02 
-3.92867577e-01  1.00887843e-02 
-3.84097032e-01  1.00975661e-02 
-3.75326487e-01  1.01063480e-02 
-3.66555943e-01  1.01151298e-02 
-3.57785398e-01  1.01239116e-02 
-3.49014853e-01  1.01326934e-02 
-3.40244308e-01  1.01414753e-02 
-3.31473763e-01  1.01502571e-02 
-3.22703219e-01  1.01590389e-02 
-3.13932674e-01  1.01678207e-02 
-3.05162129e-01  1.01766025e-02 
-2.96391584e-01  1.01853844e-02 
-2.87621040e-01  1.01941662e-02 
-2.78850495e-01  1.02029480e-02 
-2.70079950e-01  1.02117298e-02 
-2.61309405e-01  1.02205117e-02 
-2.52538860e-01  1.02292935e-02 
-2.43768316e-01  1.02380753e-02 
-2.34997771e-01  1.02468571e-02 
-2.26227226e-01  1.02556390e-02 
-2.17456681e-01  1.02644208e-02 
-2.08686136e-01  1.02732026e-02 
-1.99915592e-01  1.02819844e-02 
-1.91145047e-01  1.02907662e-02 
-1.82374502e-01  1.02995481e-02 
-1.73603957e-01  1.03083299e-02 
-1.64833413e-01  1.03171117e-02 
-1.56062868e-01  1.03258935e-02 
-1.47292323e-01  1.03346754e-02 
-1.38521778e-01  1.03434572e-02 
-1.29751233e-01  1.03522390e-02 
-1.20980689e-01  1.03610208e-02 
-1.12210144e-01  1.03698026e-02 
-1.03439599e-01  1.03785845e-02 
-9.46690543e-02  1.03873663e-02 
-8.58985095e-02  1.03961481e-02 
-7.71279647e-02  1.04049299e-02 
-6.83574199e-02  1.04137118e-02 
-5.95868751e-02  1.04224936e-02 
-5.08163304e-02  1.04312754e-02 
-4.20457856e-02  1.04400572e-02 
-3.32752408e-02  1.04488391e-02 
-2.45046960e-02  1.04576209e-02 
-1.57341512e-02  1.04664027e-02 
-6.96360644e-03  1.04751845e-02 
 1.80693835e-03  1.04839663e-02 
 1.05774831e-02  1.04927482e-02 
 1.93480279e-02  1.05015300e-02 
 2.81185727e-02  1.05103118e-02 
 3.68891175e-02  1.05190936e-02 
 4.56596623e-02  1.05278755e-02 
 5.44302071e-02  1.05366573e-02 
 6.32007518e-02  1.05454391e-02 
 7.19712966e-02  1.05542209e-02 
 8.07418414e-02  1.05630028e-02 
 8.95123862e-02  1.05717846e-02 
 9.82829310e-02  1.05805664e-02 
 1.07053476e-01  1.05893482e-02 
 1.15824021e-01  1.05981300e-02 
 1.24594565e-01  1.06069119e-02 
 1.33365110e-01  1.06156937e-02 
 1.42135655e-01  1.06244755e-02 
 1.50906200e-01  1.06332573e-02 
 1.59676744e-01  1.06420392e-02 
 1.68447289e-01  1.06508210e-02 
 1.77217834e-01  1.06596028e-02 
 1.85988379e-01  1.06683846e-02 
 1.94758924e-01  1.06771665e-02 
 2.03529468e-01  1.06859483e-02 
 2.12300013e-01  1.06947301e-02 
 2.21070558e-01  1.07035119e-02 
 2.29841103e-01  1.07122937e-02 
 2.38611648e-01  1.07210756e-02 
 2.47382192e-01  1.07298574e-02 
 2.56152737e-01  1.07386392e-02 
 2.64923282e-01  1.07474210e-02 
 2.73693827e-01  1.07562029e-02 
 2.82464371e-01  1.07649847e-02 
 2.91234916e-01  1.07737665e-02 
 3.00005461e-01  1.07825483e-02 
 3.08776006e-01  1.07913302e-02 
 3.17546551e-01  1.08001120e-02 
 3.26317095e-01  1.08088938e-02 
 3.35087640e-01  1.08176756e-02 
 3.43858185e-01  1.08264574e-02 
 3.52628730e-01  1.08352393e-02 
 3.61399275e-01  1.08440211e-02 
 3.70169819e-01  1.08528029e-02 
 3.78940364e-01  1.08615847e-02 
 3.87710909e-01  1.08703666e-02 
 3.96481454e-01  1.08791484e-02 
 4.05251998e-01  1.08879302e-02 
 4.14022543e-01  1.08967120e-02 
 4.22793088e-01  1.09054939e-02 
 4.31563633e-01  1.09142757e-02 
 4.40334178e-01  1.09230575e-02 
 4.49104722e-01  1.09318393e-02 
 4.57875267e-01  1.09406211e-02 
 4.66645812e-01  1.09494030e-02 
 4.75416357e-01  1.09581848e-02 
 4.84186902e-01  1.09669666e-02 
 4.92957446e-01  1.09757484e-02 
 5.01727991e-01  1.09845303e-02 
 5.10498536e-01  1.09933121e-02 
 5.19269081e-01  1.10020939e-02 
 5.28039625e-01  1.10108757e-02 
 5.36810170e-01  1.10196575e-02 
 5.45580715e-01  1.10284394e-02 
 5.54351260e-01  1.10372212e-02 
 5.63121805e-01  1.10460030e-02 
 5.71892349e-01  1.10547848e-02 
 5.80662894e-01  1.10635667e-02 
 5.89433439e-01  1.10723485e-02 
 5.98203984e-01  1.10811303e-02 
 6.06974529e-01  1.10899121e-02 
 6.15745073e-01  1.10986940e-02 
 6.24515618e-01  1.11074758e-02 
 6.33286163e-01  1.11162576e-02 
 6.42056708e-01  1.11250394e-02 
 6.50827252e-01  1.11338212e-02 
 6.59597797e-01  1.11426031e-02 
 6.68368342e-01  1.11513849e-02 
 6.77138887e-01  1.11601667e-02 
 6.85909432e-01  1.11689485e-02 
 6.94679976e-01  1.11777304e-02 
 7.03450521e-01  1.11865122e-02 
 7.12221066e-01  1.11952940e-02 
 7.20991611e-01  1.12040758e-02 
 7.29762155e-01  1.12128577e-02 
 7.38532700e-01  1.12216395e-02 
 7.47303245e-01  1.12304213e-02 
 7.56073790e-01  1.12392031e-02 
 7.64844335e-01  1.12479849e-02 
 7.73614879e-01  1.12567668e-02 
 7.82385424e-01  1.12655486e-02 
 7.91155969e-01  1.12743304e-02 
 7.99926514e-01  1.12831122e-02 
 8.08697059e-01  1.12918941e-02 
 8.17467603e-01  1.13006759e-02 
 8.26238148e-01  1.13094577e-02 
 8.35008693e-01  1.13182395e-02 
 8.43779238e-01  1.13270214e-02 
 8.52549782e-01  1.13358032e-02 
 8.61320327e-01  1.13445850e-02 
 8.70090872e-01  1.13533668e-02 
 8.78861417e-01  1.13621486e-02 
 8.87631962e-01  1.13709305e-02 
 8.96402506e-01  1.13797123e-02 
 9.05173051e-01  1.13884941e-02 
 9.13943596e-01  1.13972759e-02 
 9.22714141e-01  1.14060578e-02 
 9.31484686e-01  1.14148396e-02 
 9.40255230e-01  1.14236214e-02 
 9.49025775e-01  1.14324032e-02 
 9.57796320e-01  1.14411851e-02 
 9.66566865e-01  1.14499669e-02 
 9.75337409e-01  1.14587487e-02 
 9.84107954e-01  1.14675305e-02 
 9.92878499e-01  1.14763123e-02 
 1.00164904e+00  1.14850942e-02 
 1.01041959e+00  1.14938760e-02 
 1.01919013e+00  1.15026578e-02 
 1.02796068e+00  1.15114396e-02 
 1.03673122e+00  1.15202215e-02 
 1.04550177e+00  1.15290033e-02 
 1.05427231e+00  1.15377851e-02 
 1.06304286e+00  1.15465669e-02 
 1.07181340e+00  1.15553487e-02 
 1.08058395e+00  1.15641306e-02 
 1.08935449e+00  1.15729124e-02 
 1.09812504e+00  1.15816942e-02 
 1.10689558e+00  1.15904760e-02 
 1.11566613e+00  1.15992579e-02 
 1.12443667e+00  1.16080397e-02 
 1.13320722e+00  1.16168215e-02 
 1.14197776e+00  1.16256033e-02 
 1.15074831e+00  1.16343852e-02 
 1.15951885e+00  1.16431670e-02 
 1.16828939e+00  1.16519488e-02 
 1.17705994e+00  1.16607306e-02 
 1.18583048e+00  1.16695124e-02 
 1.19460103e+00  1.16782943e-02 
 1.20337157e+00  1.16870761e-02 
 1.21214212e+00  1.16958579e-02 
 1.22091266e+00  1.17046397e-02 
 1.22968321e+00  1.17134216e-02 
 1.23845375e+00  1.17222034e-02 
 1.24722430e+00  1.17309852e-02 
 1.25599484e+00  1.17397670e-02 
 1.26476539e+00  1.17485489e-02 
 1.27353593e+00  1.17573307e-02 
 1.28230648e+00  1.17661125e-02 
 1.29107702e+00  1.17748943e-02 
 1.29984757e+00  1.17836761e-02 
 1.30861811e+00  1.17924580e-02 
 1.31738866e+00  1.18012398e-02 
 1.32615920e+00  1.18100216e-02 
 1.33492975e+00  1.18188034e-02 
 1.34370029e+00  1.18275853e-02 
 1.35247084e+00  1.18363671e-02 
 1.36124138e+00  1.18451489e-02 
 1.37001192e+00  1.18539307e-02 
 1.37878247e+00  1.18627126e-02 
 1.38755301e+00  1.18714944e-02 
 1.39632356e+00  1.18802762e-02 
 1.40509410e+00  1.18890580e-02 
 1.41386465e+00  1.18978398e-02 
 1.42263519e+00  1.19066217e-02 
 1.43140574e+00  1.19154035e-02 
 1.44017628e+00  1.19241853e-02 
 1.44894683e+00  1.19329671e-02 
 1.45771737e+00  1.19417490e-02 
 1.46648792e+00  1.19505308e-02 
 1.47525846e+00  1.19593126e-02 
 1.48402901e+00  1.19680944e-02 
 1.49279955e+00  1.19768763e-02 
 1.50157010e+00  1.19856581e-02 
 1.51034064e+00  1.19944399e-02 
 1.51911119e+00  1.20032217e-02 
 1.52788173e+00  1.20120035e-02 
 1.53665228e+00  1.20207854e-02 
 1.54542282e+00  1.20295672e-02 
 1.55419337e+00  1.20383490e-02 
 1.56296391e+00  1.20471308e-02 
 1.57173445e+00  1.20559127e-02 
 1.58050500e+00  1.20646945e-02 
 1.58927554e+00  1.20734763e-02 
 1.59804609e+00  1.20822581e-02 
 1.60681663e+00  1.20910400e-02 
 1.61558718e+00  1.20998218e-02 
 1.62435772e+00  1.21086036e-02 
 1.63312827e+00  1.21173854e-02 
 1.64189881e+00  1.21261672e-02 
 1.65066936e+00  1.21349491e-02 
 1.65943990e+00  1.21437309e-02 
 1.66821045e+00  1.21525127e-02 
 1.67698099e+00  1.21612945e-02 
 1.68575154e+00  1.21700764e-02 
 1.69452208e+00  1.21788582e-02 
 1.70329263e+00  1.21876400e-02 
 1.71206317e+00  1.21964218e-02 
 1.72083372e+00  1.22052036e-02 
 1.72960426e+00  1.22139855e-02 
 1.73837481e+00  1.22227673e-02 
 1.74714535e+00  1.22315491e-02 
 1.75591590e+00  1.22403309e-02 
 1.76468644e+00  1.22491128e-02 
 1.77345698e+00  1.22578946e-02 
 1.78222753e+00  1.22666764e-02 
 1.79099807e+00  1.22754582e-02 
 1.79976862e+00  1.22842401e-02 
 1.80853916e+00  1.22930219e-02 
 1.81730971e+00  1.23018037e-02 
 1.82608025e+00  1.23105855e-02 
 1.83485080e+00  1.23193673e-02 
 1.84362134e+00  1.23281492e-02 
 1.85239189e+00  1.23369310e-02 
 1.86116243e+00  1.23457128e-02 
 1.86993298e+00  1.23544946e-02 
 1.87870352e+00  1.23632765e-02 
 1.88747407e+00  1.23720583e-02 
 1.89624461e+00  1.23808401e-02 
 1.90501516e+00  1.23896219e-02 
 1.91378570e+00  1.23984038e-02 
 1.92255625e+00  1.24071856e-02 
 1.93132679e+00  1.24159674e-02 
 1.94009734e+00  1.24247492e-02 
 1.94886788e+00  1.24335310e-02 
 1.95763843e+00  1.24423129e-02 
 1.96640897e+00  1.24510947e-02 
 1.97517951e+00  1.24598765e-02 
 1.98395006e+00  1.24686583e-02 
 1.99272060e+00  1.24774402e-02 
 2.00149115e+00  1.24862220e-02 
 2.01026169e+00  1.24950038e-02 
 2.01903224e+00  1.25037856e-02 
 2.02780278e+00  1.25125675e-02 
 2.03657333e+00  1.25213493e-02 
 2.04534387e+00  1.25301311e-02 
 2.05411442e+00  1.25389129e-02 
 2.06288496e+00  1.25476947e-02 
 2.07165551e+00  1.25564766e-02 
 2.08042605e+00  1.25652584e-02 
 2.08919660e+00  1.25740402e-02 
 2.09796714e+00  1.25828220e-02 
 2.10673769e+00  1.25916039e-02 
 2.11550823e+00  1.26003857e-02 
 2.12427878e+00  1.26091675e-02 
 2.13304932e+00  1.26179493e-02 
 2.14181987e+00  1.26267312e-02 
 2.15059041e+00  1.26355130e-02 
 2.15936096e+00  1.26442948e-02 
 2.16813150e+00  1.26530766e-02 
 2.17690204e+00  1.26618584e-02 
 2.18567259e+00  1.26706403e-02 
 2.19444313e+00  1.26794221e-02 
 2.20321368e+00  1.26882039e-02 
 2.21198422e+00  1.26969857e-02 
 2.22075477e+00  1.27057676e-02 
 2.22952531e+00  1.27145494e-02 
 2.23829586e+00  1.27233312e-02 
 2.24706640e+00  1.27321130e-02 
 2.25583695e+00  1.27408949e-02 
 2.26460749e+00  1.27496767e-02 
 2.27337804e+00  1.27584585e-02 
 2.28214858e+00  1.27672403e-02 
 2.29091913e+00  1.27760221e-02 
 2.29968967e+00  1.27848040e-02 
 2.30846022e+00  1.27935858e-02 
 2.31723076e+00  1.28023676e-02 
 2.32600131e+00  1.28111494e-02 
 2.33477185e+00  1.28199313e-02 
 2.34354240e+00  1.28287131e-02 
 2.35231294e+00  1.28374949e-02 
 2.36108349e+00  1.28462767e-02 
 2.36985403e+00  1.28550585e-02 
 2.37862457e+00  1.28638404e-02 
 2.38739512e+00  1.28726222e-02 
 2.39616566e+00  1.28814040e-02 
 2.40493621e+00  1.28901858e-02 
 2.41370675e+00  1.28989677e-02 
 2.42247730e+00  1.29077495e-02 
 2.43124784e+00  1.29165313e-02 
 2.44001839e+00  1.29253131e-02 
 2.44878893e+00  1.29340950e-02 
 2.45755948e+00  1.29428768e-02 
 2.46633002e+00  1.29516586e-02 
 2.47510057e+00  1.29604404e-02 
 2.48387111e+00  1.29692222e-02 
 2.49264166e+00  1.29780041e-02 
 2.50141220e+00  1.29867859e-02 
 2.51018275e+00  1.29955677e-02 
 2.51895329e+00  1.30043495e-02 
 2.52772384e+00  1.30131314e-02 
 2.53649438e+00  1.30219132e-02 
 2.54526493e+00  1.30306950e-02 
 2.55403547e+00  1.30394768e-02 
 2.56280602e+00  1.30482587e-02 
 2.57157656e+00  1.30570405e-02 
 2.58034710e+00  1.30658223e-02 
 2.58911765e+00  1.30746041e-02 
 2.59788819e+00  1.30833859e-02 
 2.60665874e+00  1.30921678e-02 
 2.61542928e+00  1.31009496e-02 
 2.62419983e+00  1.31097314e-02 
 2.63297037e+00  1.31185132e-02 
 2.64174092e+00  1.31272951e-02 
 2.65051146e+00  1.31360769e-02 
 2.65928201e+00  1.31448587e-02 
 2.66805255e+00  1.31536405e-02 
 2.67682310e+00  1.31624224e-02 
 2.68559364e+00  1.31712042e-02 
 2.69436419e+00  1.31799860e-02 
 2.70313473e+00  1.31887678e-02 
 2.71190528e+00  1.31975496e-02 
 2.72067582e+00  1.32063315e-02 
 2.72944637e+00  1.32151133e-02 
 2.73821691e+00  1.32238951e-02 
 2.74698746e+00  1.32326769e-02 
 2.75575800e+00  1.32414588e-02 
 2.76452855e+00  1.32502406e-02 
 2.77329909e+00  1.32590224e-02 
 2.78206963e+00  1.32678042e-02 
 2.79084018e+00  1.32765861e-02 
 2.79961072e+00  1.32853679e-02 
 2.80838127e+00  1.32941497e-02 
 2.81715181e+00  1.33029315e-02 
 2.82592236e+00  1.33117133e-02 
 2.83469290e+00  1.33204952e-02 
 2.84346345e+00  1.33292770e-02 
 2.85223399e+00  1.33380588e-02 
 2.86100454e+00  1.33468406e-02 
 2.86977508e+00  1.33556225e-02 
 2.87854563e+00  1.33644043e-02 
 2.88731617e+00  1.33731861e-02 
 2.89608672e+00  1.33819679e-02 
 2.90485726e+00  1.33907498e-02 
 2.91362781e+00  1.33995316e-02 
 2.92239835e+00  1.34083134e-02 
 2.93116890e+00  1.34170952e-02 
 2.93993944e+00  1.34258770e-02 
 2.94870999e+00  1.34346589e-02 
 2.95748053e+00  1.34434407e-02 
 2.96625108e+00  1.34522225e-02 
 2.97502162e+00  1.34610043e-02 
 2.98379216e+00  1.34697862e-02 
 2.99256271e+00  1.34785680e-02 
 3.00133325e+00  1.34873498e-02 
 3.01010380e+00  1.34961316e-02 
 3.01887434e+00  1.35049135e-02 
 3.02764489e+00  1.35136953e-02 
 3.03641543e+00  1.35224771e-02 
 3.04518598e+00  1.35312589e-02 
 3.05395652e+00  1.35400407e-02 
 3.06272707e+00  1.35488226e-02 
 3.07149761e+00  1.35576044e-02 
 3.08026816e+00  1.35663862e-02 
 3.08903870e+00  1.35751680e-02 
 3.09780925e+00  1.35839499e-02 
 3.10657979e+00  1.35927317e-02 
 3.11535034e+00  1.36015135e-02 
 3.12412088e+00  1.36102953e-02 
 3.13289143e+00  1.36190771e-02 
 3.14166197e+00  1.36278590e-02 
 3.15043252e+00  1.36366408e-02 
 3.15920306e+00  1.36454226e-02 
 3.16797361e+00  1.36542044e-02 
 3.17674415e+00  1.36629863e-02 
 3.18551469e+00  1.36717681e-02 
 3.19428524e+00  1.36805499e-02 
 3.20305578e+00  1.36893317e-02 
 3.21182633e+00  1.36981136e-02 
 3.22059687e+00  1.37068954e-02 
 3.22936742e+00  1.37156772e-02 
 3.23813796e+00  1.37244590e-02 
 3.24690851e+00  1.37332408e-02 
 3.25567905e+00  1.37420227e-02 
 3.26444960e+00  1.37508045e-02 
 3.27322014e+00  1.37595863e-02 
 3.28199069e+00  1.37683681e-02 
 3.29076123e+00  1.37771500e-02 
 3.29953178e+00  1.37859318e-02 
 3.30830232e+00  1.37947136e-02 
 3.31707287e+00  1.38034954e-02 
 3.32584341e+00  1.38122773e-02 
 3.33461396e+00  1.38210591e-02 
 3.34338450e+00  1.38298409e-02 
 3.35215505e+00  1.38386227e-02 
 3.36092559e+00  1.38474045e-02 
 3.36969614e+00  1.38561864e-02 
 3.37846668e+00  1.38649682e-02 
 3.38723722e+00  1.38737500e-02 
 3.39600777e+00  1.38825318e-02 
 3.40477831e+00  1.38913137e-02 
 3.41354886e+00  1.39000955e-02 
 3.42231940e+00  1.39088773e-02 
 3.43108995e+00  1.39176591e-02 
 3.43986049e+00  1.39264410e-02 
 3.44863104e+00  1.39352228e-02 
 3.45740158e+00  1.39440046e-02 
 3.46617213e+00  1.39527864e-02 
 3.47494267e+00  1.39615682e-02 
 3.48371322e+00  1.39703501e-02 
 3.49248376e+00  1.39791319e-02 
 3.50125431e+00  1.39879137e-02 
 3.51002485e+00  1.39966955e-02 
 3.51879540e+00  1.40054774e-02 
 3.52756594e+00  1.40142592e-02 
 3.53633649e+00  1.40230410e-02 
 3.54510703e+00  1.40318228e-02 
 3.55387758e+00  1.40406047e-02 
 3.56264812e+00  1.40493865e-02 
 3.57141867e+00  1.40581683e-02 
 3.58018921e+00  1.40669501e-02 
 3.58895975e+00  1.40757319e-02 
 3.59773030e+00  1.40845138e-02 
 3.60650084e+00  1.40932956e-02 
 3.61527139e+00  1.41020774e-02 
 3.62404193e+00  1.41108592e-02 
 3.63281248e+00  1.41196411e-02 
 3.64158302e+00  1.41284229e-02 
 3.65035357e+00  1.41372047e-02 
 3.65912411e+00  1.41459865e-02 
 3.66789466e+00  1.41547684e-02 
 3.67666520e+00  1.41635502e-02 
 3.68543575e+00  1.41723320e-02 
 3.69420629e+00  1.41811138e-02 
 3.70297684e+00  1.41898956e-02 
 3.71174738e+00  1.41986775e-02 
 3.72051793e+00  1.42074593e-02 
 3.72928847e+00  1.42162411e-02 
 3.73805902e+00  1.42250229e-02 
 3.74682956e+00  1.42338048e-02 
 3.75560011e+00  1.42425866e-02 
 3.76437065e+00  1.42513684e-02 
 3.77314120e+00  1.42601502e-02 
 3.78191174e+00  1.42689320e-02 
 3.79068228e+00  1.42777139e-02 
 3.79945283e+00  1.42864957e-02 
 3.80822337e+00  1.42952775e-02 
 3.81699392e+00  1.43040593e-02 
 3.82576446e+00  1.43128412e-02 
 3.83453501e+00  1.43216230e-02 
 3.84330555e+00  1.43304048e-02 
 3.85207610e+00  1.43391866e-02 
 3.86084664e+00  1.43479685e-02 
 3.86961719e+00  1.43567503e-02 
 3.87838773e+00  1.43655321e-02 
 3.88715828e+00  1.43743139e-02 
 3.89592882e+00  1.43830957e-02 
 3.90469937e+00  1.43918776e-02 
 3.91346991e+00  1.44006594e-02 
 3.92224046e+00  1.44094412e-02 
 3.93101100e+00  1.44182230e-02 
 3.93978155e+00  1.44270049e-02 
 3.94855209e+00  1.44357867e-02 
 3.95732264e+00  1.44445685e-02 
 3.96609318e+00  1.44533503e-02 
 3.97486373e+00  1.44621322e-02 
 3.98363427e+00  1.44709140e-02 
 3.99240481e+00  1.44796958e-02 
 4.00117536e+00  1.44884776e-02 
 4.00994590e+00  1.44972594e-02 
 4.01871645e+00  1.45060413e-02 
 4.02748699e+00  1.45148231e-02 
 4.03625754e+00  1.45236049e-02 
 4.04502808e+00  1.45323867e-02 
 4.05379863e+00  1.45411686e-02 
 4.06256917e+00  1.45499504e-02 
 4.07133972e+00  1.45587322e-02 
 4.08011026e+00  1.45675140e-02 
 4.08888081e+00  1.45762959e-02 
 4.09765135e+00  1.45850777e-02 
 4.10642190e+00  1.45938595e-02 
 4.11519244e+00  1.46026413e-02 
 4.12396299e+00  1.46114231e-02 
 4.13273353e+00  1.46202050e-02 
 4.14150408e+00  1.46289868e-02 
 4.15027462e+00  1.46377686e-02 
 4.15904517e+00  1.46465504e-02 
 4.16781571e+00  1.46553323e-02 
 4.17658626e+00  1.46641141e-02 
 4.18535680e+00  1.46728959e-02 
 4.19412734e+00  1.46816777e-02 
 4.20289789e+00  1.46904596e-02 
 4.21166843e+00  1.46992414e-02 
 4.22043898e+00  1.47080232e-02 
 4.22920952e+00  1.47168050e-02 
 4.23798007e+00  1.47255868e-02 
 4.24675061e+00  1.47343687e-02 
 4.25552116e+00  1.47431505e-02 
 4.26429170e+00  1.47519323e-02 
 4.27306225e+00  1.47607141e-02 
 4.28183279e+00  1.47694960e-02 
 4.29060334e+00  1.47782778e-02 
 4.29937388e+00  1.47870596e-02 
 4.30814443e+00  1.47958414e-02 
 4.31691497e+00  1.48046233e-02 
 4.32568552e+00  1.48134051e-02 
 4.33445606e+00  1.48221869e-02 
 4.34322661e+00  1.48309687e-02 
 4.35199715e+00  1.48397505e-02 
 4.36076770e+00  1.48485324e-02 
 4.36953824e+00  1.48573142e-02 
 4.37830879e+00  1.48660960e-02 
 4.38707933e+00  1.48748778e-02 
 4.39584987e+00  1.48836597e-02 
 4.40462042e+00  1.48924415e-02 
 4.41339096e+00  1.49012233e-02 
 4.42216151e+00  1.49100051e-02 
 4.43093205e+00  1.49187870e-02 
 4.43970260e+00  1.49275688e-02 
 4.44847314e+00  1.49363506e-02 
 4.45724369e+00  1.49451324e-02 
 4.46601423e+00  1.49539142e-02 
 4.47478478e+00  1.49626961e-02 
 4.48355532e+00  1.49714779e-02 
 4.49232587e+00  1.49802597e-02 
 4.50109641e+00  1.49890415e-02 
 4.50986696e+00  1.49978234e-02 
 4.51863750e+00  1.50066052e-02 
 4.52740805e+00  1.50153870e-02 
 4.53617859e+00  1.50241688e-02 
 4.54494914e+00  1.50329506e-02 
 4.55371968e+00  1.50417325e-02 
 4.56249023e+00  1.50505143e-02 
 4.57126077e+00  1.50592961e-02 
 4.58003132e+00  1.50680779e-02 
 4.58880186e+00  1.50768598e-02 
 4.59757240e+00  1.50856416e-02 
 4.60634295e+00  1.50944234e-02 
 4.61511349e+00  1.51032052e-02 
 4.62388404e+00  1.51119871e-02 
 4.63265458e+00  1.51207689e-02 
 4.64142513e+00  1.51295507e-02 
 4.65019567e+00  1.51383325e-02 
 4.65896622e+00  1.51471143e-02 
 4.66773676e+00  1.51558962e-02 
 4.67650731e+00  1.51646780e-02 
 4.68527785e+00  1.51734598e-02 
 4.69404840e+00  1.51822416e-02 
 4.70281894e+00  1.51910235e-02 
 4.71158949e+00  1.51998053e-02 
 4.72036003e+00  1.52085871e-02 
 4.72913058e+00  1.52173689e-02 
 4.73790112e+00  1.52261508e-02 
 4.74667167e+00  1.52349326e-02 
 4.75544221e+00  1.52437144e-02 
 4.76421276e+00  1.52524962e-02 
 4.77298330e+00  1.52612780e-02 
 4.78175385e+00  1.52700599e-02 
 4.79052439e+00  1.52788417e-02 
 4.79929493e+00  1.52876235e-02 
 4.80806548e+00  1.52964053e-02 
 4.81683602e+00  1.53051872e-02 
 4.82560657e+00  1.53139690e-02 
 4.83437711e+00  1.53227508e-02 
 4.84314766e+00  1.53315326e-02 
 4.85191820e+00  1.53403145e-02 
 4.86068875e+00  1.53490963e-02 
 4.86945929e+00  1.53578781e-02 
 4.87822984e+00  1.53666599e-02 
 4.88700038e+00  1.53754417e-02 
 4.89577093e+00  1.53842236e-02 
 4.90454147e+00  1.53930054e-02 
 4.91331202e+00  1.54017872e-02 
 4.92208256e+00  1.54105690e-02 
 4.93085311e+00  1.54193509e-02 
 4.93962365e+00  1.54281327e-02 
 4.94839420e+00  1.54369145e-02 
 4.95716474e+00  1.54456963e-02 
 4.96593529e+00  1.54544782e-02 
 4.97470583e+00  1.54632600e-02 
 4.98347638e+00  1.54720418e-02 
 4.99224692e+00  1.54808236e-02 
 5.00101746e+00  1.54896054e-02 
 5.00978801e+00  1.54983873e-02 
 5.01855855e+00  1.55071691e-02 
 5.02732910e+00  1.55159509e-02 
 5.03609964e+00  1.55247327e-02 
 5.04487019e+00  1.55335146e-02 
 5.05364073e+00  1.55422964e-02 
 5.06241128e+00  1.55510782e-02 
 5.07118182e+00  1.55598600e-02 
 5.07995237e+00  1.55686419e-02 
 5.08872291e+00  1.55774237e-02 
 5.09749346e+00  1.55862055e-02 
 5.10626400e+00  1.55949873e-02 
 5.11503455e+00  1.56037691e-02 
 5.12380509e+00  1.56125510e-02 
 5.13257564e+00  1.56213328e-02 
 5.14134618e+00  1.56301146e-02 
 5.15011673e+00  1.56388964e-02 
 5.15888727e+00  1.56476783e-02 
 5.16765782e+00  1.56564601e-02 
 5.17642836e+00  1.56652419e-02 
 5.18519891e+00  1.56740237e-02 
 5.19396945e+00  1.56828056e-02 
 5.20273999e+00  1.56915874e-02 
 5.21151054e+00  1.57003692e-02 
 5.22028108e+00  1.57091510e-02 
 5.22905163e+00  1.57179328e-02 
 5.23782217e+00  1.57267147e-02 
 5.24659272e+00  1.57354965e-02 
 5.25536326e+00  1.57442783e-02 
 5.26413381e+00  1.57530601e-02 
 5.27290435e+00  1.57618420e-02 
 5.28167490e+00  1.57706238e-02 
 5.29044544e+00  1.57794056e-02 
 5.29921599e+00  1.57881874e-02 
 5.30798653e+00  1.57969692e-02 
 5.31675708e+00  1.58057511e-02 
 5.32552762e+00  1.58145329e-02 
 5.33429817e+00  1.58233147e-02 
 5.34306871e+00  1.58320965e-02 
 5.35183926e+00  1.58408784e-02 
 5.36060980e+00  1.58496602e-02 
 5.36938035e+00  1.58584420e-02 
 5.37815089e+00  1.58672238e-02 
 5.38692144e+00  1.58760057e-02 
 5.39569198e+00  1.58847875e-02 
 5.40446252e+00  1.58935693e-02 
 5.41323307e+00  1.59023511e-02 
 5.42200361e+00  1.59111329e-02 
 5.43077416e+00  1.59199148e-02 
 5.43954470e+00  1.59286966e-02 
 5.44831525e+00  1.59374784e-02 
 5.45708579e+00  1.59462602e-02 
 5.46585634e+00  1.59550421e-02 
 5.47462688e+00  1.59638239e-02 
 5.48339743e+00  1.59726057e-02 
 5.49216797e+00  1.59813875e-02 
 5.50093852e+00  1.59901694e-02 
 5.50970906e+00  1.59989512e-02 
 5.51847961e+00  1.60077330e-02 
 5.52725015e+00  1.60165148e-02 
 5.53602070e+00  1.60252966e-02 
 5.54479124e+00  1.60340785e-02 
 5.55356179e+00  1.60428603e-02 
 5.56233233e+00  1.60516421e-02 
 5.57110288e+00  1.60604239e-02 
 5.57987342e+00  1.60692058e-02 
 5.58864397e+00  1.60779876e-02 
 5.59741451e+00  1.60867694e-02 
 5.60618505e+00  1.60955512e-02 
 5.61495560e+00  1.61043331e-02 
 5.62372614e+00  1.61131149e-02 
 5.63249669e+00  1.61218967e-02 
 5.64126723e+00  1.61306785e-02 
 5.65003778e+00  1.61394603e-02 
 5.65880832e+00  1.61482422e-02 
 5.66757887e+00  1.61570240e-02 
 5.67634941e+00  1.61658058e-02 
 5.68511996e+00  1.61745876e-02 
 5.69389050e+00  1.61833695e-02 
 5.70266105e+00  1.61921513e-02 
 5.71143159e+00  1.62009331e-02 
 5.72020214e+00  1.62097149e-02 
 5.72897268e+00  1.62184968e-02 
 5.73774323e+00  1.62272786e-02 
 5.74651377e+00  1.62360604e-02 
 5.75528432e+00  1.62448422e-02 
 5.76405486e+00  1.62536240e-02 
 5.77282541e+00  1.62624059e-02 
 5.78159595e+00  1.62711877e-02 
 5.79036650e+00  1.62799695e-02 
 5.79913704e+00  1.62887513e-02 
 5.80790758e+00  1.62975332e-02 
 5.81667813e+00  1.63063150e-02 
 5.82544867e+00  1.63150968e-02 
 5.83421922e+00  1.63238786e-02 
 5.84298976e+00  1.63326605e-02 
 5.85176031e+00  1.63414423e-02 
 5.86053085e+00  1.63502241e-02 
 5.86930140e+00  1.63590059e-02 
 5.87807194e+00  1.63677877e-02 
 5.88684249e+00  1.63765696e-02 
 5.89561303e+00  1.63853514e-02 
 5.90438358e+00  1.63941332e-02 
 5.91315412e+00  1.64029150e-02 
 5.92192467e+00  1.64116969e-02 
 5.93069521e+00  1.64204787e-02 
 5.93946576e+00  1.64292605e-02 
 5.94823630e+00  1.64380423e-02 
 5.95700685e+00  1.64468242e-02 
 5.96577739e+00  1.64556060e-02 
 5.97454794e+00  1.64643878e-02 
 5.98331848e+00  1.64731696e-02 
 5.99208903e+00  1.64819514e-02 
 6.00085957e+00  1.64907333e-02 
 6.00963011e+00  1.64995151e-02 
 6.01840066e+00  1.65082969e-02 
 6.02717120e+00  1.65170787e-02 
 6.03594175e+00  1.65258606e-02 
 6.04471229e+00  1.65346424e-02 
 6.05348284e+00  1.65434242e-02 
 6.06225338e+00  1.65522060e-02 
 6.07102393e+00  1.65609878e-02 
 6.07979447e+00  1.65697697e-02 
 6.08856502e+00  1.65785515e-02 
 6.09733556e+00  1.65873333e-02 
 6.10610611e+00  1.65961151e-02 
 6.11487665e+00  1.66048970e-02 
 6.12364720e+00  1.66136788e-02 
 6.13241774e+00  1.66224606e-02 
 6.14118829e+00  1.66312424e-02 
 6.14995883e+00  1.66400243e-02 
 6.15872938e+00  1.66488061e-02 
 6.16749992e+00  1.66575879e-02 
 6.17627047e+00  1.66663697e-02 
 6.18504101e+00  1.66751515e-02 
 6.19381155e+00  1.66839334e-02 
 6.20258210e+00  1.66927152e-02 
 6.21135264e+00  1.67014970e-02 
 6.22012319e+00  1.67102788e-02 
 6.22889373e+00  1.67190607e-02 
 6.23766428e+00  1.67278425e-02 
 6.24643482e+00  1.67366243e-02 
 6.25520537e+00  1.67454061e-02 
 6.26397591e+00  1.67541880e-02 
 6.27274646e+00  1.67629698e-02 
 6.28151700e+00  1.67717516e-02 
 6.29028755e+00  1.67805334e-02 
 6.29905809e+00  1.67893152e-02 
 6.30782864e+00  1.67980971e-02 
 6.31659918e+00  1.68068789e-02 
 6.32536973e+00  1.68156607e-02 
 6.33414027e+00  1.68244425e-02 
 6.34291082e+00  1.68332244e-02 
 6.35168136e+00  1.68420062e-02 
 6.36045191e+00  1.68507880e-02 
 6.36922245e+00  1.68595698e-02 
 6.37799300e+00  1.68683517e-02 
 6.38676354e+00  1.68771335e-02 
 6.39553408e+00  1.68859153e-02 
 6.40430463e+00  1.68946971e-02 
 6.41307517e+00  1.69034789e-02 
 6.42184572e+00  1.69122608e-02 
 6.43061626e+00  1.69210426e-02 
 6.43938681e+00  1.69298244e-02 
 6.44815735e+00  1.69386062e-02 
 6.45692790e+00  1.69473881e-02 
 6.46569844e+00  1.69561699e-02 
 6.47446899e+00  1.69649517e-02 
 6.48323953e+00  1.69737335e-02 
 6.49201008e+00  1.69825154e-02 
 6.50078062e+00  1.69912972e-02 
 6.50955117e+00  1.70000790e-02 
 6.51832171e+00  1.70088608e-02 
 6.52709226e+00  1.70176426e-02 
 6.53586280e+00  1.70264245e-02 
 6.54463335e+00  1.70352063e-02 
 6.55340389e+00  1.70439881e-02 
 6.56217444e+00  1.70527699e-02 
 6.57094498e+00  1.70615518e-02 
 6.57971553e+00  1.70703336e-02 
 6.58848607e+00  1.70791154e-02 
 6.59725661e+00  1.70878972e-02 
 6.60602716e+00  1.70966791e-02 
 6.61479770e+00  1.71054609e-02 
 6.62356825e+00  1.71142427e-02 
 6.63233879e+00  1.71230245e-02 
 6.64110934e+00  1.71318063e-02 
 6.64987988e+00  1.71405882e-02 
 6.65865043e+00  1.71493700e-02 
 6.66742097e+00  1.71581518e-02 
 6.67619152e+00  1.71669336e-02 
 6.68496206e+00  1.71757155e-02 
 6.69373261e+00  1.71844973e-02 
 6.70250315e+00  1.71932791e-02 
 6.71127370e+00  1.72020609e-02 
 6.72004424e+00  1.72108428e-02 
 6.72881479e+00  1.72196246e-02 
 6.73758533e+00  1.72284064e-02 
 6.74635588e+00  1.72371882e-02 
 6.75512642e+00  1.72459700e-02 
 6.76389697e+00  1.72547519e-02 
 6.77266751e+00  1.72635337e-02 
 6.78143806e+00  1.72723155e-02 
 6.79020860e+00  1.72810973e-02 
 6.79897914e+00  1.72898792e-02 
 6.80774969e+00  1.72986610e-02 
 6.81652023e+00  1.73074428e-02 
 6.82529078e+00  1.73162246e-02 
 6.83406132e+00  1.73250065e-02 
 6.84283187e+00  1.73337883e-02 
 6.85160241e+00  1.73425701e-02 
 6.86037296e+00  1.73513519e-02 
 6.86914350e+00  1.73601337e-02 
 6.87791405e+00  1.73689156e-02 
 6.88668459e+00  1.73776974e-02 
 6.89545514e+00  1.73864792e-02 
 6.90422568e+00  1.73952610e-02 
 6.91299623e+00  1.74040429e-02 
 6.92176677e+00  1.74128247e-02 
 6.93053732e+00  1.74216065e-02 
 6.93930786e+00  1.74303883e-02 
 6.94807841e+00  1.74391701e-02 
 6.95684895e+00  1.74479520e-02 
 6.96561950e+00  1.74567338e-02 
 6.97439004e+00  1.74655156e-02 
 6.98316059e+00  1.74742974e-02 
 6.99193113e+00  1.74830793e-02 
 7.00070167e+00  1.74918611e-02 
 7.00947222e+00  1.75006429e-02 
 7.01824276e+00  1.75094247e-02 
 7.02701331e+00  1.75182066e-02 
 7.03578385e+00  1.75269884e-02 
 7.04455440e+00  1.75357702e-02 
 7.05332494e+00  1.75445520e-02 
 7.06209549e+00  1.75533338e-02 
 7.07086603e+00  1.75621157e-02 
 7.07963658e+00  1.75708975e-02 
 7.08840712e+00  1.75796793e-02 
 7.09717767e+00  1.75884611e-02 
 7.10594821e+00  1.75972430e-02 
 7.11471876e+00  1.76060248e-02 
 7.12348930e+00  1.76148066e-02 
 7.13225985e+00  1.76235884e-02 
 7.14103039e+00  1.76323703e-02 
 7.14980094e+00  1.76411521e-02 
 7.15857148e+00  1.76499339e-02 
 7.16734203e+00  1.76587157e-02 
 7.17611257e+00  1.76674975e-02 
 7.18488312e+00  1.76762794e-02 
 7.19365366e+00  1.76850612e-02 
 7.20242420e+00  1.76938430e-02 
 7.21119475e+00  1.77026248e-02 
 7.21996529e+00  1.77114067e-02 
 7.22873584e+00  1.77201885e-02 
 7.23750638e+00  1.77289703e-02 
 7.24627693e+00  1.77377521e-02 
 7.25504747e+00  1.77465340e-02 
 7.26381802e+00  1.77553158e-02 
 7.27258856e+00  1.77640976e-02 
 7.28135911e+00  1.77728794e-02 
 7.29012965e+00  1.77816612e-02 
 7.29890020e+00  1.77904431e-02 
 7.30767074e+00  1.77992249e-02 
 7.31644129e+00  1.78080067e-02 
 7.32521183e+00  1.78167885e-02 
 7.33398238e+00  1.78255704e-02 
 7.34275292e+00  1.78343522e-02 
 7.35152347e+00  1.78431340e-02 
 7.36029401e+00  1.78519158e-02 
 7.36906456e+00  1.78606977e-02 
 7.37783510e+00  1.78694795e-02 
 7.38660565e+00  1.78782613e-02 
 7.39537619e+00  1.78870431e-02 
 7.40414673e+00  1.78958249e-02 
 7.41291728e+00  1.79046068e-02 
 7.42168782e+00  1.79133886e-02 
 7.43045837e+00  1.79221704e-02 
 7.43922891e+00  1.79309522e-02 
 7.44799946e+00  1.79397341e-02 
 7.45677000e+00  1.79485159e-02 
 7.46554055e+00  1.79572977e-02 
 7.47431109e+00  1.79660795e-02 
 7.48308164e+00  1.79748614e-02 
 7.49185218e+00  1.79836432e-02 
 7.50062273e+00  1.79924250e-02 
 7.50939327e+00  1.80012068e-02 
 7.51816382e+00  1.80099886e-02 
 7.52693436e+00  1.80187705e-02 
 7.53570491e+00  1.80275523e-02 
 7.54447545e+00  1.80363341e-02 
 7.55324600e+00  1.80451159e-02 
 7.56201654e+00  1.80538978e-02 
 7.57078709e+00  1.80626796e-02 
 7.57955763e+00  1.80714614e-02 
 7.58832817e+00  1.80802432e-02 
 7.59709872e+00  1.80890251e-02 
 7.60586926e+00  1.80978069e-02 
 7.61463981e+00  1.81065887e-02 
 7.62341035e+00  1.81153705e-02 
 7.63218090e+00  1.81241523e-02 
 7.64095144e+00  1.81329342e-02 
 7.64972199e+00  1.81417160e-02 
 7.65849253e+00  1.81504978e-02 
 7.66726308e+00  1.81592796e-02 
 7.67603362e+00  1.81680615e-02 
 7.68480417e+00  1.81768433e-02 
 7.69357471e+00  1.81856251e-02 
 7.70234526e+00  1.81944069e-02 
 7.71111580e+00  1.82031888e-02 
 7.71988635e+00  1.82119706e-02 
 7.72865689e+00  1.82207524e-02 
 7.73742744e+00  1.82295342e-02 
 7.74619798e+00  1.82383160e-02 
 7.75496853e+00  1.82470979e-02 
 7.76373907e+00  1.82558797e-02 
 7.77250962e+00  1.82646615e-02 
 7.78128016e+00  1.82734433e-02 
 7.79005070e+00  1.82822252e-02 
 7.79882125e+00  1.82910070e-02 
 7.80759179e+00  1.82997888e-02 
 7.81636234e+00  1.83085706e-02 
 7.82513288e+00  1.83173524e-02 
 7.83390343e+00  1.83261343e-02 
 7.84267397e+00  1.83349161e-02 
 7.85144452e+00  1.83436979e-02 
 7.86021506e+00  1.83524797e-02 
 7.86898561e+00  1.83612616e-02 
 7.87775615e+00  1.83700434e-02 
 7.88652670e+00  1.83788252e-02 
 7.89529724e+00  1.83876070e-02 
 7.90406779e+00  1.83963889e-02 
 7.91283833e+00  1.84051707e-02 
 7.92160888e+00  1.84139525e-02 
 7.93037942e+00  1.84227343e-02 
 7.93914997e+00  1.84315161e-02 
 7.94792051e+00  1.84402980e-02 
 7.95669106e+00  1.84490798e-02 
 7.96546160e+00  1.84578616e-02 
 7.97423215e+00  1.84666434e-02 
 7.98300269e+00  1.84754253e-02 
 7.99177323e+00  1.84842071e-02 
 8.00054378e+00  1.84929889e-02 
 8.00931432e+00  1.85017707e-02 
 8.01808487e+00  1.85105526e-02 
 8.02685541e+00  1.85193344e-02 
 8.03562596e+00  1.85281162e-02 
 8.04439650e+00  1.85368980e-02 
 8.05316705e+00  1.85456798e-02 
 8.06193759e+00  1.85544617e-02 
 8.07070814e+00  1.85632435e-02 
 8.07947868e+00  1.85720253e-02 
 8.08824923e+00  1.85808071e-02 
 8.09701977e+00  1.85895890e-02 
 8.10579032e+00  1.85983708e-02 
 8.11456086e+00  1.86071526e-02 
 8.12333141e+00  1.86159344e-02 
 8.13210195e+00  1.86247163e-02 
 8.14087250e+00  1.86334981e-02 
 8.14964304e+00  1.86422799e-02 
 8.15841359e+00  1.86510617e-02 
 8.16718413e+00  1.86598435e-02 
 8.17595468e+00  1.86686254e-02 
 8.18472522e+00  1.86774072e-02 
 8.19349576e+00  1.86861890e-02 
 8.20226631e+00  1.86949708e-02 
 8.21103685e+00  1.87037527e-02 
 8.21980740e+00  1.87125345e-02 
 8.22857794e+00  1.87213163e-02 
 8.23734849e+00  1.87300981e-02 
 8.24611903e+00  1.87388800e-02 
 8.25488958e+00  1.87476618e-02 
 8.26366012e+00  1.87564436e-02 
 8.27243067e+00  1.87652254e-02 
 8.28120121e+00  1.87740072e-02 
 8.28997176e+00  1.87827891e-02 
 8.29874230e+00  1.87915709e-02 
 8.30751285e+00  1.88003527e-02 
 8.31628339e+00  1.88091345e-02 
 8.32505394e+00  1.88179164e-02 
 8.33382448e+00  1.88266982e-02 
 8.34259503e+00  1.88354800e-02 
 8.35136557e+00  1.88442618e-02 
 8.36013612e+00  1.88530437e-02 
 8.36890666e+00  1.88618255e-02 
 8.37767721e+00  1.88706073e-02 
 8.38644775e+00  1.88793891e-02 
 8.39521829e+00  1.88881709e-02 
 8.40398884e+00  1.88969528e-02 
 8.41275938e+00  1.89057346e-02 
 8.42152993e+00  1.89145164e-02 
 8.43030047e+00  1.89232982e-02 
 8.43907102e+00  1.89320801e-02 
 8.44784156e+00  1.89408619e-02 
 8.45661211e+00  1.89496437e-02 
 8.46538265e+00  1.89584255e-02 
 8.47415320e+00  1.89672074e-02 
 8.48292374e+00  1.89759892e-02 
 8.49169429e+00  1.89847710e-02 
 8.50046483e+00  1.89935528e-02 
 8.50923538e+00  1.90023346e-02 
 8.51800592e+00  1.90111165e-02 
 8.52677647e+00  1.90198983e-02 
 8.53554701e+00  1.90286801e-02 
 8.54431756e+00  1.90374619e-02 
 8.55308810e+00  1.90462438e-02 
 8.56185865e+00  1.90550256e-02 
 8.57062919e+00  1.90638074e-02 
 8.57939973e+00  1.90725892e-02 
 8.58817028e+00  1.90813711e-02 
 8.59694082e+00  1.90901529e-02 
 8.60571137e+00  1.90989347e-02 
 8.61448191e+00  1.91077165e-02 
 8.62325246e+00  1.91164983e-02 
 8.63202300e+00  1.91252802e-02 
 8.64079355e+00  1.91340620e-02 
 8.64956409e+00  1.91428438e-02 
 8.65833464e+00  1.91516256e-02 
 8.66710518e+00  1.91604075e-02 
 8.67587573e+00  1.91691893e-02 
 8.68464627e+00  1.91779711e-02 
 8.69341682e+00  1.91867529e-02 
 8.70218736e+00  1.91955348e-02 
 8.71095791e+00  1.92043166e-02 
 8.71972845e+00  1.92130984e-02 
 8.72849900e+00  1.92218802e-02 
 8.73726954e+00  1.92306620e-02 
 8.74604009e+00  1.92394439e-02 
 8.75481063e+00  1.92482257e-02 
 8.76358118e+00  1.92570075e-02 
 8.77235172e+00  1.92657893e-02 
 8.78112226e+00  1.92745712e-02 
 8.78989281e+00  1.92833530e-02 
 8.79866335e+00  1.92921348e-02 
 8.80743390e+00  1.93009166e-02 
 8.81620444e+00  1.93096984e-02 
 8.82497499e+00  1.93184803e-02 
 8.83374553e+00  1.93272621e-02 
 8.84251608e+00  1.93360439e-02 
 8.85128662e+00  1.93448257e-02 
 8.86005717e+00  1.93536076e-02 
 8.86882771e+00  1.93623894e-02 
 8.87759826e+00  1.93711712e-02 
 8.88636880e+00  1.93799530e-02 
 8.89513935e+00  1.93887349e-02 
 8.90390989e+00  1.93975167e-02 
 8.91268044e+00  1.94062985e-02 
 8.92145098e+00  1.94150803e-02 
 8.93022153e+00  1.94238621e-02 
 8.93899207e+00  1.94326440e-02 
 8.94776262e+00  1.94414258e-02 
 8.95653316e+00  1.94502076e-02 
 8.96530371e+00  1.94589894e-02 
 8.97407425e+00  1.94677713e-02 
 8.98284479e+00  1.94765531e-02 
 8.99161534e+00  1.94853349e-02 
 9.00038588e+00  1.94941167e-02 
 9.00915643e+00  1.95028986e-02 
 9.01792697e+00  1.95116804e-02 
 9.02669752e+00  1.95204622e-02 
 9.03546806e+00  1.95292440e-02 
 9.04423861e+00  1.95380258e-02 
 9.05300915e+00  1.95468077e-02 
 9.06177970e+00  1.95555895e-02 
 9.07055024e+00  1.95643713e-02 
 9.07932079e+00  1.95731531e-02 
 9.08809133e+00  1.95819350e-02 
 9.09686188e+00  1.95907168e-02 
 9.10563242e+00  1.95994986e-02 
 9.11440297e+00  1.96082804e-02 
 9.12317351e+00  1.96170623e-02 
 9.13194406e+00  1.96258441e-02 
 9.14071460e+00  1.96346259e-02 
 9.14948515e+00  1.96434077e-02 
 9.15825569e+00  1.96521895e-02 
 9.16702624e+00  1.96609714e-02 
 9.17579678e+00  1.96697532e-02 
 9.18456732e+00  1.96785350e-02 
 9.19333787e+00  1.96873168e-02 
 9.20210841e+00  1.96960987e-02 
 9.21087896e+00  1.97048805e-02 
 9.21964950e+00  1.97136623e-02 
 9.22842005e+00  1.97224441e-02 
 9.23719059e+00  1.97312260e-02 
 9.24596114e+00  1.97400078e-02 
 9.25473168e+00  1.97487896e-02 
 9.26350223e+00  1.97575714e-02 
 9.27227277e+00  1.97663532e-02 
 9.28104332e+00  1.97751351e-02 
 9.28981386e+00  1.97839169e-02 
 9.29858441e+00  1.97926987e-02 
 9.30735495e+00  1.98014805e-02 
 9.31612550e+00  1.98102624e-02 
 9.32489604e+00  1.98190442e-02 
 9.33366659e+00  1.98278260e-02 
 9.34243713e+00  1.98366078e-02 
 9.35120768e+00  1.98453897e-02 
 9.35997822e+00  1.98541715e-02 
 9.36874877e+00  1.98629533e-02 
 9.37751931e+00  1.98717351e-02 
 9.38628985e+00  1.98805169e-02 
 9.39506040e+00  1.98892988e-02 
 9.40383094e+00  1.98980806e-02 
 9.41260149e+00  1.99068624e-02 
 9.42137203e+00  1.99156442e-02 
 9.43014258e+00  1.99244261e-02 
 9.43891312e+00  1.99332079e-02 
 9.44768367e+00  1.99419897e-02 
 9.45645421e+00  1.99507715e-02 
 9.46522476e+00  1.99595534e-02 
 9.47399530e+00  1.99683352e-02 
 9.48276585e+00  1.99771170e-02 
 9.49153639e+00  1.99858988e-02 
 9.50030694e+00  1.99946806e-02 
 9.50907748e+00  2.00034625e-02 
 9.51784803e+00  2.00122443e-02 
 9.52661857e+00  2.00210261e-02 
 9.53538912e+00  2.00298079e-02 
 9.54415966e+00  2.00385898e-02 
 9.55293021e+00  2.00473716e-02 
 9.56170075e+00  2.00561534e-02 
 9.57047129e+00  2.00649352e-02 
 9.57924184e+00  2.00737171e-02 
 9.58801238e+00  2.00824989e-02 
 9.59678293e+00  2.00912807e-02 
 9.60555347e+00  2.01000625e-02 
 9.61432402e+00  2.01088443e-02 
 9.62309456e+00  2.01176262e-02 
 9.63186511e+00  2.01264080e-02 
 9.64063565e+00  2.01351898e-02 
 9.64940620e+00  2.01439716e-02 
 9.65817674e+00  2.01527535e-02 
 9.66694729e+00  2.01615353e-02 
 9.67571783e+00  2.01703171e-02 
 9.68448838e+00  2.01790989e-02 
 9.69325892e+00  2.01878808e-02 
 9.70202947e+00  2.01966626e-02 
 9.71080001e+00  2.02054444e-02 
 9.71957056e+00  2.02142262e-02 
 9.72834110e+00  2.02230080e-02 
 9.73711165e+00  2.02317899e-02 
 9.74588219e+00  2.02405717e-02 
 9.75465274e+00  2.02493535e-02 
 9.76342328e+00  2.02581353e-02 
 9.77219382e+00  2.02669172e-02 
 9.78096437e+00  2.02756990e-02 
 9.78973491e+00  2.02844808e-02 
 9.79850546e+00  2.02932626e-02 
 9.80727600e+00  2.03020445e-02 
 9.81604655e+00  2.03108263e-02 
 9.82481709e+00  2.03196081e-02 
 9.83358764e+00  2.03283899e-02 
 9.84235818e+00  2.03371717e-02 
 9.85112873e+00  2.03459536e-02 
 9.85989927e+00  2.03547354e-02 
 9.86866982e+00  2.03635172e-02 
 9.87744036e+00  2.03722990e-02 
 9.88621091e+00  2.03810809e-02 
 9.89498145e+00  2.03898627e-02 
 9.90375200e+00  2.03986445e-02 
 9.91252254e+00  2.04074263e-02 
 9.92129309e+00  2.04162081e-02 
 9.93006363e+00  2.04249900e-02 
 9.93883418e+00  2.04337718e-02 
 9.94760472e+00  2.04425536e-02 
 9.95637527e+00  2.04513354e-02 
 9.96514581e+00  2.04601173e-02 
 9.97391635e+00  2.04688991e-02 
 9.98268690e+00  2.04776809e-02 
 9.99145744e+00  2.04864627e-02 
 1.00002280e+01  2.04952446e-02 
 1.00089985e+01  2.05040264e-02 
 1.00177691e+01  2.05128082e-02 
 1.00265396e+01  2.05215900e-02 
 1.00353102e+01  2.05303718e-02 
 1.00440807e+01  2.05391537e-02 
 1.00528513e+01  2.05479355e-02 
 1.00616218e+01  2.05567173e-02 
 1.00703923e+01  2.05654991e-02 
 1.00791629e+01  2.05742810e-02 
 1.00879334e+01  2.05830628e-02 
 1.00967040e+01  2.05918446e-02 
 1.01054745e+01  2.06006264e-02 
 1.01142451e+01  2.06094083e-02 
 1.01230156e+01  2.06181901e-02 
 1.01317862e+01  2.06269719e-02 
 1.01405567e+01  2.06357537e-02 
 1.01493273e+01  2.06445355e-02 
 1.01580978e+01  2.06533174e-02 
 1.01668683e+01  2.06620992e-02 
 1.01756389e+01  2.06708810e-02 
 1.01844094e+01  2.06796628e-02 
 1.01931800e+01  2.06884447e-02 
 1.02019505e+01  2.06972265e-02 
 1.02107211e+01  2.07060083e-02 
 1.02194916e+01  2.07147901e-02 
 1.02282622e+01  2.07235720e-02 
 1.02370327e+01  2.07323538e-02 
 1.02458032e+01  2.07411356e-02 
 1.02545738e+01  2.07499174e-02 
 1.02633443e+01  2.07586992e-02 
 1.02721149e+01  2.07674811e-02 
 1.02808854e+01  2.07762629e-02 
 1.02896560e+01  2.07850447e-02 
 1.02984265e+01  2.07938265e-02 
 1.03071971e+01  2.08026084e-02 
 1.03159676e+01  2.08113902e-02 
 1.03247381e+01  2.08201720e-02 
 1.03335087e+01  2.08289538e-02 
 1.03422792e+01  2.08377357e-02 
 1.03510498e+01  2.08465175e-02 
 1.03598203e+01  2.08552993e-02 
 1.03685909e+01  2.08640811e-02 
 1.03773614e+01  2.08728629e-02 
 1.03861320e+01  2.08816448e-02 
 1.03949025e+01  2.08904266e-02 
 1.04036730e+01  2.08992084e-02 
 1.04124436e+01  2.09079902e-02 
 1.04212141e+01  2.09167721e-02 
 1.04299847e+01  2.09255539e-02 
 1.04387552e+01  2.09343357e-02 
 1.04475258e+01  2.09431175e-02 
 1.04562963e+01  2.09518994e-02 
 1.04650669e+01  2.09606812e-02 
 1.04738374e+01  2.09694630e-02 
 1.04826080e+01  2.09782448e-02 
 1.04913785e+01  2.09870266e-02 
 1.05001490e+01  2.09958085e-02 
 1.05089196e+01  2.10045903e-02 
 1.05176901e+01  2.10133721e-02 
 1.05264607e+01  2.10221539e-02 
 1.05352312e+01  2.10309358e-02 
 1.05440018e+01  2.10397176e-02 
 1.05527723e+01  2.10484994e-02 
 1.05615429e+01  2.10572812e-02 
 1.05703134e+01  2.10660631e-02 
 1.05790839e+01  2.10748449e-02 
 1.05878545e+01  2.10836267e-02 
 1.05966250e+01  2.10924085e-02 
 1.06053956e+01  2.11011903e-02 
 1.06141661e+01  2.11099722e-02 
 1.06229367e+01  2.11187540e-02 
 1.06317072e+01  2.11275358e-02 
 1.06404778e+01  2.11363176e-02 
 1.06492483e+01  2.11450995e-02 
 1.06580188e+01  2.11538813e-02 
 1.06667894e+01  2.11626631e-02 
 1.06755599e+01  2.11714449e-02 
 1.06843305e+01  2.11802268e-02 
 1.06931010e+01  2.11890086e-02 
 1.07018716e+01  2.11977904e-02 
 1.07106421e+01  2.12065722e-02 
 1.07194127e+01  2.12153540e-02 
 1.07281832e+01  2.12241359e-02 
 1.07369538e+01  2.12329177e-02 
 1.07457243e+01  2.12416995e-02 
 1.07544948e+01  2.12504813e-02 
 1.07632654e+01  2.12592632e-02 
 1.07720359e+01  2.12680450e-02 
 1.07808065e+01  2.12768268e-02 
 1.07895770e+01  2.12856086e-02 
 1.07983476e+01  2.12943905e-02 
 1.08071181e+01  2.13031723e-02 
 1.08158887e+01  2.13119541e-02 
 1.08246592e+01  2.13207359e-02 
 1.08334297e+01  2.13295177e-02 
 1.08422003e+01  2.13382996e-02 
 1.08509708e+01  2.13470814e-02 
 1.08597414e+01  2.13558632e-02 
 1.08685119e+01  2.13646450e-02 
 1.08772825e+01  2.13734269e-02 
 1.08860530e+01  2.13822087e-02 
 1.08948236e+01  2.13909905e-02 
 1.09035941e+01  2.13997723e-02 
 1.09123646e+01  2.14085542e-02 
 1.09211352e+01  2.14173360e-02 
 1.09299057e+01  2.14261178e-02 
 1.09386763e+01  2.14348996e-02 
 1.09474468e+01  2.14436814e-02 
 1.09562174e+01  2.14524633e-02 
 1.09649879e+01  2.14612451e-02 
 1.09737585e+01  2.14700269e-02 
 1.09825290e+01  2.14788087e-02 
 1.09912995e+01  2.14875906e-02 
 1.10000701e+01  2.14963724e-02 
 1.10088406e+01  2.15051542e-02 
 1.10176112e+01  2.15139360e-02 
 1.10263817e+01  2.15227178e-02 
 1.10351523e+01  2.15314997e-02 
 1.10439228e+01  2.15402815e-02 
 1.10526934e+01  2.15490633e-02 
 1.10614639e+01  2.15578451e-02 
 1.10702345e+01  2.15666270e-02 
 1.10790050e+01  2.15754088e-02 
 1.10877755e+01  2.15841906e-02 
 1.10965461e+01  2.15929724e-02 
 1.11053166e+01  2.16017543e-02 
 1.11140872e+01  2.16105361e-02 
 1.11228577e+01  2.16193179e-02 
 1.11316283e+01  2.16280997e-02 
 1.11403988e+01  2.16368815e-02 
 1.11491694e+01  2.16456634e-02 
 1.11579399e+01  2.16544452e-02 
 1.11667104e+01  2.16632270e-02 
 1.11754810e+01  2.16720088e-02 
 1.11842515e+01  2.16807907e-02 
 1.11930221e+01  2.16895725e-02 
 1.12017926e+01  2.16983543e-02 
 1.12105632e+01  2.17071361e-02 
 1.12193337e+01  2.17159180e-02 
 1.12281043e+01  2.17246998e-02 
 1.12368748e+01  2.17334816e-02 
 1.12456453e+01  2.17422634e-02 
 1.12544159e+01  2.17510452e-02 
 1.12631864e+01  2.17598271e-02 
 1.12719570e+01  2.17686089e-02 
 1.12807275e+01  2.17773907e-02 
 1.12894981e+01  2.17861725e-02 
 1.12982686e+01  2.17949544e-02 
 1.13070392e+01  2.18037362e-02 
 1.13158097e+01  2.18125180e-02 
 1.13245803e+01  2.18212998e-02 
 1.13333508e+01  2.18300817e-02 
 1.13421213e+01  2.18388635e-02 
 1.13508919e+01  2.18476453e-02 
 1.13596624e+01  2.18564271e-02 
 1.13684330e+01  2.18652089e-02 
 1.13772035e+01  2.18739908e-02 
 1.13859741e+01  2.18827726e-02 
 1.13947446e+01  2.18915544e-02 
 1.14035152e+01  2.19003362e-02 
 1.14122857e+01  2.19091181e-02 
 1.14210562e+01  2.19178999e-02 
 1.14298268e+01  2.19266817e-02 
 1.14385973e+01  2.19354635e-02 
 1.14473679e+01  2.19442454e-02 
 1.14561384e+01  2.19530272e-02 
 1.14649090e+01  2.19618090e-02 
 1.14736795e+01  2.19705908e-02 
 1.14824501e+01  2.19793726e-02 
 1.14912206e+01  2.19881545e-02 
 1.14999911e+01  2.19969363e-02 
 1.15087617e+01  2.20057181e-02 
 1.15175322e+01  2.20144999e-02 
 1.15263028e+01  2.20232818e-02 
 1.15350733e+01  2.20320636e-02 
 1.15438439e+01  2.20408454e-02 
 1.15526144e+01  2.20496272e-02 
 1.15613850e+01  2.20584091e-02 
 1.15701555e+01  2.20671909e-02 
 1.15789260e+01  2.20759727e-02 
 1.15876966e+01  2.20847545e-02 
 1.15964671e+01  2.20935363e-02 
 1.16052377e+01  2.21023182e-02 
 1.16140082e+01  2.21111000e-02 
 1.16227788e+01  2.21198818e-02 
 1.16315493e+01  2.21286636e-02 
 1.16403199e+01  2.21374455e-02 
 1.16490904e+01  2.21462273e-02 
 1.16578610e+01  2.21550091e-02 
 1.16666315e+01  2.21637909e-02 
 1.16754020e+01  2.21725728e-02 
 1.16841726e+01  2.21813546e-02 
 1.16929431e+01  2.21901364e-02 
 1.17017137e+01  2.21989182e-02 
 1.17104842e+01  2.22077000e-02 
 1.17192548e+01  2.22164819e-02 
 1.17280253e+01  2.22252637e-02 
 1.17367959e+01  2.22340455e-02 
 1.17455664e+01  2.22428273e-02 
 1.17543369e+01  2.22516092e-02 
 1.17631075e+01  2.22603910e-02 
 1.17718780e+01  2.22691728e-02 
 1.17806486e+01  2.22779546e-02 
 1.17894191e+01  2.22867365e-02 
 1.17981897e+01  2.22955183e-02 
 1.18069602e+01  2.23043001e-02 
 1.18157308e+01  2.23130819e-02 
 1.18245013e+01  2.23218637e-02 
 1.18332718e+01  2.23306456e-02 
 1.18420424e+01  2.23394274e-02 
 1.18508129e+01  2.23482092e-02 
 1.18595835e+01  2.23569910e-02 
 1.18683540e+01  2.23657729e-02 
 1.18771246e+01  2.23745547e-02 
 1.18858951e+01  2.23833365e-02 
 1.18946657e+01  2.23921183e-02 
 1.19034362e+01  2.24009002e-02 
 1.19122068e+01  2.24096820e-02 
 1.19209773e+01  2.24184638e-02 
 1.19297478e+01  2.24272456e-02 
 1.19385184e+01  2.24360274e-02 
 1.19472889e+01  2.24448093e-02 
 1.19560595e+01  2.24535911e-02 
 1.19648300e+01  2.24623729e-02 
 1.19736006e+01  2.24711547e-02 
 1.19823711e+01  2.24799366e-02 
 1.19911417e+01  2.24887184e-02 
 1.19999122e+01  2.24975002e-02 
 1.20086827e+01  2.25062820e-02 
 1.20174533e+01  2.25150639e-02 
 1.20262238e+01  2.25238457e-02 
 1.20349944e+01  2.25326275e-02 
 1.20437649e+01  2.25414093e-02 
 1.20525355e+01  2.25501911e-02 
 1.20613060e+01  2.25589730e-02 
 1.20700766e+01  2.25677548e-02 
 1.20788471e+01  2.25765366e-02 
 1.20876176e+01  2.25853184e-02 
 1.20963882e+01  2.25941003e-02 
 1.21051587e+01  2.26028821e-02 
 1.21139293e+01  2.26116639e-02 
 1.21226998e+01  2.26204457e-02 
 1.21314704e+01  2.26292276e-02 
 1.21402409e+01  2.26380094e-02 
 1.21490115e+01  2.26467912e-02 
 1.21577820e+01  2.26555730e-02 
 1.21665525e+01  2.26643548e-02 
 1.21753231e+01  2.26731367e-02 
 1.21840936e+01  2.26819185e-02 
 1.21928642e+01  2.26907003e-02 
 1.22016347e+01  2.26994821e-02 
 1.22104053e+01  2.27082640e-02 
 1.22191758e+01  2.27170458e-02 
 1.22279464e+01  2.27258276e-02 
 1.22367169e+01  2.27346094e-02 
 1.22454875e+01  2.27433913e-02 
 1.22542580e+01  2.27521731e-02 
 1.22630285e+01  2.27609549e-02 
 1.22717991e+01  2.27697367e-02 
 1.22805696e+01  2.27785185e-02 
 1.22893402e+01  2.27873004e-02 
 1.22981107e+01  2.27960822e-02 
 1.23068813e+01  2.28048640e-02 
 1.23156518e+01  2.28136458e-02 
 1.23244224e+01  2.28224277e-02 
 1.23331929e+01  2.28312095e-02 
 1.23419634e+01  2.28399913e-02 
 1.23507340e+01  2.28487731e-02 
 1.23595045e+01  2.28575549e-02 
 1.23682751e+01  2.28663368e-02 
 1.23770456e+01  2.28751186e-02 
 1.23858162e+01  2.28839004e-02 
 1.23945867e+01  2.28926822e-02 
 1.24033573e+01  2.29014641e-02 
 1.24121278e+01  2.29102459e-02 
 1.24208983e+01  2.29190277e-02 
 1.24296689e+01  2.29278095e-02 
 1.24384394e+01  2.29365914e-02 
 1.24472100e+01  2.29453732e-02 
 1.24559805e+01  2.29541550e-02 
 1.24647511e+01  2.29629368e-02 
 1.24735216e+01  2.29717186e-02 
 1.24822922e+01  2.29805005e-02 
 1.24910627e+01  2.29892823e-02 
 1.24998333e+01  2.29980641e-02 
 1.25086038e+01  2.30068459e-02 
 1.25173743e+01  2.30156278e-02 
 1.25261449e+01  2.30244096e-02 
 1.25349154e+01  2.30331914e-02 
 1.25436860e+01  2.30419732e-02 
 1.25524565e+01  2.30507551e-02 
 1.25612271e+01  2.30595369e-02 
 1.25699976e+01  2.30683187e-02 
 1.25787682e+01  2.30771005e-02 
 1.25875387e+01  2.30858823e-02 
 1.25963092e+01  2.30946642e-02 
 1.26050798e+01  2.31034460e-02 
 1.26138503e+01  2.31122278e-02 
 1.26226209e+01  2.31210096e-02 
 1.26313914e+01  2.31297915e-02 
 1.26401620e+01  2.31385733e-02 
 1.26489325e+01  2.31473551e-02 
 1.26577031e+01  2.31561369e-02 
 1.26664736e+01  2.31649188e-02 
 1.26752441e+01  2.31737006e-02 
 1.26840147e+01  2.31824824e-02 
 1.26927852e+01  2.31912642e-02 
 1.27015558e+01  2.32000460e-02 
 1.27103263e+01  2.32088279e-02 
 1.27190969e+01  2.32176097e-02 
 1.27278674e+01  2.32263915e-02 
 1.27366380e+01  2.32351733e-02 
 1.27454085e+01  2.32439552e-02 
 1.27541790e+01  2.32527370e-02 
 1.27629496e+01  2.32615188e-02 
 1.27717201e+01  2.32703006e-02 
 1.27804907e+01  2.32790825e-02 
 1.27892612e+01  2.32878643e-02 
 1.27980318e+01  2.32966461e-02 
 1.28068023e+01  2.33054279e-02 
 1.28155729e+01  2.33142097e-02 
 1.28243434e+01  2.33229916e-02 
 1.28331140e+01  2.33317734e-02 
 1.28418845e+01  2.33405552e-02 
 1.28506550e+01  2.33493370e-02 
 1.28594256e+01  2.33581189e-02 
 1.28681961e+01  2.33669007e-02 
 1.28769667e+01  2.33756825e-02 
 1.28857372e+01  2.33844643e-02 
 1.28945078e+01  2.33932462e-02 
 1.29032783e+01  2.34020280e-02 
 1.29120489e+01  2.34108098e-02 
 1.29208194e+01  2.34195916e-02 
 1.29295899e+01  2.34283734e-02 
 1.29383605e+01  2.34371553e-02 
 1.29471310e+01  2.34459371e-02 
 1.29559016e+01  2.34547189e-02 
 1.29646721e+01  2.34635007e-02 
 1.29734427e+01  2.34722826e-02 
 1.29822132e+01  2.34810644e-02 
 1.29909838e+01  2.34898462e-02 
 1.29997543e+01  2.34986280e-02 
 1.30085248e+01  2.35074099e-02 
 1.30172954e+01  2.35161917e-02 
 1.30260659e+01  2.35249735e-02 
 1.30348365e+01  2.35337553e-02 
 1.30436070e+01  2.35425371e-02 
 1.30523776e+01  2.35513190e-02 
 1.30611481e+01  2.35601008e-02 
 1.30699187e+01  2.35688826e-02 
 1.30786892e+01  2.35776644e-02 
 1.30874598e+01  2.35864463e-02 
 1.30962303e+01  2.35952281e-02 
 1.31050008e+01  2.36040099e-02 
 1.31137714e+01  2.36127917e-02 
 1.31225419e+01  2.36215736e-02 
 1.31313125e+01  2.36303554e-02 
 1.31400830e+01  2.36391372e-02 
 1.31488536e+01  2.36479190e-02 
 1.31576241e+01  2.36567008e-02 
 1.31663947e+01  2.36654827e-02 
 1.31751652e+01  2.36742645e-02 
 1.31839357e+01  2.36830463e-02 
 1.31927063e+01  2.36918281e-02 
 1.32014768e+01  2.37006100e-02 
 1.32102474e+01  2.37093918e-02 
 1.32190179e+01  2.37181736e-02 
 1.32277885e+01  2.37269554e-02 
 1.32365590e+01  2.37357373e-02 
 1.32453296e+01  2.37445191e-02 
 1.32541001e+01  2.37533009e-02 
 1.32628706e+01  2.37620827e-02 
 1.32716412e+01  2.37708645e-02 
 1.32804117e+01  2.37796464e-02 
 1.32891823e+01  2.37884282e-02 
