-1.61763392e+00 -1.48665823e-02 
-1.61748520e+00 -1.47962389e-02 
-1.61733710e+00 -1.47259120e-02 
-1.61718892e+00 -1.46555858e-02 
-1.61704056e+00 -1.45852608e-02 
-1.61689202e+00 -1.45149370e-02 
-1.61674330e+00 -1.44446144e-02 
-1.61659440e+00 -1.43742932e-02 
-1.61644532e+00 -1.43039731e-02 
-1.61629606e+00 -1.42336544e-02 
-1.61614661e+00 -1.41633369e-02 
-1.61599698e+00 -1.40930207e-02 
-1.61584717e+00 -1.40227058e-02 
-1.61569717e+00 -1.39523921e-02 
-1.61554698e+00 -1.38820798e-02 
-1.61539660e+00 -1.38117688e-02 
-1.61524604e+00 -1.37414591e-02 
-1.61509529e+00 -1.36711507e-02 
-1.61494434e+00 -1.36008437e-02 
-1.61479320e+00 -1.35305380e-02 
-1.61464187e+00 -1.34602336e-02 
-1.61449035e+00 -1.33899306e-02 
-1.61433863e+00 -1.33196290e-02 
-1.61418671e+00 -1.32493287e-02 
-1.61403460e+00 -1.31790298e-02 
-1.61388229e+00 -1.31087323e-02 
-1.61372978e+00 -1.30384362e-02 
-1.61357707e+00 -1.29681414e-02 
-1.61342416e+00 -1.28978481e-02 
-1.61327104e+00 -1.28275562e-02 
-1.61311772e+00 -1.27572657e-02 
-1.61296420e+00 -1.26869767e-02 
-1.61281047e+00 -1.26166890e-02 
-1.61265653e+00 -1.25464029e-02 
-1.61250239e+00 -1.24761182e-02 
-1.61234803e+00 -1.24058349e-02 
-1.61219347e+00 -1.23355531e-02 
-1.61203869e+00 -1.22652728e-02 
-1.61188370e+00 -1.21949940e-02 
-1.61172849e+00 -1.21247167e-02 
-1.61157307e+00 -1.20544409e-02 
-1.61141743e+00 -1.19841667e-02 
-1.61126158e+00 -1.19138939e-02 
-1.61110550e+00 -1.18436227e-02 
-1.61094921e+00 -1.17733530e-02 
-1.61079269e+00 -1.17030849e-02 
-1.61063595e+00 -1.16328183e-02 
-1.61047898e+00 -1.15625533e-02 
-1.61032179e+00 -1.14922899e-02 
-1.61016438e+00 -1.14220281e-02 
-1.61000673e+00 -1.13517678e-02 
-1.60984885e+00 -1.12815092e-02 
-1.60969075e+00 -1.12112522e-02 
-1.60953241e+00 -1.11409969e-02 
-1.60937383e+00 -1.10707431e-02 
-1.60921503e+00 -1.10004910e-02 
-1.60905598e+00 -1.09302406e-02 
-1.60889670e+00 -1.08599918e-02 
-1.60873718e+00 -1.07897448e-02 
-1.60857741e+00 -1.07194994e-02 
-1.60841741e+00 -1.06492557e-02 
-1.60825716e+00 -1.05790137e-02 
-1.60809666e+00 -1.05087734e-02 
-1.60793592e+00 -1.04385349e-02 
-1.60777493e+00 -1.03682981e-02 
-1.60761369e+00 -1.02980631e-02 
-1.60745220e+00 -1.02278298e-02 
-1.60729046e+00 -1.01575983e-02 
-1.60712846e+00 -1.00873686e-02 
-1.60696620e+00 -1.00171407e-02 
-1.60680369e+00 -9.94691461e-03 
-1.60664092e+00 -9.87669032e-03 
-1.60647789e+00 -9.80646788e-03 
-1.60631459e+00 -9.73624727e-03 
-1.60615103e+00 -9.66602852e-03 
-1.60598721e+00 -9.59581164e-03 
-1.60582311e+00 -9.52559664e-03 
-1.60565875e+00 -9.45538354e-03 
-1.60549412e+00 -9.38517233e-03 
-1.60532921e+00 -9.31496305e-03 
-1.60516403e+00 -9.24475569e-03 
-1.60499858e+00 -9.17455028e-03 
-1.60483284e+00 -9.10434682e-03 
-1.60466683e+00 -9.03414533e-03 
-1.60450053e+00 -8.96394582e-03 
-1.60433395e+00 -8.89374831e-03 
-1.60416709e+00 -8.82355280e-03 
-1.60399994e+00 -8.75335931e-03 
-1.60383250e+00 -8.68316786e-03 
-1.60366476e+00 -8.61297846e-03 
-1.60349674e+00 -8.54279112e-03 
-1.60332842e+00 -8.47260586e-03 
-1.60315980e+00 -8.40242269e-03 
-1.60299089e+00 -8.33224162e-03 
-1.60282167e+00 -8.26206267e-03 
-1.60265215e+00 -8.19188586e-03 
-1.60248232e+00 -8.12171119e-03 
-1.60231219e+00 -8.05153869e-03 
-1.60214175e+00 -7.98136837e-03 
-1.60197100e+00 -7.91120024e-03 
-1.60179993e+00 -7.84103432e-03 
-1.60162855e+00 -7.77087062e-03 
-1.60145685e+00 -7.70070916e-03 
-1.60128483e+00 -7.63054996e-03 
-1.60111249e+00 -7.56039304e-03 
-1.60093983e+00 -7.49023840e-03 
-1.60076683e+00 -7.42008606e-03 
-1.60059351e+00 -7.34993605e-03 
-1.60041986e+00 -7.27978837e-03 
-1.60024587e+00 -7.20964305e-03 
-1.60007155e+00 -7.13950010e-03 
-1.59989689e+00 -7.06935953e-03 
-1.59972188e+00 -6.99922138e-03 
-1.59954654e+00 -6.92908564e-03 
-1.59937084e+00 -6.85895235e-03 
-1.59919480e+00 -6.78882152e-03 
-1.59901841e+00 -6.71869317e-03 
-1.59884167e+00 -6.64856731e-03 
-1.59866457e+00 -6.57844397e-03 
-1.59848711e+00 -6.50832316e-03 
-1.59830929e+00 -6.43820490e-03 
-1.59813110e+00 -6.36808921e-03 
-1.59795255e+00 -6.29797612e-03 
-1.59777363e+00 -6.22786563e-03 
-1.59759433e+00 -6.15775778e-03 
-1.59741467e+00 -6.08765257e-03 
-1.59723462e+00 -6.01755004e-03 
-1.59705419e+00 -5.94745020e-03 
-1.59687338e+00 -5.87735306e-03 
-1.59669218e+00 -5.80725867e-03 
-1.59651060e+00 -5.73716702e-03 
-1.59632862e+00 -5.66707815e-03 
-1.59614624e+00 -5.59699208e-03 
-1.59596347e+00 -5.52690883e-03 
-1.59578029e+00 -5.45682842e-03 
-1.59559671e+00 -5.38675087e-03 
-1.59541272e+00 -5.31667621e-03 
-1.59522832e+00 -5.24660446e-03 
-1.59504351e+00 -5.17653564e-03 
-1.59485828e+00 -5.10646978e-03 
-1.59467262e+00 -5.03640690e-03 
-1.59448654e+00 -4.96634702e-03 
-1.59430004e+00 -4.89629018e-03 
-1.59411310e+00 -4.82623638e-03 
-1.59392573e+00 -4.75618567e-03 
-1.59373792e+00 -4.68613806e-03 
-1.59354966e+00 -4.61609357e-03 
-1.59336097e+00 -4.54605225e-03 
-1.59317182e+00 -4.47601410e-03 
-1.59298222e+00 -4.40597917e-03 
-1.59279216e+00 -4.33594747e-03 
-1.59260164e+00 -4.26591903e-03 
-1.59241066e+00 -4.19589388e-03 
-1.59221921e+00 -4.12587205e-03 
-1.59202728e+00 -4.05585357e-03 
-1.59183489e+00 -3.98583846e-03 
-1.59164201e+00 -3.91582676e-03 
-1.59144864e+00 -3.84581848e-03 
-1.59125479e+00 -3.77581368e-03 
-1.59106044e+00 -3.70581236e-03 
-1.59086560e+00 -3.63581457e-03 
-1.59067025e+00 -3.56582034e-03 
-1.59047440e+00 -3.49582969e-03 
-1.59027804e+00 -3.42584265e-03 
-1.59008117e+00 -3.35585927e-03 
-1.58988377e+00 -3.28587957e-03 
-1.58968586e+00 -3.21590359e-03 
-1.58948741e+00 -3.14593136e-03 
-1.58928843e+00 -3.07596291e-03 
-1.58908891e+00 -3.00599827e-03 
-1.58888885e+00 -2.93603749e-03 
-1.58868824e+00 -2.86608060e-03 
-1.58848708e+00 -2.79612763e-03 
-1.58828536e+00 -2.72617862e-03 
-1.58808307e+00 -2.65623360e-03 
-1.58788022e+00 -2.58629262e-03 
-1.58767679e+00 -2.51635571e-03 
-1.58747279e+00 -2.44642292e-03 
-1.58726820e+00 -2.37649426e-03 
-1.58706302e+00 -2.30656980e-03 
-1.58685725e+00 -2.23664957e-03 
-1.58665087e+00 -2.16673360e-03 
-1.58644389e+00 -2.09682195e-03 
-1.58623629e+00 -2.02691464e-03 
-1.58602808e+00 -1.95701173e-03 
-1.58581924e+00 -1.88711326e-03 
-1.58560977e+00 -1.81721927e-03 
-1.58539966e+00 -1.74732980e-03 
-1.58518891e+00 -1.67744490e-03 
-1.58497751e+00 -1.60756462e-03 
-1.58476545e+00 -1.53768899e-03 
-1.58455274e+00 -1.46781808e-03 
-1.58433935e+00 -1.39795192e-03 
-1.58412528e+00 -1.32809056e-03 
-1.58391054e+00 -1.25823406e-03 
-1.58369510e+00 -1.18838246e-03 
-1.58347897e+00 -1.11853581e-03 
-1.58326213e+00 -1.04869417e-03 
-1.58304458e+00 -9.78857583e-04 
-1.58282631e+00 -9.09026106e-04 
-1.58260732e+00 -8.39199792e-04 
-1.58238759e+00 -7.69378695e-04 
-1.58216712e+00 -6.99562872e-04 
-1.58194590e+00 -6.29752378e-04 
-1.58172392e+00 -5.59947271e-04 
-1.58150118e+00 -4.90147608e-04 
-1.58127767e+00 -4.20353449e-04 
-1.58105337e+00 -3.50564854e-04 
-1.58082828e+00 -2.80781884e-04 
-1.58060239e+00 -2.11004600e-04 
-1.58037569e+00 -1.41233066e-04 
-1.58014818e+00 -7.14673460e-05 
-1.57991984e+00 -1.70750485e-06 
-1.57969066e+00  6.80463912e-05 
-1.57946064e+00  1.37794275e-04 
-1.57922976e+00  2.07536078e-04 
-1.57899802e+00  2.77271730e-04 
-1.57876541e+00  3.47001161e-04 
-1.57853191e+00  4.16724299e-04 
-1.57829751e+00  4.86441071e-04 
-1.57806221e+00  5.56151401e-04 
-1.57782600e+00  6.25855214e-04 
-1.57758886e+00  6.95552434e-04 
-1.57735078e+00  7.65242981e-04 
-1.57711175e+00  8.34926775e-04 
-1.57687177e+00  9.04603736e-04 
-1.57663081e+00  9.74273780e-04 
-1.57638887e+00  1.04393682e-03 
-1.57614593e+00  1.11359278e-03 
-1.57590199e+00  1.18324156e-03 
-1.57565702e+00  1.25288308e-03 
-1.57541102e+00  1.32251724e-03 
-1.57516398e+00  1.39214396e-03 
-1.57491588e+00  1.46176314e-03 
-1.57466671e+00  1.53137468e-03 
-1.57441645e+00  1.60097849e-03 
-1.57416509e+00  1.67057446e-03 
-1.57391261e+00  1.74016250e-03 
-1.57365901e+00  1.80974250e-03 
-1.57340427e+00  1.87931436e-03 
-1.57314836e+00  1.94887796e-03 
-1.57289128e+00  2.01843321e-03 
-1.57263302e+00  2.08797998e-03 
-1.57237355e+00  2.15751816e-03 
-1.57211285e+00  2.22704764e-03 
-1.57185092e+00  2.29656830e-03 
-1.57158774e+00  2.36608001e-03 
-1.57132328e+00  2.43558266e-03 
-1.57105753e+00  2.50507611e-03 
-1.57079047e+00  2.57456025e-03 
-1.57052209e+00  2.64403493e-03 
-1.57025236e+00  2.71350002e-03 
-1.56998127e+00  2.78295538e-03 
-1.56970879e+00  2.85240089e-03 
-1.56943491e+00  2.92183638e-03 
-1.56915961e+00  2.99126172e-03 
-1.56888286e+00  3.06067676e-03 
-1.56860464e+00  3.13008134e-03 
-1.56832493e+00  3.19947531e-03 
-1.56804372e+00  3.26885850e-03 
-1.56776097e+00  3.33823077e-03 
-1.56747666e+00  3.40759193e-03 
-1.56719077e+00  3.47694182e-03 
-1.56690328e+00  3.54628026e-03 
-1.56661416e+00  3.61560708e-03 
-1.56632338e+00  3.68492209e-03 
-1.56603091e+00  3.75422510e-03 
-1.56573674e+00  3.82351593e-03 
-1.56544084e+00  3.89279438e-03 
-1.56514317e+00  3.96206024e-03 
-1.56484370e+00  4.03131332e-03 
-1.56454242e+00  4.10055340e-03 
-1.56423928e+00  4.16978026e-03 
-1.56393426e+00  4.23899369e-03 
-1.56362732e+00  4.30819345e-03 
-1.56331843e+00  4.37737933e-03 
-1.56300757e+00  4.44655106e-03 
-1.56269468e+00  4.51570842e-03 
-1.56237975e+00  4.58485116e-03 
-1.56206273e+00  4.65397900e-03 
-1.56174359e+00  4.72309170e-03 
-1.56142228e+00  4.79218898e-03 
-1.56109878e+00  4.86127056e-03 
-1.56077303e+00  4.93033616e-03 
-1.56044501e+00  4.99938548e-03 
-1.56011466e+00  5.06841821e-03 
-1.55978194e+00  5.13743406e-03 
-1.55944681e+00  5.20643271e-03 
-1.55910923e+00  5.27541381e-03 
-1.55876914e+00  5.34437705e-03 
-1.55842649e+00  5.41332206e-03 
-1.55808125e+00  5.48224850e-03 
-1.55773335e+00  5.55115600e-03 
-1.55738274e+00  5.62004418e-03 
-1.55702937e+00  5.68891265e-03 
-1.55667318e+00  5.75776101e-03 
-1.55631412e+00  5.82658884e-03 
-1.55595212e+00  5.89539573e-03 
-1.55558712e+00  5.96418122e-03 
-1.55521907e+00  6.03294488e-03 
-1.55484789e+00  6.10168623e-03 
-1.55447351e+00  6.17040479e-03 
-1.55409588e+00  6.23910006e-03 
-1.55371491e+00  6.30777152e-03 
-1.55333053e+00  6.37641866e-03 
-1.55294266e+00  6.44504092e-03 
-1.55255123e+00  6.51363772e-03 
-1.55215616e+00  6.58220850e-03 
-1.55175735e+00  6.65075263e-03 
-1.55135472e+00  6.71926950e-03 
-1.55094818e+00  6.78775845e-03 
-1.55053764e+00  6.85621881e-03 
-1.55012299e+00  6.92464988e-03 
-1.54970414e+00  6.99305094e-03 
-1.54928099e+00  7.06142125e-03 
-1.54885341e+00  7.12976001e-03 
-1.54842131e+00  7.19806644e-03 
-1.54798455e+00  7.26633969e-03 
-1.54754303e+00  7.33457889e-03 
-1.54709662e+00  7.40278314e-03 
-1.54664517e+00  7.47095150e-03 
-1.54618857e+00  7.53908299e-03 
-1.54572666e+00  7.60717660e-03 
-1.54525929e+00  7.67523126e-03 
-1.54478631e+00  7.74324588e-03 
-1.54430757e+00  7.81121930e-03 
-1.54382289e+00  7.87915033e-03 
-1.54333209e+00  7.94703772e-03 
-1.54283501e+00  8.01488016e-03 
-1.54233143e+00  8.08267628e-03 
-1.54182117e+00  8.15042467e-03 
-1.54130402e+00  8.21812382e-03 
-1.54077975e+00  8.28577219e-03 
-1.54024814e+00  8.35336813e-03 
-1.53970895e+00  8.42090993e-03 
-1.53916192e+00  8.48839579e-03 
-1.53860680e+00  8.55582384e-03 
-1.53804331e+00  8.62319208e-03 
-1.53747115e+00  8.69049845e-03 
-1.53689002e+00  8.75774074e-03 
-1.53629959e+00  8.82491667e-03 
-1.53569953e+00  8.89202379e-03 
-1.53508947e+00  8.95905955e-03 
-1.53446904e+00  9.02602124e-03 
-1.53383785e+00  9.09290602e-03 
-1.53319545e+00  9.15971087e-03 
-1.53254142e+00  9.22643258e-03 
-1.53187528e+00  9.29306779e-03 
-1.53119651e+00  9.35961289e-03 
-1.53050460e+00  9.42606409e-03 
-1.52979897e+00  9.49241734e-03 
-1.52907902e+00  9.55866831e-03 
-1.52834411e+00  9.62481244e-03 
-1.52759355e+00  9.69084483e-03 
-1.52682661e+00  9.75676024e-03 
-1.52604251e+00  9.82255310e-03 
-1.52524040e+00  9.88821741e-03 
-1.52441940e+00  9.95374677e-03 
-1.52357854e+00  1.00191343e-02 
-1.52271678e+00  1.00843726e-02 
-1.52183300e+00  1.01494536e-02 
-1.52092599e+00  1.02143688e-02 
-1.51999447e+00  1.02791089e-02 
-1.51903700e+00  1.03436637e-02 
-1.51805207e+00  1.04080225e-02 
-1.51703802e+00  1.04721732e-02 
-1.51599303e+00  1.05361031e-02 
-1.51491514e+00  1.05997979e-02 
-1.51380218e+00  1.06632424e-02 
-1.51265179e+00  1.07264196e-02 
-1.51146138e+00  1.07893111e-02 
-1.51022810e+00  1.08518964e-02 
-1.50894879e+00  1.09141530e-02 
-1.50761998e+00  1.09760561e-02 
-1.50623780e+00  1.10375782e-02 
-1.50479797e+00  1.10986886e-02 
-1.50329569e+00  1.11593532e-02 
-1.50172565e+00  1.12195338e-02 
-1.50008184e+00  1.12791878e-02 
-1.49835756e+00  1.13382671e-02 
-1.49654524e+00  1.13967179e-02 
-1.49463636e+00  1.14544793e-02 
-1.49262127e+00  1.15114823e-02 
-1.49048907e+00  1.15676492e-02 
-1.48822738e+00  1.16228916e-02 
-1.48582220e+00  1.16771095e-02 
-1.48325766e+00  1.17301896e-02 
-1.48051585e+00  1.17820042e-02 
-1.47757666e+00  1.18324097e-02 
-1.47441767e+00  1.18812460e-02 
-1.47101422e+00  1.19283371e-02 
-1.46733967e+00  1.19734928e-02 
-1.46336604e+00  1.20165135e-02 
-1.45906510e+00  1.20571977e-02 
-1.45441013e+00  1.20953547e-02 
-1.44937831e+00  1.21308217e-02 
-1.44395354e+00  1.21634837e-02 
-1.43812946e+00  1.21932956e-02 
-1.43191173e+00  1.22202976e-02 
-1.42531897e+00  1.22446229e-02 
-1.41838167e+00  1.22664892e-02 
-1.41113930e+00  1.22861781e-02 
-1.40363618e+00  1.23040061e-02 
-1.39591725e+00  1.23202940e-02 
-1.38802471e+00  1.23353428e-02 
-1.37999574e+00  1.23494182e-02 
-1.37186162e+00  1.23627433e-02 
-1.36364768e+00  1.23754988e-02 
-1.35537387e+00  1.23878271e-02 
-1.34705551e+00  1.23998376e-02 
-1.33870426e+00  1.24116134e-02 
-1.33032882e+00  1.24232167e-02 
-1.32193567e+00  1.24346936e-02 
-1.31352956e+00  1.24460782e-02 
-1.30511401e+00  1.24573953e-02 
-1.29669158e+00  1.24686634e-02 
-1.28826414e+00  1.24798958e-02 
-1.27983305e+00  1.24911021e-02 
-1.27139930e+00  1.25022896e-02 
-1.26296363e+00  1.25134632e-02 
-1.25452655e+00  1.25246269e-02 
-1.24608845e+00  1.25357832e-02 
-1.23764960e+00  1.25469343e-02 
-1.22921021e+00  1.25580814e-02 
-1.22077042e+00  1.25692258e-02 
-1.21233035e+00  1.25803681e-02 
-1.20389007e+00  1.25915090e-02 
-1.19544963e+00  1.26026487e-02 
-1.18700908e+00  1.26137876e-02 
-1.17856845e+00  1.26249260e-02 
-1.17012776e+00  1.26360639e-02 
-1.16168703e+00  1.26472015e-02 
-1.15324626e+00  1.26583389e-02 
-1.14480547e+00  1.26694761e-02 
-1.13636466e+00  1.26806132e-02 
-1.12792384e+00  1.26917501e-02 
-1.11948301e+00  1.27028871e-02 
-1.11104218e+00  1.27140240e-02 
-1.10260133e+00  1.27251608e-02 
-1.09416049e+00  1.27362976e-02 
-1.08571964e+00  1.27474344e-02 
-1.07727879e+00  1.27585712e-02 
-1.06883794e+00  1.27697080e-02 
-1.06039709e+00  1.27808447e-02 
-1.05195623e+00  1.27919815e-02 
-1.04351538e+00  1.28031183e-02 
-1.03507452e+00  1.28142550e-02 
-1.02663367e+00  1.28253918e-02 
-1.01819281e+00  1.28365285e-02 
-1.00975196e+00  1.28476653e-02 
-1.00131110e+00  1.28588020e-02 
-9.92870247e-01  1.28699388e-02 
-9.84429391e-01  1.28810755e-02 
-9.75988535e-01  1.28922122e-02 
-9.67547680e-01  1.29033490e-02 
-9.59106824e-01  1.29144857e-02 
-9.50665968e-01  1.29256225e-02 
-9.42225112e-01  1.29367592e-02 
-9.33784256e-01  1.29478960e-02 
-9.25343400e-01  1.29590327e-02 
-9.16902544e-01  1.29701694e-02 
-9.08461688e-01  1.29813062e-02 
-9.00020832e-01  1.29924429e-02 
-8.91579976e-01  1.30035797e-02 
-8.83139120e-01  1.30147164e-02 
-8.74698264e-01  1.30258532e-02 
-8.66257408e-01  1.30369899e-02 
-8.57816552e-01  1.30481266e-02 
-8.49375696e-01  1.30592634e-02 
-8.40934840e-01  1.30704001e-02 
-8.32493984e-01  1.30815369e-02 
-8.24053128e-01  1.30926736e-02 
-8.15612272e-01  1.31038104e-02 
-8.07171416e-01  1.31149471e-02 
-7.98730560e-01  1.31260838e-02 
-7.90289704e-01  1.31372206e-02 
-7.81848848e-01  1.31483573e-02 
-7.73407992e-01  1.31594941e-02 
-7.64967136e-01  1.31706308e-02 
-7.56526280e-01  1.31817676e-02 
-7.48085424e-01  1.31929043e-02 
-7.39644568e-01  1.32040410e-02 
-7.31203712e-01  1.32151778e-02 
-7.22762856e-01  1.32263145e-02 
-7.14322000e-01  1.32374513e-02 
-7.05881144e-01  1.32485880e-02 
-6.97440288e-01  1.32597248e-02 
-6.88999431e-01  1.32708615e-02 
-6.80558575e-01  1.32819982e-02 
-6.72117719e-01  1.32931350e-02 
-6.63676863e-01  1.33042717e-02 
-6.55236007e-01  1.33154085e-02 
-6.46795151e-01  1.33265452e-02 
-6.38354295e-01  1.33376820e-02 
-6.29913439e-01  1.33488187e-02 
-6.21472583e-01  1.33599554e-02 
-6.13031727e-01  1.33710922e-02 
-6.04590871e-01  1.33822289e-02 
-5.96150015e-01  1.33933657e-02 
-5.87709159e-01  1.34045024e-02 
-5.79268303e-01  1.34156392e-02 
-5.70827447e-01  1.34267759e-02 
-5.62386591e-01  1.34379126e-02 
-5.53945735e-01  1.34490494e-02 
-5.45504879e-01  1.34601861e-02 
-5.37064023e-01  1.34713229e-02 
-5.28623167e-01  1.34824596e-02 
-5.20182311e-01  1.34935964e-02 
-5.11741455e-01  1.35047331e-02 
-5.03300599e-01  1.35158698e-02 
-4.94859743e-01  1.35270066e-02 
-4.86418887e-01  1.35381433e-02 
-4.77978031e-01  1.35492801e-02 
-4.69537175e-01  1.35604168e-02 
-4.61096319e-01  1.35715536e-02 
-4.52655463e-01  1.35826903e-02 
-4.44214607e-01  1.35938270e-02 
-4.35773751e-01  1.36049638e-02 
-4.27332895e-01  1.36161005e-02 
-4.18892039e-01  1.36272373e-02 
-4.10451183e-01  1.36383740e-02 
-4.02010327e-01  1.36495107e-02 
-3.93569471e-01  1.36606475e-02 
-3.85128615e-01  1.36717842e-02 
-3.76687759e-01  1.36829210e-02 
-3.68246903e-01  1.36940577e-02 
-3.59806047e-01  1.37051945e-02 
-3.51365191e-01  1.37163312e-02 
-3.42924335e-01  1.37274679e-02 
-3.34483479e-01  1.37386047e-02 
-3.26042623e-01  1.37497414e-02 
-3.17601767e-01  1.37608782e-02 
-3.09160911e-01  1.37720149e-02 
-3.00720055e-01  1.37831517e-02 
-2.92279199e-01  1.37942884e-02 
-2.83838343e-01  1.38054251e-02 
-2.75397487e-01  1.38165619e-02 
-2.66956631e-01  1.38276986e-02 
-2.58515775e-01  1.38388354e-02 
-2.50074919e-01  1.38499721e-02 
-2.41634063e-01  1.38611089e-02 
-2.33193207e-01  1.38722456e-02 
-2.24752351e-01  1.38833823e-02 
-2.16311495e-01  1.38945191e-02 
-2.07870639e-01  1.39056558e-02 
-1.99429783e-01  1.39167926e-02 
-1.90988927e-01  1.39279293e-02 
-1.82548071e-01  1.39390661e-02 
-1.74107215e-01  1.39502028e-02 
-1.65666359e-01  1.39613395e-02 
-1.57225503e-01  1.39724763e-02 
-1.48784647e-01  1.39836130e-02 
-1.40343791e-01  1.39947498e-02 
-1.31902934e-01  1.40058865e-02 
-1.23462078e-01  1.40170233e-02 
-1.15021222e-01  1.40281600e-02 
-1.06580366e-01  1.40392967e-02 
-9.81395104e-02  1.40504335e-02 
-8.96986544e-02  1.40615702e-02 
-8.12577984e-02  1.40727070e-02 
-7.28169424e-02  1.40838437e-02 
-6.43760864e-02  1.40949805e-02 
-5.59352303e-02  1.41061172e-02 
-4.74943743e-02  1.41172539e-02 
-3.90535183e-02  1.41283907e-02 
-3.06126623e-02  1.41395274e-02 
-2.21718063e-02  1.41506642e-02 
-1.37309503e-02  1.41618009e-02 
-5.29009426e-03  1.41729377e-02 
 3.15076176e-03  1.41840744e-02 
 1.15916178e-02  1.41952111e-02 
 2.00324738e-02  1.42063479e-02 
 2.84733298e-02  1.42174846e-02 
 3.69141858e-02  1.42286214e-02 
 4.53550418e-02  1.42397581e-02 
 5.37958978e-02  1.42508949e-02 
 6.22367539e-02  1.42620316e-02 
 7.06776099e-02  1.42731683e-02 
 7.91184659e-02  1.42843051e-02 
 8.75593219e-02  1.42954418e-02 
 9.60001779e-02  1.43065786e-02 
 1.04441034e-01  1.43177153e-02 
 1.12881890e-01  1.43288521e-02 
 1.21322746e-01  1.43399888e-02 
 1.29763602e-01  1.43511255e-02 
 1.38204458e-01  1.43622623e-02 
 1.46645314e-01  1.43733990e-02 
 1.55086170e-01  1.43845358e-02 
 1.63527026e-01  1.43956725e-02 
 1.71967882e-01  1.44068093e-02 
 1.80408738e-01  1.44179460e-02 
 1.88849594e-01  1.44290827e-02 
 1.97290450e-01  1.44402195e-02 
 2.05731306e-01  1.44513562e-02 
 2.14172162e-01  1.44624930e-02 
 2.22613018e-01  1.44736297e-02 
 2.31053874e-01  1.44847665e-02 
 2.39494730e-01  1.44959032e-02 
 2.47935586e-01  1.45070399e-02 
 2.56376442e-01  1.45181767e-02 
 2.64817298e-01  1.45293134e-02 
 2.73258154e-01  1.45404502e-02 
 2.81699010e-01  1.45515869e-02 
 2.90139866e-01  1.45627237e-02 
 2.98580722e-01  1.45738604e-02 
 3.07021578e-01  1.45849971e-02 
 3.15462434e-01  1.45961339e-02 
 3.23903290e-01  1.46072706e-02 
 3.32344146e-01  1.46184074e-02 
 3.40785002e-01  1.46295441e-02 
 3.49225858e-01  1.46406809e-02 
 3.57666714e-01  1.46518176e-02 
 3.66107570e-01  1.46629543e-02 
 3.74548426e-01  1.46740911e-02 
 3.82989282e-01  1.46852278e-02 
 3.91430138e-01  1.46963646e-02 
 3.99870994e-01  1.47075013e-02 
 4.08311850e-01  1.47186381e-02 
 4.16752706e-01  1.47297748e-02 
 4.25193563e-01  1.47409115e-02 
 4.33634419e-01  1.47520483e-02 
 4.42075275e-01  1.47631850e-02 
 4.50516131e-01  1.47743218e-02 
 4.58956987e-01  1.47854585e-02 
 4.67397843e-01  1.47965953e-02 
 4.75838699e-01  1.48077320e-02 
 4.84279555e-01  1.48188687e-02 
 4.92720411e-01  1.48300055e-02 
 5.01161267e-01  1.48411422e-02 
 5.09602123e-01  1.48522790e-02 
 5.18042979e-01  1.48634157e-02 
 5.26483835e-01  1.48745525e-02 
 5.34924691e-01  1.48856892e-02 
 5.43365547e-01  1.48968259e-02 
 5.51806403e-01  1.49079627e-02 
 5.60247259e-01  1.49190994e-02 
 5.68688115e-01  1.49302362e-02 
 5.77128971e-01  1.49413729e-02 
 5.85569827e-01  1.49525097e-02 
 5.94010683e-01  1.49636464e-02 
 6.02451539e-01  1.49747831e-02 
 6.10892395e-01  1.49859199e-02 
 6.19333251e-01  1.49970566e-02 
 6.27774107e-01  1.50081934e-02 
 6.36214963e-01  1.50193301e-02 
 6.44655819e-01  1.50304669e-02 
 6.53096675e-01  1.50416036e-02 
 6.61537531e-01  1.50527403e-02 
 6.69978387e-01  1.50638771e-02 
 6.78419243e-01  1.50750138e-02 
 6.86860099e-01  1.50861506e-02 
 6.95300955e-01  1.50972873e-02 
 7.03741811e-01  1.51084240e-02 
 7.12182667e-01  1.51195608e-02 
 7.20623523e-01  1.51306975e-02 
 7.29064379e-01  1.51418343e-02 
 7.37505235e-01  1.51529710e-02 
 7.45946091e-01  1.51641078e-02 
 7.54386947e-01  1.51752445e-02 
 7.62827803e-01  1.51863812e-02 
 7.71268659e-01  1.51975180e-02 
 7.79709515e-01  1.52086547e-02 
 7.88150371e-01  1.52197915e-02 
 7.96591227e-01  1.52309282e-02 
 8.05032083e-01  1.52420650e-02 
 8.13472939e-01  1.52532017e-02 
 8.21913795e-01  1.52643384e-02 
 8.30354651e-01  1.52754752e-02 
 8.38795507e-01  1.52866119e-02 
 8.47236363e-01  1.52977487e-02 
 8.55677219e-01  1.53088854e-02 
 8.64118075e-01  1.53200222e-02 
 8.72558931e-01  1.53311589e-02 
 8.80999787e-01  1.53422956e-02 
 8.89440643e-01  1.53534324e-02 
 8.97881499e-01  1.53645691e-02 
 9.06322355e-01  1.53757059e-02 
 9.14763211e-01  1.53868426e-02 
 9.23204067e-01  1.53979794e-02 
 9.31644923e-01  1.54091161e-02 
 9.40085779e-01  1.54202528e-02 
 9.48526635e-01  1.54313896e-02 
 9.56967491e-01  1.54425263e-02 
 9.65408347e-01  1.54536631e-02 
 9.73849203e-01  1.54647998e-02 
 9.82290059e-01  1.54759366e-02 
 9.90730915e-01  1.54870733e-02 
 9.99171771e-01  1.54982100e-02 
 1.00761263e+00  1.55093468e-02 
 1.01605348e+00  1.55204835e-02 
 1.02449434e+00  1.55316203e-02 
 1.03293520e+00  1.55427570e-02 
 1.04137605e+00  1.55538938e-02 
 1.04981691e+00  1.55650305e-02 
 1.05825776e+00  1.55761672e-02 
 1.06669862e+00  1.55873040e-02 
 1.07513948e+00  1.55984407e-02 
 1.08358033e+00  1.56095775e-02 
 1.09202119e+00  1.56207142e-02 
 1.10046204e+00  1.56318510e-02 
 1.10890290e+00  1.56429877e-02 
 1.11734376e+00  1.56541244e-02 
 1.12578461e+00  1.56652612e-02 
 1.13422547e+00  1.56763979e-02 
 1.14266632e+00  1.56875347e-02 
 1.15110718e+00  1.56986714e-02 
 1.15954804e+00  1.57098082e-02 
 1.16798889e+00  1.57209449e-02 
 1.17642975e+00  1.57320816e-02 
 1.18487060e+00  1.57432184e-02 
 1.19331146e+00  1.57543551e-02 
 1.20175232e+00  1.57654919e-02 
 1.21019317e+00  1.57766286e-02 
 1.21863403e+00  1.57877654e-02 
 1.22707488e+00  1.57989021e-02 
 1.23551574e+00  1.58100388e-02 
 1.24395660e+00  1.58211756e-02 
 1.25239745e+00  1.58323123e-02 
 1.26083831e+00  1.58434491e-02 
 1.26927916e+00  1.58545858e-02 
 1.27772002e+00  1.58657226e-02 
 1.28616088e+00  1.58768593e-02 
 1.29460173e+00  1.58879960e-02 
 1.30304259e+00  1.58991328e-02 
 1.31148344e+00  1.59102695e-02 
 1.31992430e+00  1.59214063e-02 
 1.32836516e+00  1.59325430e-02 
 1.33680601e+00  1.59436798e-02 
 1.34524687e+00  1.59548165e-02 
 1.35368772e+00  1.59659532e-02 
 1.36212858e+00  1.59770900e-02 
 1.37056944e+00  1.59882267e-02 
 1.37901029e+00  1.59993635e-02 
 1.38745115e+00  1.60105002e-02 
 1.39589200e+00  1.60216370e-02 
 1.40433286e+00  1.60327737e-02 
 1.41277372e+00  1.60439104e-02 
 1.42121457e+00  1.60550472e-02 
 1.42965543e+00  1.60661839e-02 
 1.43809628e+00  1.60773207e-02 
 1.44653714e+00  1.60884574e-02 
 1.45497800e+00  1.60995942e-02 
 1.46341885e+00  1.61107309e-02 
 1.47185971e+00  1.61218676e-02 
 1.48030056e+00  1.61330044e-02 
 1.48874142e+00  1.61441411e-02 
 1.49718228e+00  1.61552779e-02 
 1.50562313e+00  1.61664146e-02 
 1.51406399e+00  1.61775514e-02 
 1.52250484e+00  1.61886881e-02 
 1.53094570e+00  1.61998248e-02 
 1.53938656e+00  1.62109616e-02 
 1.54782741e+00  1.62220983e-02 
 1.55626827e+00  1.62332351e-02 
 1.56470912e+00  1.62443718e-02 
 1.57314998e+00  1.62555086e-02 
 1.58159084e+00  1.62666453e-02 
 1.59003169e+00  1.62777820e-02 
 1.59847255e+00  1.62889188e-02 
 1.60691340e+00  1.63000555e-02 
 1.61535426e+00  1.63111923e-02 
 1.62379512e+00  1.63223290e-02 
 1.63223597e+00  1.63334658e-02 
 1.64067683e+00  1.63446025e-02 
 1.64911768e+00  1.63557392e-02 
 1.65755854e+00  1.63668760e-02 
 1.66599940e+00  1.63780127e-02 
 1.67444025e+00  1.63891495e-02 
 1.68288111e+00  1.64002862e-02 
 1.69132196e+00  1.64114230e-02 
 1.69976282e+00  1.64225597e-02 
 1.70820368e+00  1.64336964e-02 
 1.71664453e+00  1.64448332e-02 
 1.72508539e+00  1.64559699e-02 
 1.73352624e+00  1.64671067e-02 
 1.74196710e+00  1.64782434e-02 
 1.75040796e+00  1.64893802e-02 
 1.75884881e+00  1.65005169e-02 
 1.76728967e+00  1.65116536e-02 
 1.77573052e+00  1.65227904e-02 
 1.78417138e+00  1.65339271e-02 
 1.79261224e+00  1.65450639e-02 
 1.80105309e+00  1.65562006e-02 
 1.80949395e+00  1.65673374e-02 
 1.81793480e+00  1.65784741e-02 
 1.82637566e+00  1.65896108e-02 
 1.83481652e+00  1.66007476e-02 
 1.84325737e+00  1.66118843e-02 
 1.85169823e+00  1.66230211e-02 
 1.86013908e+00  1.66341578e-02 
 1.86857994e+00  1.66452946e-02 
 1.87702080e+00  1.66564313e-02 
 1.88546165e+00  1.66675680e-02 
 1.89390251e+00  1.66787048e-02 
 1.90234337e+00  1.66898415e-02 
 1.91078422e+00  1.67009783e-02 
 1.91922508e+00  1.67121150e-02 
 1.92766593e+00  1.67232517e-02 
 1.93610679e+00  1.67343885e-02 
 1.94454765e+00  1.67455252e-02 
 1.95298850e+00  1.67566620e-02 
 1.96142936e+00  1.67677987e-02 
 1.96987021e+00  1.67789355e-02 
 1.97831107e+00  1.67900722e-02 
 1.98675193e+00  1.68012089e-02 
 1.99519278e+00  1.68123457e-02 
 2.00363364e+00  1.68234824e-02 
 2.01207449e+00  1.68346192e-02 
 2.02051535e+00  1.68457559e-02 
 2.02895621e+00  1.68568927e-02 
 2.03739706e+00  1.68680294e-02 
 2.04583792e+00  1.68791661e-02 
 2.05427877e+00  1.68903029e-02 
 2.06271963e+00  1.69014396e-02 
 2.07116049e+00  1.69125764e-02 
 2.07960134e+00  1.69237131e-02 
 2.08804220e+00  1.69348499e-02 
 2.09648305e+00  1.69459866e-02 
 2.10492391e+00  1.69571233e-02 
 2.11336477e+00  1.69682601e-02 
 2.12180562e+00  1.69793968e-02 
 2.13024648e+00  1.69905336e-02 
 2.13868733e+00  1.70016703e-02 
 2.14712819e+00  1.70128071e-02 
 2.15556905e+00  1.70239438e-02 
 2.16400990e+00  1.70350805e-02 
 2.17245076e+00  1.70462173e-02 
 2.18089161e+00  1.70573540e-02 
 2.18933247e+00  1.70684908e-02 
 2.19777333e+00  1.70796275e-02 
 2.20621418e+00  1.70907643e-02 
 2.21465504e+00  1.71019010e-02 
 2.22309589e+00  1.71130377e-02 
 2.23153675e+00  1.71241745e-02 
 2.23997761e+00  1.71353112e-02 
 2.24841846e+00  1.71464480e-02 
 2.25685932e+00  1.71575847e-02 
 2.26530017e+00  1.71687215e-02 
 2.27374103e+00  1.71798582e-02 
 2.28218189e+00  1.71909949e-02 
 2.29062274e+00  1.72021317e-02 
 2.29906360e+00  1.72132684e-02 
 2.30750445e+00  1.72244052e-02 
 2.31594531e+00  1.72355419e-02 
 2.32438617e+00  1.72466787e-02 
 2.33282702e+00  1.72578154e-02 
 2.34126788e+00  1.72689521e-02 
 2.34970873e+00  1.72800889e-02 
 2.35814959e+00  1.72912256e-02 
 2.36659045e+00  1.73023624e-02 
 2.37503130e+00  1.73134991e-02 
 2.38347216e+00  1.73246359e-02 
 2.39191301e+00  1.73357726e-02 
 2.40035387e+00  1.73469093e-02 
 2.40879473e+00  1.73580461e-02 
 2.41723558e+00  1.73691828e-02 
 2.42567644e+00  1.73803196e-02 
 2.43411729e+00  1.73914563e-02 
 2.44255815e+00  1.74025931e-02 
 2.45099901e+00  1.74137298e-02 
 2.45943986e+00  1.74248665e-02 
 2.46788072e+00  1.74360033e-02 
 2.47632157e+00  1.74471400e-02 
 2.48476243e+00  1.74582768e-02 
 2.49320329e+00  1.74694135e-02 
 2.50164414e+00  1.74805503e-02 
 2.51008500e+00  1.74916870e-02 
 2.51852585e+00  1.75028237e-02 
 2.52696671e+00  1.75139605e-02 
 2.53540757e+00  1.75250972e-02 
 2.54384842e+00  1.75362340e-02 
 2.55228928e+00  1.75473707e-02 
 2.56073013e+00  1.75585075e-02 
 2.56917099e+00  1.75696442e-02 
 2.57761185e+00  1.75807809e-02 
 2.58605270e+00  1.75919177e-02 
 2.59449356e+00  1.76030544e-02 
 2.60293441e+00  1.76141912e-02 
 2.61137527e+00  1.76253279e-02 
 2.61981613e+00  1.76364647e-02 
 2.62825698e+00  1.76476014e-02 
 2.63669784e+00  1.76587381e-02 
 2.64513869e+00  1.76698749e-02 
 2.65357955e+00  1.76810116e-02 
 2.66202041e+00  1.76921484e-02 
 2.67046126e+00  1.77032851e-02 
 2.67890212e+00  1.77144219e-02 
 2.68734297e+00  1.77255586e-02 
 2.69578383e+00  1.77366953e-02 
 2.70422469e+00  1.77478321e-02 
 2.71266554e+00  1.77589688e-02 
 2.72110640e+00  1.77701056e-02 
 2.72954725e+00  1.77812423e-02 
 2.73798811e+00  1.77923791e-02 
 2.74642897e+00  1.78035158e-02 
 2.75486982e+00  1.78146525e-02 
 2.76331068e+00  1.78257893e-02 
 2.77175153e+00  1.78369260e-02 
 2.78019239e+00  1.78480628e-02 
 2.78863325e+00  1.78591995e-02 
 2.79707410e+00  1.78703363e-02 
 2.80551496e+00  1.78814730e-02 
 2.81395581e+00  1.78926097e-02 
 2.82239667e+00  1.79037465e-02 
 2.83083753e+00  1.79148832e-02 
 2.83927838e+00  1.79260200e-02 
 2.84771924e+00  1.79371567e-02 
 2.85616009e+00  1.79482935e-02 
 2.86460095e+00  1.79594302e-02 
 2.87304181e+00  1.79705669e-02 
 2.88148266e+00  1.79817037e-02 
 2.88992352e+00  1.79928404e-02 
 2.89836437e+00  1.80039772e-02 
 2.90680523e+00  1.80151139e-02 
 2.91524609e+00  1.80262507e-02 
 2.92368694e+00  1.80373874e-02 
 2.93212780e+00  1.80485241e-02 
 2.94056865e+00  1.80596609e-02 
 2.94900951e+00  1.80707976e-02 
 2.95745037e+00  1.80819344e-02 
 2.96589122e+00  1.80930711e-02 
 2.97433208e+00  1.81042079e-02 
 2.98277293e+00  1.81153446e-02 
 2.99121379e+00  1.81264813e-02 
 2.99965465e+00  1.81376181e-02 
 3.00809550e+00  1.81487548e-02 
 3.01653636e+00  1.81598916e-02 
 3.02497721e+00  1.81710283e-02 
 3.03341807e+00  1.81821651e-02 
 3.04185893e+00  1.81933018e-02 
 3.05029978e+00  1.82044385e-02 
 3.05874064e+00  1.82155753e-02 
 3.06718149e+00  1.82267120e-02 
 3.07562235e+00  1.82378488e-02 
 3.08406321e+00  1.82489855e-02 
 3.09250406e+00  1.82601223e-02 
 3.10094492e+00  1.82712590e-02 
 3.10938577e+00  1.82823957e-02 
 3.11782663e+00  1.82935325e-02 
 3.12626749e+00  1.83046692e-02 
 3.13470834e+00  1.83158060e-02 
 3.14314920e+00  1.83269427e-02 
 3.15159006e+00  1.83380794e-02 
 3.16003091e+00  1.83492162e-02 
 3.16847177e+00  1.83603529e-02 
 3.17691262e+00  1.83714897e-02 
 3.18535348e+00  1.83826264e-02 
 3.19379434e+00  1.83937632e-02 
 3.20223519e+00  1.84048999e-02 
 3.21067605e+00  1.84160366e-02 
 3.21911690e+00  1.84271734e-02 
 3.22755776e+00  1.84383101e-02 
 3.23599862e+00  1.84494469e-02 
 3.24443947e+00  1.84605836e-02 
 3.25288033e+00  1.84717204e-02 
 3.26132118e+00  1.84828571e-02 
 3.26976204e+00  1.84939938e-02 
 3.27820290e+00  1.85051306e-02 
 3.28664375e+00  1.85162673e-02 
 3.29508461e+00  1.85274041e-02 
 3.30352546e+00  1.85385408e-02 
 3.31196632e+00  1.85496776e-02 
 3.32040718e+00  1.85608143e-02 
 3.32884803e+00  1.85719510e-02 
 3.33728889e+00  1.85830878e-02 
 3.34572974e+00  1.85942245e-02 
 3.35417060e+00  1.86053613e-02 
 3.36261146e+00  1.86164980e-02 
 3.37105231e+00  1.86276348e-02 
 3.37949317e+00  1.86387715e-02 
 3.38793402e+00  1.86499082e-02 
 3.39637488e+00  1.86610450e-02 
 3.40481574e+00  1.86721817e-02 
 3.41325659e+00  1.86833185e-02 
 3.42169745e+00  1.86944552e-02 
 3.43013830e+00  1.87055920e-02 
 3.43857916e+00  1.87167287e-02 
 3.44702002e+00  1.87278654e-02 
 3.45546087e+00  1.87390022e-02 
 3.46390173e+00  1.87501389e-02 
 3.47234258e+00  1.87612757e-02 
 3.48078344e+00  1.87724124e-02 
 3.48922430e+00  1.87835492e-02 
 3.49766515e+00  1.87946859e-02 
 3.50610601e+00  1.88058226e-02 
 3.51454686e+00  1.88169594e-02 
 3.52298772e+00  1.88280961e-02 
 3.53142858e+00  1.88392329e-02 
 3.53986943e+00  1.88503696e-02 
 3.54831029e+00  1.88615064e-02 
 3.55675114e+00  1.88726431e-02 
 3.56519200e+00  1.88837798e-02 
 3.57363286e+00  1.88949166e-02 
 3.58207371e+00  1.89060533e-02 
 3.59051457e+00  1.89171901e-02 
 3.59895542e+00  1.89283268e-02 
 3.60739628e+00  1.89394636e-02 
 3.61583714e+00  1.89506003e-02 
 3.62427799e+00  1.89617370e-02 
 3.63271885e+00  1.89728738e-02 
 3.64115970e+00  1.89840105e-02 
 3.64960056e+00  1.89951473e-02 
 3.65804142e+00  1.90062840e-02 
 3.66648227e+00  1.90174208e-02 
 3.67492313e+00  1.90285575e-02 
 3.68336398e+00  1.90396942e-02 
 3.69180484e+00  1.90508310e-02 
 3.70024570e+00  1.90619677e-02 
 3.70868655e+00  1.90731045e-02 
 3.71712741e+00  1.90842412e-02 
 3.72556826e+00  1.90953780e-02 
 3.73400912e+00  1.91065147e-02 
 3.74244998e+00  1.91176514e-02 
 3.75089083e+00  1.91287882e-02 
 3.75933169e+00  1.91399249e-02 
 3.76777254e+00  1.91510617e-02 
 3.77621340e+00  1.91621984e-02 
 3.78465426e+00  1.91733352e-02 
 3.79309511e+00  1.91844719e-02 
 3.80153597e+00  1.91956086e-02 
 3.80997682e+00  1.92067454e-02 
 3.81841768e+00  1.92178821e-02 
 3.82685854e+00  1.92290189e-02 
 3.83529939e+00  1.92401556e-02 
 3.84374025e+00  1.92512924e-02 
 3.85218110e+00  1.92624291e-02 
 3.86062196e+00  1.92735658e-02 
 3.86906282e+00  1.92847026e-02 
 3.87750367e+00  1.92958393e-02 
 3.88594453e+00  1.93069761e-02 
 3.89438538e+00  1.93181128e-02 
 3.90282624e+00  1.93292496e-02 
 3.91126710e+00  1.93403863e-02 
 3.91970795e+00  1.93515230e-02 
 3.92814881e+00  1.93626598e-02 
 3.93658966e+00  1.93737965e-02 
 3.94503052e+00  1.93849333e-02 
 3.95347138e+00  1.93960700e-02 
 3.96191223e+00  1.94072068e-02 
 3.97035309e+00  1.94183435e-02 
 3.97879394e+00  1.94294802e-02 
 3.98723480e+00  1.94406170e-02 
 3.99567566e+00  1.94517537e-02 
 4.00411651e+00  1.94628905e-02 
 4.01255737e+00  1.94740272e-02 
 4.02099822e+00  1.94851640e-02 
 4.02943908e+00  1.94963007e-02 
 4.03787994e+00  1.95074374e-02 
 4.04632079e+00  1.95185742e-02 
 4.05476165e+00  1.95297109e-02 
 4.06320250e+00  1.95408477e-02 
 4.07164336e+00  1.95519844e-02 
 4.08008422e+00  1.95631212e-02 
 4.08852507e+00  1.95742579e-02 
 4.09696593e+00  1.95853946e-02 
 4.10540678e+00  1.95965314e-02 
 4.11384764e+00  1.96076681e-02 
 4.12228850e+00  1.96188049e-02 
 4.13072935e+00  1.96299416e-02 
 4.13917021e+00  1.96410784e-02 
 4.14761106e+00  1.96522151e-02 
 4.15605192e+00  1.96633518e-02 
 4.16449278e+00  1.96744886e-02 
 4.17293363e+00  1.96856253e-02 
 4.18137449e+00  1.96967621e-02 
 4.18981534e+00  1.97078988e-02 
 4.19825620e+00  1.97190356e-02 
 4.20669706e+00  1.97301723e-02 
 4.21513791e+00  1.97413090e-02 
 4.22357877e+00  1.97524458e-02 
 4.23201962e+00  1.97635825e-02 
 4.24046048e+00  1.97747193e-02 
 4.24890134e+00  1.97858560e-02 
 4.25734219e+00  1.97969928e-02 
 4.26578305e+00  1.98081295e-02 
 4.27422390e+00  1.98192662e-02 
 4.28266476e+00  1.98304030e-02 
 4.29110562e+00  1.98415397e-02 
 4.29954647e+00  1.98526765e-02 
 4.30798733e+00  1.98638132e-02 
 4.31642818e+00  1.98749500e-02 
 4.32486904e+00  1.98860867e-02 
 4.33330990e+00  1.98972234e-02 
 4.34175075e+00  1.99083602e-02 
 4.35019161e+00  1.99194969e-02 
 4.35863246e+00  1.99306337e-02 
 4.36707332e+00  1.99417704e-02 
 4.37551418e+00  1.99529072e-02 
 4.38395503e+00  1.99640439e-02 
 4.39239589e+00  1.99751806e-02 
 4.40083674e+00  1.99863174e-02 
 4.40927760e+00  1.99974541e-02 
 4.41771846e+00  2.00085909e-02 
 4.42615931e+00  2.00197276e-02 
 4.43460017e+00  2.00308643e-02 
 4.44304102e+00  2.00420011e-02 
 4.45148188e+00  2.00531378e-02 
 4.45992274e+00  2.00642746e-02 
 4.46836359e+00  2.00754113e-02 
 4.47680445e+00  2.00865481e-02 
 4.48524531e+00  2.00976848e-02 
 4.49368616e+00  2.01088215e-02 
 4.50212702e+00  2.01199583e-02 
 4.51056787e+00  2.01310950e-02 
 4.51900873e+00  2.01422318e-02 
 4.52744959e+00  2.01533685e-02 
 4.53589044e+00  2.01645053e-02 
 4.54433130e+00  2.01756420e-02 
 4.55277215e+00  2.01867787e-02 
 4.56121301e+00  2.01979155e-02 
 4.56965387e+00  2.02090522e-02 
 4.57809472e+00  2.02201890e-02 
 4.58653558e+00  2.02313257e-02 
 4.59497643e+00  2.02424625e-02 
 4.60341729e+00  2.02535992e-02 
 4.61185815e+00  2.02647359e-02 
 4.62029900e+00  2.02758727e-02 
 4.62873986e+00  2.02870094e-02 
 4.63718071e+00  2.02981462e-02 
 4.64562157e+00  2.03092829e-02 
 4.65406243e+00  2.03204197e-02 
 4.66250328e+00  2.03315564e-02 
 4.67094414e+00  2.03426931e-02 
 4.67938499e+00  2.03538299e-02 
 4.68782585e+00  2.03649666e-02 
 4.69626671e+00  2.03761034e-02 
 4.70470756e+00  2.03872401e-02 
 4.71314842e+00  2.03983769e-02 
 4.72158927e+00  2.04095136e-02 
 4.73003013e+00  2.04206503e-02 
 4.73847099e+00  2.04317871e-02 
 4.74691184e+00  2.04429238e-02 
 4.75535270e+00  2.04540606e-02 
 4.76379355e+00  2.04651973e-02 
 4.77223441e+00  2.04763341e-02 
 4.78067527e+00  2.04874708e-02 
 4.78911612e+00  2.04986075e-02 
 4.79755698e+00  2.05097443e-02 
 4.80599783e+00  2.05208810e-02 
 4.81443869e+00  2.05320178e-02 
 4.82287955e+00  2.05431545e-02 
 4.83132040e+00  2.05542913e-02 
 4.83976126e+00  2.05654280e-02 
 4.84820211e+00  2.05765647e-02 
 4.85664297e+00  2.05877015e-02 
 4.86508383e+00  2.05988382e-02 
 4.87352468e+00  2.06099750e-02 
 4.88196554e+00  2.06211117e-02 
 4.89040639e+00  2.06322485e-02 
 4.89884725e+00  2.06433852e-02 
 4.90728811e+00  2.06545219e-02 
 4.91572896e+00  2.06656587e-02 
 4.92416982e+00  2.06767954e-02 
 4.93261067e+00  2.06879322e-02 
 4.94105153e+00  2.06990689e-02 
 4.94949239e+00  2.07102057e-02 
 4.95793324e+00  2.07213424e-02 
 4.96637410e+00  2.07324791e-02 
 4.97481495e+00  2.07436159e-02 
 4.98325581e+00  2.07547526e-02 
 4.99169667e+00  2.07658894e-02 
 5.00013752e+00  2.07770261e-02 
 5.00857838e+00  2.07881629e-02 
 5.01701923e+00  2.07992996e-02 
 5.02546009e+00  2.08104363e-02 
 5.03390095e+00  2.08215731e-02 
 5.04234180e+00  2.08327098e-02 
 5.05078266e+00  2.08438466e-02 
 5.05922351e+00  2.08549833e-02 
 5.06766437e+00  2.08661201e-02 
 5.07610523e+00  2.08772568e-02 
 5.08454608e+00  2.08883935e-02 
 5.09298694e+00  2.08995303e-02 
 5.10142779e+00  2.09106670e-02 
 5.10986865e+00  2.09218038e-02 
 5.11830951e+00  2.09329405e-02 
 5.12675036e+00  2.09440773e-02 
 5.13519122e+00  2.09552140e-02 
 5.14363207e+00  2.09663507e-02 
 5.15207293e+00  2.09774875e-02 
 5.16051379e+00  2.09886242e-02 
 5.16895464e+00  2.09997610e-02 
 5.17739550e+00  2.10108977e-02 
 5.18583635e+00  2.10220345e-02 
 5.19427721e+00  2.10331712e-02 
 5.20271807e+00  2.10443079e-02 
 5.21115892e+00  2.10554447e-02 
 5.21959978e+00  2.10665814e-02 
 5.22804063e+00  2.10777182e-02 
 5.23648149e+00  2.10888549e-02 
 5.24492235e+00  2.10999917e-02 
 5.25336320e+00  2.11111284e-02 
 5.26180406e+00  2.11222651e-02 
 5.27024491e+00  2.11334019e-02 
 5.27868577e+00  2.11445386e-02 
 5.28712663e+00  2.11556754e-02 
 5.29556748e+00  2.11668121e-02 
 5.30400834e+00  2.11779489e-02 
 5.31244919e+00  2.11890856e-02 
 5.32089005e+00  2.12002223e-02 
 5.32933091e+00  2.12113591e-02 
 5.33777176e+00  2.12224958e-02 
 5.34621262e+00  2.12336326e-02 
 5.35465347e+00  2.12447693e-02 
 5.36309433e+00  2.12559061e-02 
 5.37153519e+00  2.12670428e-02 
 5.37997604e+00  2.12781795e-02 
 5.38841690e+00  2.12893163e-02 
 5.39685775e+00  2.13004530e-02 
 5.40529861e+00  2.13115898e-02 
 5.41373947e+00  2.13227265e-02 
 5.42218032e+00  2.13338633e-02 
 5.43062118e+00  2.13450000e-02 
 5.43906203e+00  2.13561367e-02 
 5.44750289e+00  2.13672735e-02 
 5.45594375e+00  2.13784102e-02 
 5.46438460e+00  2.13895470e-02 
 5.47282546e+00  2.14006837e-02 
 5.48126631e+00  2.14118205e-02 
 5.48970717e+00  2.14229572e-02 
 5.49814803e+00  2.14340939e-02 
 5.50658888e+00  2.14452307e-02 
 5.51502974e+00  2.14563674e-02 
 5.52347059e+00  2.14675042e-02 
 5.53191145e+00  2.14786409e-02 
 5.54035231e+00  2.14897777e-02 
 5.54879316e+00  2.15009144e-02 
 5.55723402e+00  2.15120511e-02 
 5.56567487e+00  2.15231879e-02 
 5.57411573e+00  2.15343246e-02 
 5.58255659e+00  2.15454614e-02 
 5.59099744e+00  2.15565981e-02 
 5.59943830e+00  2.15677349e-02 
 5.60787915e+00  2.15788716e-02 
 5.61632001e+00  2.15900083e-02 
 5.62476087e+00  2.16011451e-02 
 5.63320172e+00  2.16122818e-02 
 5.64164258e+00  2.16234186e-02 
 5.65008343e+00  2.16345553e-02 
 5.65852429e+00  2.16456921e-02 
 5.66696515e+00  2.16568288e-02 
 5.67540600e+00  2.16679655e-02 
 5.68384686e+00  2.16791023e-02 
 5.69228771e+00  2.16902390e-02 
 5.70072857e+00  2.17013758e-02 
 5.70916943e+00  2.17125125e-02 
 5.71761028e+00  2.17236493e-02 
 5.72605114e+00  2.17347860e-02 
 5.73449199e+00  2.17459227e-02 
 5.74293285e+00  2.17570595e-02 
 5.75137371e+00  2.17681962e-02 
 5.75981456e+00  2.17793330e-02 
 5.76825542e+00  2.17904697e-02 
 5.77669627e+00  2.18016065e-02 
 5.78513713e+00  2.18127432e-02 
 5.79357799e+00  2.18238799e-02 
 5.80201884e+00  2.18350167e-02 
 5.81045970e+00  2.18461534e-02 
 5.81890055e+00  2.18572902e-02 
 5.82734141e+00  2.18684269e-02 
 5.83578227e+00  2.18795636e-02 
 5.84422312e+00  2.18907004e-02 
 5.85266398e+00  2.19018371e-02 
 5.86110484e+00  2.19129739e-02 
 5.86954569e+00  2.19241106e-02 
 5.87798655e+00  2.19352474e-02 
 5.88642740e+00  2.19463841e-02 
 5.89486826e+00  2.19575208e-02 
 5.90330912e+00  2.19686576e-02 
 5.91174997e+00  2.19797943e-02 
 5.92019083e+00  2.19909311e-02 
 5.92863168e+00  2.20020678e-02 
 5.93707254e+00  2.20132046e-02 
 5.94551340e+00  2.20243413e-02 
 5.95395425e+00  2.20354780e-02 
 5.96239511e+00  2.20466148e-02 
 5.97083596e+00  2.20577515e-02 
 5.97927682e+00  2.20688883e-02 
 5.98771768e+00  2.20800250e-02 
 5.99615853e+00  2.20911618e-02 
 6.00459939e+00  2.21022985e-02 
 6.01304024e+00  2.21134352e-02 
 6.02148110e+00  2.21245720e-02 
 6.02992196e+00  2.21357087e-02 
 6.03836281e+00  2.21468455e-02 
 6.04680367e+00  2.21579822e-02 
 6.05524452e+00  2.21691190e-02 
 6.06368538e+00  2.21802557e-02 
 6.07212624e+00  2.21913924e-02 
 6.08056709e+00  2.22025292e-02 
 6.08900795e+00  2.22136659e-02 
 6.09744880e+00  2.22248027e-02 
 6.10588966e+00  2.22359394e-02 
 6.11433052e+00  2.22470762e-02 
 6.12277137e+00  2.22582129e-02 
 6.13121223e+00  2.22693496e-02 
 6.13965308e+00  2.22804864e-02 
 6.14809394e+00  2.22916231e-02 
 6.15653480e+00  2.23027599e-02 
 6.16497565e+00  2.23138966e-02 
 6.17341651e+00  2.23250334e-02 
 6.18185736e+00  2.23361701e-02 
 6.19029822e+00  2.23473068e-02 
 6.19873908e+00  2.23584436e-02 
 6.20717993e+00  2.23695803e-02 
 6.21562079e+00  2.23807171e-02 
 6.22406164e+00  2.23918538e-02 
 6.23250250e+00  2.24029906e-02 
 6.24094336e+00  2.24141273e-02 
 6.24938421e+00  2.24252640e-02 
 6.25782507e+00  2.24364008e-02 
 6.26626592e+00  2.24475375e-02 
 6.27470678e+00  2.24586743e-02 
 6.28314764e+00  2.24698110e-02 
 6.29158849e+00  2.24809478e-02 
 6.30002935e+00  2.24920845e-02 
 6.30847020e+00  2.25032212e-02 
 6.31691106e+00  2.25143580e-02 
 6.32535192e+00  2.25254947e-02 
 6.33379277e+00  2.25366315e-02 
 6.34223363e+00  2.25477682e-02 
 6.35067448e+00  2.25589050e-02 
 6.35911534e+00  2.25700417e-02 
 6.36755620e+00  2.25811784e-02 
 6.37599705e+00  2.25923152e-02 
 6.38443791e+00  2.26034519e-02 
 6.39287876e+00  2.26145887e-02 
 6.40131962e+00  2.26257254e-02 
 6.40976048e+00  2.26368622e-02 
 6.41820133e+00  2.26479989e-02 
 6.42664219e+00  2.26591356e-02 
 6.43508304e+00  2.26702724e-02 
 6.44352390e+00  2.26814091e-02 
 6.45196476e+00  2.26925459e-02 
 6.46040561e+00  2.27036826e-02 
 6.46884647e+00  2.27148194e-02 
 6.47728732e+00  2.27259561e-02 
 6.48572818e+00  2.27370928e-02 
 6.49416904e+00  2.27482296e-02 
 6.50260989e+00  2.27593663e-02 
 6.51105075e+00  2.27705031e-02 
 6.51949160e+00  2.27816398e-02 
 6.52793246e+00  2.27927766e-02 
 6.53637332e+00  2.28039133e-02 
 6.54481417e+00  2.28150500e-02 
 6.55325503e+00  2.28261868e-02 
 6.56169588e+00  2.28373235e-02 
 6.57013674e+00  2.28484603e-02 
 6.57857760e+00  2.28595970e-02 
 6.58701845e+00  2.28707338e-02 
 6.59545931e+00  2.28818705e-02 
 6.60390016e+00  2.28930072e-02 
 6.61234102e+00  2.29041440e-02 
 6.62078188e+00  2.29152807e-02 
 6.62922273e+00  2.29264175e-02 
 6.63766359e+00  2.29375542e-02 
 6.64610444e+00  2.29486910e-02 
 6.65454530e+00  2.29598277e-02 
 6.66298616e+00  2.29709644e-02 
 6.67142701e+00  2.29821012e-02 
 6.67986787e+00  2.29932379e-02 
 6.68830872e+00  2.30043747e-02 
 6.69674958e+00  2.30155114e-02 
 6.70519044e+00  2.30266482e-02 
 6.71363129e+00  2.30377849e-02 
 6.72207215e+00  2.30489216e-02 
 6.73051300e+00  2.30600584e-02 
 6.73895386e+00  2.30711951e-02 
 6.74739472e+00  2.30823319e-02 
 6.75583557e+00  2.30934686e-02 
 6.76427643e+00  2.31046054e-02 
 6.77271728e+00  2.31157421e-02 
 6.78115814e+00  2.31268788e-02 
 6.78959900e+00  2.31380156e-02 
 6.79803985e+00  2.31491523e-02 
 6.80648071e+00  2.31602891e-02 
 6.81492156e+00  2.31714258e-02 
 6.82336242e+00  2.31825626e-02 
 6.83180328e+00  2.31936993e-02 
 6.84024413e+00  2.32048360e-02 
 6.84868499e+00  2.32159728e-02 
 6.85712584e+00  2.32271095e-02 
 6.86556670e+00  2.32382463e-02 
 6.87400756e+00  2.32493830e-02 
 6.88244841e+00  2.32605198e-02 
 6.89088927e+00  2.32716565e-02 
 6.89933012e+00  2.32827932e-02 
 6.90777098e+00  2.32939300e-02 
 6.91621184e+00  2.33050667e-02 
 6.92465269e+00  2.33162035e-02 
 6.93309355e+00  2.33273402e-02 
 6.94153440e+00  2.33384770e-02 
 6.94997526e+00  2.33496137e-02 
 6.95841612e+00  2.33607504e-02 
 6.96685697e+00  2.33718872e-02 
 6.97529783e+00  2.33830239e-02 
 6.98373868e+00  2.33941607e-02 
 6.99217954e+00  2.34052974e-02 
 7.00062040e+00  2.34164342e-02 
 7.00906125e+00  2.34275709e-02 
 7.01750211e+00  2.34387076e-02 
 7.02594296e+00  2.34498444e-02 
 7.03438382e+00  2.34609811e-02 
 7.04282468e+00  2.34721179e-02 
 7.05126553e+00  2.34832546e-02 
 7.05970639e+00  2.34943914e-02 
 7.06814724e+00  2.35055281e-02 
 7.07658810e+00  2.35166648e-02 
 7.08502896e+00  2.35278016e-02 
 7.09346981e+00  2.35389383e-02 
 7.10191067e+00  2.35500751e-02 
 7.11035152e+00  2.35612118e-02 
 7.11879238e+00  2.35723486e-02 
 7.12723324e+00  2.35834853e-02 
 7.13567409e+00  2.35946220e-02 
 7.14411495e+00  2.36057588e-02 
 7.15255580e+00  2.36168955e-02 
 7.16099666e+00  2.36280323e-02 
 7.16943752e+00  2.36391690e-02 
 7.17787837e+00  2.36503058e-02 
 7.18631923e+00  2.36614425e-02 
 7.19476008e+00  2.36725792e-02 
 7.20320094e+00  2.36837160e-02 
 7.21164180e+00  2.36948527e-02 
 7.22008265e+00  2.37059895e-02 
 7.22852351e+00  2.37171262e-02 
 7.23696436e+00  2.37282630e-02 
 7.24540522e+00  2.37393997e-02 
 7.25384608e+00  2.37505364e-02 
 7.26228693e+00  2.37616732e-02 
 7.27072779e+00  2.37728099e-02 
 7.27916864e+00  2.37839467e-02 
 7.28760950e+00  2.37950834e-02 
 7.29605036e+00  2.38062202e-02 
 7.30449121e+00  2.38173569e-02 
 7.31293207e+00  2.38284936e-02 
 7.32137292e+00  2.38396304e-02 
 7.32981378e+00  2.38507671e-02 
 7.33825464e+00  2.38619039e-02 
 7.34669549e+00  2.38730406e-02 
 7.35513635e+00  2.38841773e-02 
 7.36357721e+00  2.38953141e-02 
 7.37201806e+00  2.39064508e-02 
 7.38045892e+00  2.39175876e-02 
 7.38889977e+00  2.39287243e-02 
 7.39734063e+00  2.39398611e-02 
 7.40578149e+00  2.39509978e-02 
 7.41422234e+00  2.39621345e-02 
 7.42266320e+00  2.39732713e-02 
 7.43110405e+00  2.39844080e-02 
 7.43954491e+00  2.39955448e-02 
 7.44798577e+00  2.40066815e-02 
 7.45642662e+00  2.40178183e-02 
 7.46486748e+00  2.40289550e-02 
 7.47330833e+00  2.40400917e-02 
 7.48174919e+00  2.40512285e-02 
 7.49019005e+00  2.40623652e-02 
 7.49863090e+00  2.40735020e-02 
 7.50707176e+00  2.40846387e-02 
 7.51551261e+00  2.40957755e-02 
 7.52395347e+00  2.41069122e-02 
 7.53239433e+00  2.41180489e-02 
 7.54083518e+00  2.41291857e-02 
 7.54927604e+00  2.41403224e-02 
 7.55771689e+00  2.41514592e-02 
 7.56615775e+00  2.41625959e-02 
 7.57459861e+00  2.41737327e-02 
 7.58303946e+00  2.41848694e-02 
 7.59148032e+00  2.41960061e-02 
 7.59992117e+00  2.42071429e-02 
 7.60836203e+00  2.42182796e-02 
 7.61680289e+00  2.42294164e-02 
 7.62524374e+00  2.42405531e-02 
 7.63368460e+00  2.42516899e-02 
 7.64212545e+00  2.42628266e-02 
 7.65056631e+00  2.42739633e-02 
 7.65900717e+00  2.42851001e-02 
 7.66744802e+00  2.42962368e-02 
 7.67588888e+00  2.43073736e-02 
 7.68432973e+00  2.43185103e-02 
 7.69277059e+00  2.43296471e-02 
 7.70121145e+00  2.43407838e-02 
 7.70965230e+00  2.43519205e-02 
 7.71809316e+00  2.43630573e-02 
 7.72653401e+00  2.43741940e-02 
 7.73497487e+00  2.43853308e-02 
 7.74341573e+00  2.43964675e-02 
 7.75185658e+00  2.44076043e-02 
 7.76029744e+00  2.44187410e-02 
 7.76873829e+00  2.44298777e-02 
 7.77717915e+00  2.44410145e-02 
 7.78562001e+00  2.44521512e-02 
 7.79406086e+00  2.44632880e-02 
 7.80250172e+00  2.44744247e-02 
 7.81094257e+00  2.44855615e-02 
 7.81938343e+00  2.44966982e-02 
 7.82782429e+00  2.45078349e-02 
 7.83626514e+00  2.45189717e-02 
 7.84470600e+00  2.45301084e-02 
 7.85314685e+00  2.45412452e-02 
 7.86158771e+00  2.45523819e-02 
 7.87002857e+00  2.45635187e-02 
 7.87846942e+00  2.45746554e-02 
 7.88691028e+00  2.45857921e-02 
 7.89535113e+00  2.45969289e-02 
 7.90379199e+00  2.46080656e-02 
 7.91223285e+00  2.46192024e-02 
 7.92067370e+00  2.46303391e-02 
 7.92911456e+00  2.46414759e-02 
 7.93755541e+00  2.46526126e-02 
 7.94599627e+00  2.46637493e-02 
 7.95443713e+00  2.46748861e-02 
 7.96287798e+00  2.46860228e-02 
 7.97131884e+00  2.46971596e-02 
 7.97975969e+00  2.47082963e-02 
 7.98820055e+00  2.47194331e-02 
 7.99664141e+00  2.47305698e-02 
 8.00508226e+00  2.47417065e-02 
 8.01352312e+00  2.47528433e-02 
 8.02196397e+00  2.47639800e-02 
 8.03040483e+00  2.47751168e-02 
 8.03884569e+00  2.47862535e-02 
 8.04728654e+00  2.47973903e-02 
 8.05572740e+00  2.48085270e-02 
 8.06416825e+00  2.48196637e-02 
 8.07260911e+00  2.48308005e-02 
 8.08104997e+00  2.48419372e-02 
 8.08949082e+00  2.48530740e-02 
 8.09793168e+00  2.48642107e-02 
 8.10637253e+00  2.48753475e-02 
 8.11481339e+00  2.48864842e-02 
 8.12325425e+00  2.48976209e-02 
 8.13169510e+00  2.49087577e-02 
 8.14013596e+00  2.49198944e-02 
 8.14857681e+00  2.49310312e-02 
 8.15701767e+00  2.49421679e-02 
 8.16545853e+00  2.49533047e-02 
 8.17389938e+00  2.49644414e-02 
 8.18234024e+00  2.49755781e-02 
 8.19078109e+00  2.49867149e-02 
 8.19922195e+00  2.49978516e-02 
 8.20766281e+00  2.50089884e-02 
 8.21610366e+00  2.50201251e-02 
 8.22454452e+00  2.50312619e-02 
 8.23298537e+00  2.50423986e-02 
 8.24142623e+00  2.50535353e-02 
 8.24986709e+00  2.50646721e-02 
 8.25830794e+00  2.50758088e-02 
 8.26674880e+00  2.50869456e-02 
 8.27518965e+00  2.50980823e-02 
 8.28363051e+00  2.51092191e-02 
 8.29207137e+00  2.51203558e-02 
 8.30051222e+00  2.51314925e-02 
 8.30895308e+00  2.51426293e-02 
 8.31739393e+00  2.51537660e-02 
 8.32583479e+00  2.51649028e-02 
 8.33427565e+00  2.51760395e-02 
 8.34271650e+00  2.51871763e-02 
 8.35115736e+00  2.51983130e-02 
 8.35959821e+00  2.52094497e-02 
 8.36803907e+00  2.52205865e-02 
 8.37647993e+00  2.52317232e-02 
 8.38492078e+00  2.52428600e-02 
 8.39336164e+00  2.52539967e-02 
 8.40180249e+00  2.52651335e-02 
 8.41024335e+00  2.52762702e-02 
 8.41868421e+00  2.52874069e-02 
 8.42712506e+00  2.52985437e-02 
 8.43556592e+00  2.53096804e-02 
 8.44400677e+00  2.53208172e-02 
 8.45244763e+00  2.53319539e-02 
 8.46088849e+00  2.53430907e-02 
 8.46932934e+00  2.53542274e-02 
 8.47777020e+00  2.53653641e-02 
 8.48621105e+00  2.53765009e-02 
 8.49465191e+00  2.53876376e-02 
 8.50309277e+00  2.53987744e-02 
 8.51153362e+00  2.54099111e-02 
 8.51997448e+00  2.54210479e-02 
 8.52841533e+00  2.54321846e-02 
 8.53685619e+00  2.54433213e-02 
 8.54529705e+00  2.54544581e-02 
 8.55373790e+00  2.54655948e-02 
 8.56217876e+00  2.54767316e-02 
 8.57061961e+00  2.54878683e-02 
 8.57906047e+00  2.54990051e-02 
 8.58750133e+00  2.55101418e-02 
 8.59594218e+00  2.55212785e-02 
 8.60438304e+00  2.55324153e-02 
 8.61282389e+00  2.55435520e-02 
 8.62126475e+00  2.55546888e-02 
 8.62970561e+00  2.55658255e-02 
 8.63814646e+00  2.55769623e-02 
 8.64658732e+00  2.55880990e-02 
 8.65502817e+00  2.55992357e-02 
 8.66346903e+00  2.56103725e-02 
 8.67190989e+00  2.56215092e-02 
 8.68035074e+00  2.56326460e-02 
 8.68879160e+00  2.56437827e-02 
 8.69723245e+00  2.56549195e-02 
 8.70567331e+00  2.56660562e-02 
 8.71411417e+00  2.56771929e-02 
 8.72255502e+00  2.56883297e-02 
 8.73099588e+00  2.56994664e-02 
 8.73943673e+00  2.57106032e-02 
 8.74787759e+00  2.57217399e-02 
 8.75631845e+00  2.57328767e-02 
 8.76475930e+00  2.57440134e-02 
 8.77320016e+00  2.57551501e-02 
 8.78164101e+00  2.57662869e-02 
 8.79008187e+00  2.57774236e-02 
 8.79852273e+00  2.57885604e-02 
 8.80696358e+00  2.57996971e-02 
 8.81540444e+00  2.58108339e-02 
 8.82384529e+00  2.58219706e-02 
 8.83228615e+00  2.58331073e-02 
 8.84072701e+00  2.58442441e-02 
 8.84916786e+00  2.58553808e-02 
 8.85760872e+00  2.58665176e-02 
 8.86604957e+00  2.58776543e-02 
 8.87449043e+00  2.58887911e-02 
 8.88293129e+00  2.58999278e-02 
 8.89137214e+00  2.59110645e-02 
 8.89981300e+00  2.59222013e-02 
 8.90825385e+00  2.59333380e-02 
 8.91669471e+00  2.59444748e-02 
 8.92513557e+00  2.59556115e-02 
 8.93357642e+00  2.59667482e-02 
 8.94201728e+00  2.59778850e-02 
 8.95045813e+00  2.59890217e-02 
 8.95889899e+00  2.60001585e-02 
 8.96733985e+00  2.60112952e-02 
 8.97578070e+00  2.60224320e-02 
 8.98422156e+00  2.60335687e-02 
 8.99266242e+00  2.60447054e-02 
 9.00110327e+00  2.60558422e-02 
 9.00954413e+00  2.60669789e-02 
 9.01798498e+00  2.60781157e-02 
 9.02642584e+00  2.60892524e-02 
 9.03486670e+00  2.61003892e-02 
 9.04330755e+00  2.61115259e-02 
 9.05174841e+00  2.61226626e-02 
 9.06018926e+00  2.61337994e-02 
 9.06863012e+00  2.61449361e-02 
 9.07707098e+00  2.61560729e-02 
 9.08551183e+00  2.61672096e-02 
 9.09395269e+00  2.61783464e-02 
 9.10239354e+00  2.61894831e-02 
 9.11083440e+00  2.62006198e-02 
 9.11927526e+00  2.62117566e-02 
 9.12771611e+00  2.62228933e-02 
 9.13615697e+00  2.62340301e-02 
 9.14459782e+00  2.62451668e-02 
 9.15303868e+00  2.62563036e-02 
 9.16147954e+00  2.62674403e-02 
 9.16992039e+00  2.62785770e-02 
 9.17836125e+00  2.62897138e-02 
 9.18680210e+00  2.63008505e-02 
 9.19524296e+00  2.63119873e-02 
 9.20368382e+00  2.63231240e-02 
 9.21212467e+00  2.63342608e-02 
 9.22056553e+00  2.63453975e-02 
 9.22900638e+00  2.63565342e-02 
 9.23744724e+00  2.63676710e-02 
 9.24588810e+00  2.63788077e-02 
 9.25432895e+00  2.63899445e-02 
 9.26276981e+00  2.64010812e-02 
 9.27121066e+00  2.64122180e-02 
 9.27965152e+00  2.64233547e-02 
 9.28809238e+00  2.64344914e-02 
 9.29653323e+00  2.64456282e-02 
 9.30497409e+00  2.64567649e-02 
 9.31341494e+00  2.64679017e-02 
 9.32185580e+00  2.64790384e-02 
 9.33029666e+00  2.64901752e-02 
 9.33873751e+00  2.65013119e-02 
 9.34717837e+00  2.65124486e-02 
 9.35561922e+00  2.65235854e-02 
 9.36406008e+00  2.65347221e-02 
 9.37250094e+00  2.65458589e-02 
 9.38094179e+00  2.65569956e-02 
 9.38938265e+00  2.65681324e-02 
 9.39782350e+00  2.65792691e-02 
 9.40626436e+00  2.65904058e-02 
 9.41470522e+00  2.66015426e-02 
 9.42314607e+00  2.66126793e-02 
 9.43158693e+00  2.66238161e-02 
 9.44002778e+00  2.66349528e-02 
 9.44846864e+00  2.66460896e-02 
 9.45690950e+00  2.66572263e-02 
 9.46535035e+00  2.66683630e-02 
 9.47379121e+00  2.66794998e-02 
 9.48223206e+00  2.66906365e-02 
 9.49067292e+00  2.67017733e-02 
 9.49911378e+00  2.67129100e-02 
 9.50755463e+00  2.67240468e-02 
 9.51599549e+00  2.67351835e-02 
 9.52443634e+00  2.67463202e-02 
 9.53287720e+00  2.67574570e-02 
 9.54131806e+00  2.67685937e-02 
 9.54975891e+00  2.67797305e-02 
 9.55819977e+00  2.67908672e-02 
 9.56664062e+00  2.68020040e-02 
 9.57508148e+00  2.68131407e-02 
 9.58352234e+00  2.68242774e-02 
 9.59196319e+00  2.68354142e-02 
 9.60040405e+00  2.68465509e-02 
 9.60884490e+00  2.68576877e-02 
 9.61728576e+00  2.68688244e-02 
 9.62572662e+00  2.68799612e-02 
 9.63416747e+00  2.68910979e-02 
 9.64260833e+00  2.69022346e-02 
 9.65104918e+00  2.69133714e-02 
 9.65949004e+00  2.69245081e-02 
 9.66793090e+00  2.69356449e-02 
 9.67637175e+00  2.69467816e-02 
 9.68481261e+00  2.69579184e-02 
 9.69325346e+00  2.69690551e-02 
 9.70169432e+00  2.69801918e-02 
 9.71013518e+00  2.69913286e-02 
 9.71857603e+00  2.70024653e-02 
 9.72701689e+00  2.70136021e-02 
 9.73545774e+00  2.70247388e-02 
 9.74389860e+00  2.70358756e-02 
 9.75233946e+00  2.70470123e-02 
 9.76078031e+00  2.70581490e-02 
 9.76922117e+00  2.70692858e-02 
 9.77766202e+00  2.70804225e-02 
 9.78610288e+00  2.70915593e-02 
 9.79454374e+00  2.71026960e-02 
 9.80298459e+00  2.71138328e-02 
 9.81142545e+00  2.71249695e-02 
 9.81986630e+00  2.71361062e-02 
 9.82830716e+00  2.71472430e-02 
 9.83674802e+00  2.71583797e-02 
 9.84518887e+00  2.71695165e-02 
 9.85362973e+00  2.71806532e-02 
 9.86207058e+00  2.71917900e-02 
 9.87051144e+00  2.72029267e-02 
 9.87895230e+00  2.72140634e-02 
 9.88739315e+00  2.72252002e-02 
 9.89583401e+00  2.72363369e-02 
 9.90427486e+00  2.72474737e-02 
 9.91271572e+00  2.72586104e-02 
 9.92115658e+00  2.72697472e-02 
 9.92959743e+00  2.72808839e-02 
 9.93803829e+00  2.72920206e-02 
 9.94647914e+00  2.73031574e-02 
 9.95492000e+00  2.73142941e-02 
 9.96336086e+00  2.73254309e-02 
 9.97180171e+00  2.73365676e-02 
 9.98024257e+00  2.73477044e-02 
 9.98868342e+00  2.73588411e-02 
 9.99712428e+00  2.73699778e-02 
 1.00055651e+01  2.73811146e-02 
 1.00140060e+01  2.73922513e-02 
 1.00224468e+01  2.74033881e-02 
 1.00308877e+01  2.74145248e-02 
 1.00393286e+01  2.74256616e-02 
 1.00477694e+01  2.74367983e-02 
 1.00562103e+01  2.74479350e-02 
 1.00646511e+01  2.74590718e-02 
 1.00730920e+01  2.74702085e-02 
 1.00815328e+01  2.74813453e-02 
 1.00899737e+01  2.74924820e-02 
 1.00984146e+01  2.75036188e-02 
 1.01068554e+01  2.75147555e-02 
 1.01152963e+01  2.75258922e-02 
 1.01237371e+01  2.75370290e-02 
 1.01321780e+01  2.75481657e-02 
 1.01406188e+01  2.75593025e-02 
 1.01490597e+01  2.75704392e-02 
 1.01575005e+01  2.75815760e-02 
 1.01659414e+01  2.75927127e-02 
 1.01743823e+01  2.76038494e-02 
 1.01828231e+01  2.76149862e-02 
 1.01912640e+01  2.76261229e-02 
 1.01997048e+01  2.76372597e-02 
 1.02081457e+01  2.76483964e-02 
 1.02165865e+01  2.76595332e-02 
 1.02250274e+01  2.76706699e-02 
 1.02334682e+01  2.76818066e-02 
 1.02419091e+01  2.76929434e-02 
 1.02503500e+01  2.77040801e-02 
 1.02587908e+01  2.77152169e-02 
 1.02672317e+01  2.77263536e-02 
 1.02756725e+01  2.77374904e-02 
 1.02841134e+01  2.77486271e-02 
 1.02925542e+01  2.77597638e-02 
 1.03009951e+01  2.77709006e-02 
 1.03094360e+01  2.77820373e-02 
 1.03178768e+01  2.77931741e-02 
 1.03263177e+01  2.78043108e-02 
 1.03347585e+01  2.78154476e-02 
 1.03431994e+01  2.78265843e-02 
 1.03516402e+01  2.78377210e-02 
 1.03600811e+01  2.78488578e-02 
 1.03685219e+01  2.78599945e-02 
 1.03769628e+01  2.78711313e-02 
 1.03854037e+01  2.78822680e-02 
 1.03938445e+01  2.78934048e-02 
 1.04022854e+01  2.79045415e-02 
 1.04107262e+01  2.79156782e-02 
 1.04191671e+01  2.79268150e-02 
 1.04276079e+01  2.79379517e-02 
 1.04360488e+01  2.79490885e-02 
 1.04444896e+01  2.79602252e-02 
 1.04529305e+01  2.79713620e-02 
 1.04613714e+01  2.79824987e-02 
 1.04698122e+01  2.79936354e-02 
 1.04782531e+01  2.80047722e-02 
 1.04866939e+01  2.80159089e-02 
 1.04951348e+01  2.80270457e-02 
 1.05035756e+01  2.80381824e-02 
 1.05120165e+01  2.80493192e-02 
 1.05204574e+01  2.80604559e-02 
 1.05288982e+01  2.80715926e-02 
 1.05373391e+01  2.80827294e-02 
 1.05457799e+01  2.80938661e-02 
 1.05542208e+01  2.81050029e-02 
 1.05626616e+01  2.81161396e-02 
 1.05711025e+01  2.81272764e-02 
 1.05795433e+01  2.81384131e-02 
 1.05879842e+01  2.81495498e-02 
 1.05964251e+01  2.81606866e-02 
 1.06048659e+01  2.81718233e-02 
 1.06133068e+01  2.81829601e-02 
 1.06217476e+01  2.81940968e-02 
 1.06301885e+01  2.82052336e-02 
 1.06386293e+01  2.82163703e-02 
 1.06470702e+01  2.82275070e-02 
 1.06555110e+01  2.82386438e-02 
 1.06639519e+01  2.82497805e-02 
 1.06723928e+01  2.82609173e-02 
 1.06808336e+01  2.82720540e-02 
 1.06892745e+01  2.82831908e-02 
 1.06977153e+01  2.82943275e-02 
 1.07061562e+01  2.83054642e-02 
 1.07145970e+01  2.83166010e-02 
 1.07230379e+01  2.83277377e-02 
 1.07314788e+01  2.83388745e-02 
 1.07399196e+01  2.83500112e-02 
 1.07483605e+01  2.83611479e-02 
 1.07568013e+01  2.83722847e-02 
 1.07652422e+01  2.83834214e-02 
 1.07736830e+01  2.83945582e-02 
 1.07821239e+01  2.84056949e-02 
 1.07905647e+01  2.84168317e-02 
 1.07990056e+01  2.84279684e-02 
 1.08074465e+01  2.84391051e-02 
 1.08158873e+01  2.84502419e-02 
 1.08243282e+01  2.84613786e-02 
 1.08327690e+01  2.84725154e-02 
 1.08412099e+01  2.84836521e-02 
 1.08496507e+01  2.84947889e-02 
 1.08580916e+01  2.85059256e-02 
 1.08665324e+01  2.85170623e-02 
 1.08749733e+01  2.85281991e-02 
 1.08834142e+01  2.85393358e-02 
 1.08918550e+01  2.85504726e-02 
 1.09002959e+01  2.85616093e-02 
 1.09087367e+01  2.85727461e-02 
 1.09171776e+01  2.85838828e-02 
 1.09256184e+01  2.85950195e-02 
 1.09340593e+01  2.86061563e-02 
 1.09425002e+01  2.86172930e-02 
 1.09509410e+01  2.86284298e-02 
 1.09593819e+01  2.86395665e-02 
 1.09678227e+01  2.86507033e-02 
 1.09762636e+01  2.86618400e-02 
 1.09847044e+01  2.86729767e-02 
 1.09931453e+01  2.86841135e-02 
 1.10015861e+01  2.86952502e-02 
 1.10100270e+01  2.87063870e-02 
 1.10184679e+01  2.87175237e-02 
 1.10269087e+01  2.87286605e-02 
 1.10353496e+01  2.87397972e-02 
 1.10437904e+01  2.87509339e-02 
 1.10522313e+01  2.87620707e-02 
 1.10606721e+01  2.87732074e-02 
 1.10691130e+01  2.87843442e-02 
 1.10775538e+01  2.87954809e-02 
 1.10859947e+01  2.88066177e-02 
 1.10944356e+01  2.88177544e-02 
 1.11028764e+01  2.88288911e-02 
 1.11113173e+01  2.88400279e-02 
 1.11197581e+01  2.88511646e-02 
 1.11281990e+01  2.88623014e-02 
 1.11366398e+01  2.88734381e-02 
 1.11450807e+01  2.88845749e-02 
 1.11535216e+01  2.88957116e-02 
 1.11619624e+01  2.89068483e-02 
 1.11704033e+01  2.89179851e-02 
 1.11788441e+01  2.89291218e-02 
 1.11872850e+01  2.89402586e-02 
 1.11957258e+01  2.89513953e-02 
 1.12041667e+01  2.89625321e-02 
 1.12126075e+01  2.89736688e-02 
 1.12210484e+01  2.89848055e-02 
 1.12294893e+01  2.89959423e-02 
 1.12379301e+01  2.90070790e-02 
 1.12463710e+01  2.90182158e-02 
 1.12548118e+01  2.90293525e-02 
 1.12632527e+01  2.90404893e-02 
 1.12716935e+01  2.90516260e-02 
 1.12801344e+01  2.90627627e-02 
 1.12885752e+01  2.90738995e-02 
 1.12970161e+01  2.90850362e-02 
 1.13054570e+01  2.90961730e-02 
 1.13138978e+01  2.91073097e-02 
 1.13223387e+01  2.91184465e-02 
 1.13307795e+01  2.91295832e-02 
 1.13392204e+01  2.91407199e-02 
 1.13476612e+01  2.91518567e-02 
 1.13561021e+01  2.91629934e-02 
 1.13645430e+01  2.91741302e-02 
 1.13729838e+01  2.91852669e-02 
 1.13814247e+01  2.91964037e-02 
 1.13898655e+01  2.92075404e-02 
 1.13983064e+01  2.92186771e-02 
 1.14067472e+01  2.92298139e-02 
 1.14151881e+01  2.92409506e-02 
 1.14236289e+01  2.92520874e-02 
 1.14320698e+01  2.92632241e-02 
 1.14405107e+01  2.92743609e-02 
 1.14489515e+01  2.92854976e-02 
 1.14573924e+01  2.92966343e-02 
 1.14658332e+01  2.93077711e-02 
 1.14742741e+01  2.93189078e-02 
 1.14827149e+01  2.93300446e-02 
 1.14911558e+01  2.93411813e-02 
 1.14995966e+01  2.93523181e-02 
 1.15080375e+01  2.93634548e-02 
 1.15164784e+01  2.93745915e-02 
 1.15249192e+01  2.93857283e-02 
 1.15333601e+01  2.93968650e-02 
 1.15418009e+01  2.94080018e-02 
 1.15502418e+01  2.94191385e-02 
 1.15586826e+01  2.94302753e-02 
 1.15671235e+01  2.94414120e-02 
 1.15755644e+01  2.94525487e-02 
 1.15840052e+01  2.94636855e-02 
 1.15924461e+01  2.94748222e-02 
 1.16008869e+01  2.94859590e-02 
 1.16093278e+01  2.94970957e-02 
 1.16177686e+01  2.95082325e-02 
 1.16262095e+01  2.95193692e-02 
 1.16346503e+01  2.95305059e-02 
 1.16430912e+01  2.95416427e-02 
 1.16515321e+01  2.95527794e-02 
 1.16599729e+01  2.95639162e-02 
 1.16684138e+01  2.95750529e-02 
 1.16768546e+01  2.95861897e-02 
 1.16852955e+01  2.95973264e-02 
 1.16937363e+01  2.96084631e-02 
 1.17021772e+01  2.96195999e-02 
 1.17106180e+01  2.96307366e-02 
 1.17190589e+01  2.96418734e-02 
 1.17274998e+01  2.96530101e-02 
 1.17359406e+01  2.96641469e-02 
 1.17443815e+01  2.96752836e-02 
 1.17528223e+01  2.96864203e-02 
 1.17612632e+01  2.96975571e-02 
 1.17697040e+01  2.97086938e-02 
 1.17781449e+01  2.97198306e-02 
 1.17865858e+01  2.97309673e-02 
 1.17950266e+01  2.97421041e-02 
 1.18034675e+01  2.97532408e-02 
 1.18119083e+01  2.97643775e-02 
 1.18203492e+01  2.97755143e-02 
 1.18287900e+01  2.97866510e-02 
 1.18372309e+01  2.97977878e-02 
 1.18456717e+01  2.98089245e-02 
 1.18541126e+01  2.98200613e-02 
 1.18625535e+01  2.98311980e-02 
 1.18709943e+01  2.98423347e-02 
 1.18794352e+01  2.98534715e-02 
 1.18878760e+01  2.98646082e-02 
 1.18963169e+01  2.98757450e-02 
 1.19047577e+01  2.98868817e-02 
 1.19131986e+01  2.98980185e-02 
 1.19216395e+01  2.99091552e-02 
 1.19300803e+01  2.99202919e-02 
 1.19385212e+01  2.99314287e-02 
 1.19469620e+01  2.99425654e-02 
 1.19554029e+01  2.99537022e-02 
 1.19638437e+01  2.99648389e-02 
 1.19722846e+01  2.99759757e-02 
 1.19807254e+01  2.99871124e-02 
 1.19891663e+01  2.99982491e-02 
 1.19976072e+01  3.00093859e-02 
 1.20060480e+01  3.00205226e-02 
 1.20144889e+01  3.00316594e-02 
 1.20229297e+01  3.00427961e-02 
 1.20313706e+01  3.00539329e-02 
 1.20398114e+01  3.00650696e-02 
 1.20482523e+01  3.00762063e-02 
 1.20566931e+01  3.00873431e-02 
 1.20651340e+01  3.00984798e-02 
 1.20735749e+01  3.01096166e-02 
