-1.90294942e+00 -1.51697737e-02 
-1.90280754e+00 -1.50993648e-02 
-1.90266693e+00 -1.50289759e-02 
-1.90252625e+00 -1.49585875e-02 
-1.90238542e+00 -1.48882001e-02 
-1.90224444e+00 -1.48178138e-02 
-1.90210332e+00 -1.47474284e-02 
-1.90196205e+00 -1.46770441e-02 
-1.90182063e+00 -1.46066609e-02 
-1.90167906e+00 -1.45362786e-02 
-1.90153735e+00 -1.44658975e-02 
-1.90139548e+00 -1.43955173e-02 
-1.90125346e+00 -1.43251383e-02 
-1.90111129e+00 -1.42547603e-02 
-1.90096897e+00 -1.41843833e-02 
-1.90082649e+00 -1.41140074e-02 
-1.90068386e+00 -1.40436326e-02 
-1.90054107e+00 -1.39732589e-02 
-1.90039813e+00 -1.39028863e-02 
-1.90025504e+00 -1.38325148e-02 
-1.90011178e+00 -1.37621444e-02 
-1.89996837e+00 -1.36917750e-02 
-1.89982480e+00 -1.36214068e-02 
-1.89968107e+00 -1.35510397e-02 
-1.89953718e+00 -1.34806737e-02 
-1.89939313e+00 -1.34103089e-02 
-1.89924891e+00 -1.33399452e-02 
-1.89910454e+00 -1.32695826e-02 
-1.89896000e+00 -1.31992211e-02 
-1.89881529e+00 -1.31288608e-02 
-1.89867043e+00 -1.30585017e-02 
-1.89852539e+00 -1.29881437e-02 
-1.89838019e+00 -1.29177869e-02 
-1.89823482e+00 -1.28474313e-02 
-1.89808929e+00 -1.27770769e-02 
-1.89794358e+00 -1.27067236e-02 
-1.89779770e+00 -1.26363715e-02 
-1.89765166e+00 -1.25660207e-02 
-1.89750544e+00 -1.24956710e-02 
-1.89735905e+00 -1.24253225e-02 
-1.89721248e+00 -1.23549753e-02 
-1.89706574e+00 -1.22846293e-02 
-1.89691883e+00 -1.22142845e-02 
-1.89677173e+00 -1.21439409e-02 
-1.89662447e+00 -1.20735986e-02 
-1.89647702e+00 -1.20032576e-02 
-1.89632939e+00 -1.19329178e-02 
-1.89618159e+00 -1.18625792e-02 
-1.89603360e+00 -1.17922420e-02 
-1.89588543e+00 -1.17219060e-02 
-1.89573708e+00 -1.16515713e-02 
-1.89558855e+00 -1.15812378e-02 
-1.89543983e+00 -1.15109057e-02 
-1.89529092e+00 -1.14405749e-02 
-1.89514183e+00 -1.13702454e-02 
-1.89499255e+00 -1.12999172e-02 
-1.89484308e+00 -1.12295903e-02 
-1.89469343e+00 -1.11592648e-02 
-1.89454358e+00 -1.10889406e-02 
-1.89439354e+00 -1.10186178e-02 
-1.89424330e+00 -1.09482963e-02 
-1.89409288e+00 -1.08779761e-02 
-1.89394226e+00 -1.08076574e-02 
-1.89379144e+00 -1.07373400e-02 
-1.89364042e+00 -1.06670240e-02 
-1.89348921e+00 -1.05967094e-02 
-1.89333780e+00 -1.05263962e-02 
-1.89318619e+00 -1.04560844e-02 
-1.89303437e+00 -1.03857740e-02 
-1.89288236e+00 -1.03154651e-02 
-1.89273014e+00 -1.02451576e-02 
-1.89257771e+00 -1.01748515e-02 
-1.89242508e+00 -1.01045468e-02 
-1.89227225e+00 -1.00342437e-02 
-1.89211920e+00 -9.96394196e-03 
-1.89196595e+00 -9.89364172e-03 
-1.89181248e+00 -9.82334297e-03 
-1.89165880e+00 -9.75304571e-03 
-1.89150491e+00 -9.68274994e-03 
-1.89135081e+00 -9.61245569e-03 
-1.89119649e+00 -9.54216295e-03 
-1.89104195e+00 -9.47187173e-03 
-1.89088720e+00 -9.40158206e-03 
-1.89073223e+00 -9.33129392e-03 
-1.89057703e+00 -9.26100734e-03 
-1.89042162e+00 -9.19072231e-03 
-1.89026598e+00 -9.12043886e-03 
-1.89011012e+00 -9.05015699e-03 
-1.88995403e+00 -8.97987671e-03 
-1.88979772e+00 -8.90959803e-03 
-1.88964117e+00 -8.83932096e-03 
-1.88948440e+00 -8.76904550e-03 
-1.88932740e+00 -8.69877167e-03 
-1.88917016e+00 -8.62849948e-03 
-1.88901269e+00 -8.55822894e-03 
-1.88885499e+00 -8.48796006e-03 
-1.88869705e+00 -8.41769284e-03 
-1.88853887e+00 -8.34742730e-03 
-1.88838045e+00 -8.27716345e-03 
-1.88822179e+00 -8.20690129e-03 
-1.88806289e+00 -8.13664085e-03 
-1.88790375e+00 -8.06638212e-03 
-1.88774436e+00 -7.99612513e-03 
-1.88758472e+00 -7.92586987e-03 
-1.88742484e+00 -7.85561637e-03 
-1.88726471e+00 -7.78536463e-03 
-1.88710432e+00 -7.71511466e-03 
-1.88694368e+00 -7.64486648e-03 
-1.88678279e+00 -7.57462009e-03 
-1.88662164e+00 -7.50437551e-03 
-1.88646024e+00 -7.43413275e-03 
-1.88629857e+00 -7.36389182e-03 
-1.88613665e+00 -7.29365273e-03 
-1.88597446e+00 -7.22341550e-03 
-1.88581201e+00 -7.15318013e-03 
-1.88564929e+00 -7.08294663e-03 
-1.88548631e+00 -7.01271503e-03 
-1.88532305e+00 -6.94248533e-03 
-1.88515953e+00 -6.87225754e-03 
-1.88499573e+00 -6.80203168e-03 
-1.88483166e+00 -6.73180776e-03 
-1.88466731e+00 -6.66158579e-03 
-1.88450268e+00 -6.59136578e-03 
-1.88433778e+00 -6.52114776e-03 
-1.88417259e+00 -6.45093172e-03 
-1.88400712e+00 -6.38071768e-03 
-1.88384136e+00 -6.31050567e-03 
-1.88367532e+00 -6.24029568e-03 
-1.88350899e+00 -6.17008774e-03 
-1.88334237e+00 -6.09988186e-03 
-1.88317545e+00 -6.02967804e-03 
-1.88300824e+00 -5.95947632e-03 
-1.88284073e+00 -5.88927669e-03 
-1.88267293e+00 -5.81907918e-03 
-1.88250482e+00 -5.74888380e-03 
-1.88233641e+00 -5.67869056e-03 
-1.88216769e+00 -5.60849948e-03 
-1.88199867e+00 -5.53831057e-03 
-1.88182934e+00 -5.46812385e-03 
-1.88165970e+00 -5.39793933e-03 
-1.88148974e+00 -5.32775703e-03 
-1.88131947e+00 -5.25757696e-03 
-1.88114888e+00 -5.18739915e-03 
-1.88097797e+00 -5.11722359e-03 
-1.88080674e+00 -5.04705032e-03 
-1.88063519e+00 -4.97687935e-03 
-1.88046331e+00 -4.90671069e-03 
-1.88029110e+00 -4.83654437e-03 
-1.88011855e+00 -4.76638039e-03 
-1.87994568e+00 -4.69621877e-03 
-1.87977246e+00 -4.62605953e-03 
-1.87959891e+00 -4.55590270e-03 
-1.87942502e+00 -4.48574827e-03 
-1.87925079e+00 -4.41559628e-03 
-1.87907621e+00 -4.34544674e-03 
-1.87890128e+00 -4.27529968e-03 
-1.87872600e+00 -4.20515509e-03 
-1.87855036e+00 -4.13501302e-03 
-1.87837437e+00 -4.06487346e-03 
-1.87819803e+00 -3.99473645e-03 
-1.87802132e+00 -3.92460200e-03 
-1.87784424e+00 -3.85447013e-03 
-1.87766680e+00 -3.78434087e-03 
-1.87748899e+00 -3.71421422e-03 
-1.87731081e+00 -3.64409021e-03 
-1.87713225e+00 -3.57396886e-03 
-1.87695332e+00 -3.50385019e-03 
-1.87677400e+00 -3.43373423e-03 
-1.87659431e+00 -3.36362098e-03 
-1.87641422e+00 -3.29351047e-03 
-1.87623374e+00 -3.22340273e-03 
-1.87605288e+00 -3.15329778e-03 
-1.87587161e+00 -3.08319563e-03 
-1.87568995e+00 -3.01309631e-03 
-1.87550789e+00 -2.94299984e-03 
-1.87532542e+00 -2.87290624e-03 
-1.87514254e+00 -2.80281554e-03 
-1.87495925e+00 -2.73272776e-03 
-1.87477555e+00 -2.66264292e-03 
-1.87459143e+00 -2.59256105e-03 
-1.87440689e+00 -2.52248217e-03 
-1.87422192e+00 -2.45240630e-03 
-1.87403653e+00 -2.38233347e-03 
-1.87385070e+00 -2.31226371e-03 
-1.87366444e+00 -2.24219703e-03 
-1.87347774e+00 -2.17213346e-03 
-1.87329060e+00 -2.10207304e-03 
-1.87310301e+00 -2.03201578e-03 
-1.87291497e+00 -1.96196171e-03 
-1.87272649e+00 -1.89191086e-03 
-1.87253754e+00 -1.82186325e-03 
-1.87234813e+00 -1.75181892e-03 
-1.87215826e+00 -1.68177789e-03 
-1.87196792e+00 -1.61174018e-03 
-1.87177711e+00 -1.54170583e-03 
-1.87158582e+00 -1.47167487e-03 
-1.87139405e+00 -1.40164731e-03 
-1.87120180e+00 -1.33162321e-03 
-1.87100905e+00 -1.26160257e-03 
-1.87081582e+00 -1.19158544e-03 
-1.87062209e+00 -1.12157184e-03 
-1.87042785e+00 -1.05156181e-03 
-1.87023311e+00 -9.81555368e-04 
-1.87003786e+00 -9.11552557e-04 
-1.86984210e+00 -8.41553407e-04 
-1.86964581e+00 -7.71557949e-04 
-1.86944900e+00 -7.01566216e-04 
-1.86925166e+00 -6.31578243e-04 
-1.86905379e+00 -5.61594062e-04 
-1.86885538e+00 -4.91613709e-04 
-1.86865643e+00 -4.21637218e-04 
-1.86845693e+00 -3.51664625e-04 
-1.86825688e+00 -2.81695964e-04 
-1.86805627e+00 -2.11731274e-04 
-1.86785509e+00 -1.41770589e-04 
-1.86765335e+00 -7.18139488e-05 
-1.86745103e+00 -1.86138971e-06 
-1.86724813e+00  6.80870495e-05 
-1.86704465e+00  1.38031330e-04 
-1.86684058e+00  2.07971412e-04 
-1.86663591e+00  2.77907256e-04 
-1.86643064e+00  3.47838822e-04 
-1.86622477e+00  4.17766067e-04 
-1.86601828e+00  4.87688951e-04 
-1.86581117e+00  5.57607431e-04 
-1.86560344e+00  6.27521464e-04 
-1.86539508e+00  6.97431007e-04 
-1.86518607e+00  7.67336015e-04 
-1.86497643e+00  8.37236443e-04 
-1.86476614e+00  9.07132247e-04 
-1.86455519e+00  9.77023379e-04 
-1.86434357e+00  1.04690979e-03 
-1.86413129e+00  1.11679144e-03 
-1.86391833e+00  1.18666828e-03 
-1.86370469e+00  1.25654025e-03 
-1.86349035e+00  1.32640730e-03 
-1.86327532e+00  1.39626940e-03 
-1.86305959e+00  1.46612648e-03 
-1.86284315e+00  1.53597849e-03 
-1.86262598e+00  1.60582539e-03 
-1.86240809e+00  1.67566711e-03 
-1.86218946e+00  1.74550360e-03 
-1.86197010e+00  1.81533481e-03 
-1.86174998e+00  1.88516068e-03 
-1.86152910e+00  1.95498115e-03 
-1.86130746e+00  2.02479617e-03 
-1.86108505e+00  2.09460567e-03 
-1.86086185e+00  2.16440960e-03 
-1.86063786e+00  2.23420789e-03 
-1.86041307e+00  2.30400049e-03 
-1.86018747e+00  2.37378732e-03 
-1.85996106e+00  2.44356833e-03 
-1.85973382e+00  2.51334345e-03 
-1.85950574e+00  2.58311262e-03 
-1.85927682e+00  2.65287576e-03 
-1.85904704e+00  2.72263281e-03 
-1.85881639e+00  2.79238370e-03 
-1.85858488e+00  2.86212836e-03 
-1.85835247e+00  2.93186672e-03 
-1.85811918e+00  3.00159869e-03 
-1.85788497e+00  3.07132422e-03 
-1.85764986e+00  3.14104322e-03 
-1.85741381e+00  3.21075561e-03 
-1.85717683e+00  3.28046132e-03 
-1.85693889e+00  3.35016026e-03 
-1.85670000e+00  3.41985237e-03 
-1.85646014e+00  3.48953754e-03 
-1.85621929e+00  3.55921570e-03 
-1.85597745e+00  3.62888677e-03 
-1.85573459e+00  3.69855065e-03 
-1.85549072e+00  3.76820725e-03 
-1.85524581e+00  3.83785649e-03 
-1.85499986e+00  3.90749827e-03 
-1.85475285e+00  3.97713251e-03 
-1.85450477e+00  4.04675909e-03 
-1.85425560e+00  4.11637793e-03 
-1.85400533e+00  4.18598893e-03 
-1.85375394e+00  4.25559197e-03 
-1.85350143e+00  4.32518697e-03 
-1.85324777e+00  4.39477382e-03 
-1.85299296e+00  4.46435240e-03 
-1.85273697e+00  4.53392261e-03 
-1.85247979e+00  4.60348433e-03 
-1.85222140e+00  4.67303746e-03 
-1.85196179e+00  4.74258187e-03 
-1.85170095e+00  4.81211745e-03 
-1.85143884e+00  4.88164408e-03 
-1.85117547e+00  4.95116163e-03 
-1.85091080e+00  5.02066997e-03 
-1.85064483e+00  5.09016898e-03 
-1.85037753e+00  5.15965853e-03 
-1.85010888e+00  5.22913847e-03 
-1.84983887e+00  5.29860869e-03 
-1.84956748e+00  5.36806902e-03 
-1.84929468e+00  5.43751934e-03 
-1.84902045e+00  5.50695949e-03 
-1.84874478e+00  5.57638933e-03 
-1.84846764e+00  5.64580870e-03 
-1.84818901e+00  5.71521745e-03 
-1.84790888e+00  5.78461542e-03 
-1.84762720e+00  5.85400244e-03 
-1.84734397e+00  5.92337835e-03 
-1.84705916e+00  5.99274297e-03 
-1.84677274e+00  6.06209614e-03 
-1.84648469e+00  6.13143768e-03 
-1.84619499e+00  6.20076739e-03 
-1.84590360e+00  6.27008510e-03 
-1.84561051e+00  6.33939062e-03 
-1.84531567e+00  6.40868374e-03 
-1.84501908e+00  6.47796427e-03 
-1.84472068e+00  6.54723200e-03 
-1.84442047e+00  6.61648672e-03 
-1.84411840e+00  6.68572822e-03 
-1.84381445e+00  6.75495627e-03 
-1.84350858e+00  6.82417065e-03 
-1.84320077e+00  6.89337113e-03 
-1.84289097e+00  6.96255747e-03 
-1.84257916e+00  7.03172941e-03 
-1.84226529e+00  7.10088673e-03 
-1.84194934e+00  7.17002914e-03 
-1.84163127e+00  7.23915640e-03 
-1.84131103e+00  7.30826823e-03 
-1.84098860e+00  7.37736436e-03 
-1.84066392e+00  7.44644449e-03 
-1.84033696e+00  7.51550834e-03 
-1.84000768e+00  7.58455560e-03 
-1.83967603e+00  7.65358597e-03 
-1.83934197e+00  7.72259912e-03 
-1.83900545e+00  7.79159473e-03 
-1.83866643e+00  7.86057246e-03 
-1.83832485e+00  7.92953196e-03 
-1.83798068e+00  7.99847289e-03 
-1.83763384e+00  8.06739487e-03 
-1.83728430e+00  8.13629752e-03 
-1.83693200e+00  8.20518046e-03 
-1.83657688e+00  8.27404329e-03 
-1.83621889e+00  8.34288559e-03 
-1.83585796e+00  8.41170694e-03 
-1.83549404e+00  8.48050690e-03 
-1.83512705e+00  8.54928502e-03 
-1.83475695e+00  8.61804083e-03 
-1.83438365e+00  8.68677385e-03 
-1.83400708e+00  8.75548358e-03 
-1.83362719e+00  8.82416952e-03 
-1.83324389e+00  8.89283113e-03 
-1.83285710e+00  8.96146786e-03 
-1.83246675e+00  9.03007915e-03 
-1.83207276e+00  9.09866441e-03 
-1.83167503e+00  9.16722304e-03 
-1.83127349e+00  9.23575441e-03 
-1.83086804e+00  9.30425788e-03 
-1.83045858e+00  9.37273277e-03 
-1.83004503e+00  9.44117838e-03 
-1.82962728e+00  9.50959400e-03 
-1.82920522e+00  9.57797889e-03 
-1.82877875e+00  9.64633225e-03 
-1.82834775e+00  9.71465330e-03 
-1.82791211e+00  9.78294119e-03 
-1.82747171e+00  9.85119506e-03 
-1.82702641e+00  9.91941402e-03 
-1.82657609e+00  9.98759711e-03 
-1.82612062e+00  1.00557434e-02 
-1.82565985e+00  1.01238518e-02 
-1.82519362e+00  1.01919213e-02 
-1.82472180e+00  1.02599508e-02 
-1.82424422e+00  1.03279392e-02 
-1.82376070e+00  1.03958852e-02 
-1.82327109e+00  1.04637877e-02 
-1.82277519e+00  1.05316453e-02 
-1.82227281e+00  1.05994566e-02 
-1.82176376e+00  1.06672203e-02 
-1.82124783e+00  1.07349348e-02 
-1.82072480e+00  1.08025986e-02 
-1.82019444e+00  1.08702101e-02 
-1.81965652e+00  1.09377676e-02 
-1.81911078e+00  1.10052692e-02 
-1.81855696e+00  1.10727132e-02 
-1.81799479e+00  1.11400975e-02 
-1.81742397e+00  1.12074201e-02 
-1.81684421e+00  1.12746787e-02 
-1.81625517e+00  1.13418712e-02 
-1.81565653e+00  1.14089951e-02 
-1.81504793e+00  1.14760478e-02 
-1.81442899e+00  1.15430266e-02 
-1.81379931e+00  1.16099289e-02 
-1.81315848e+00  1.16767514e-02 
-1.81250605e+00  1.17434911e-02 
-1.81184156e+00  1.18101447e-02 
-1.81116449e+00  1.18767085e-02 
-1.81047433e+00  1.19431788e-02 
-1.80977052e+00  1.20095515e-02 
-1.80905245e+00  1.20758225e-02 
-1.80831949e+00  1.21419871e-02 
-1.80757096e+00  1.22080405e-02 
-1.80680614e+00  1.22739776e-02 
-1.80602426e+00  1.23397928e-02 
-1.80522448e+00  1.24054802e-02 
-1.80440592e+00  1.24710335e-02 
-1.80356762e+00  1.25364458e-02 
-1.80270857e+00  1.26017099e-02 
-1.80182766e+00  1.26668179e-02 
-1.80092370e+00  1.27317614e-02 
-1.79999541e+00  1.27965310e-02 
-1.79904141e+00  1.28611171e-02 
-1.79806018e+00  1.29255087e-02 
-1.79705010e+00  1.29896943e-02 
-1.79600940e+00  1.30536612e-02 
-1.79493613e+00  1.31173955e-02 
-1.79382819e+00  1.31808822e-02 
-1.79268326e+00  1.32441048e-02 
-1.79149880e+00  1.33070452e-02 
-1.79027204e+00  1.33696834e-02 
-1.78899991e+00  1.34319976e-02 
-1.78767900e+00  1.34939636e-02 
-1.78630558e+00  1.35555545e-02 
-1.78487549e+00  1.36167408e-02 
-1.78338409e+00  1.36774893e-02 
-1.78182623e+00  1.37377632e-02 
-1.78019613e+00  1.37975213e-02 
-1.77848736e+00  1.38567176e-02 
-1.77669264e+00  1.39153003e-02 
-1.77480384e+00  1.39732111e-02 
-1.77281176e+00  1.40303846e-02 
-1.77070604e+00  1.40867466e-02 
-1.76847498e+00  1.41422136e-02 
-1.76610537e+00  1.41966914e-02 
-1.76358234e+00  1.42500738e-02 
-1.76088916e+00  1.43022413e-02 
-1.75800714e+00  1.43530606e-02 
-1.75491557e+00  1.44023837e-02 
-1.75159176e+00  1.44500488e-02 
-1.74801135e+00  1.44958819e-02 
-1.74414883e+00  1.45397009e-02 
-1.73997858e+00  1.45813229e-02 
-1.73547631e+00  1.46205747e-02 
-1.73062115e+00  1.46573071e-02 
-1.72539805e+00  1.46914129e-02 
-1.71980036e+00  1.47228447e-02 
-1.71383187e+00  1.47516295e-02 
-1.70750779e+00  1.47778759e-02 
-1.70085405e+00  1.48017692e-02 
-1.69390513e+00  1.48235554e-02 
-1.68670063e+00  1.48435173e-02 
-1.67928162e+00  1.48619482e-02 
-1.67168749e+00  1.48791292e-02 
-1.66395373e+00  1.48953136e-02 
-1.65611079e+00  1.49107188e-02 
-1.64818380e+00  1.49255241e-02 
-1.64019290e+00  1.49398734e-02 
-1.63215386e+00  1.49538791e-02 
-1.62407881e+00  1.49676278e-02 
-1.61597697e+00  1.49811854e-02 
-1.60785528e+00  1.49946014e-02 
-1.59971893e+00  1.50079128e-02 
-1.59157176e+00  1.50211470e-02 
-1.58341662e+00  1.50343243e-02 
-1.57525563e+00  1.50474599e-02 
-1.56709033e+00  1.50605648e-02 
-1.55892187e+00  1.50736470e-02 
-1.55075108e+00  1.50867127e-02 
-1.54257857e+00  1.50997662e-02 
-1.53440482e+00  1.51128108e-02 
-1.52623014e+00  1.51258487e-02 
-1.51805478e+00  1.51388818e-02 
-1.50987892e+00  1.51519114e-02 
-1.50170269e+00  1.51649383e-02 
-1.49352620e+00  1.51779633e-02 
-1.48534950e+00  1.51909869e-02 
-1.47717266e+00  1.52040094e-02 
-1.46899570e+00  1.52170312e-02 
-1.46081867e+00  1.52300524e-02 
-1.45264158e+00  1.52430732e-02 
-1.44446445e+00  1.52560937e-02 
-1.43628728e+00  1.52691139e-02 
-1.42811009e+00  1.52821340e-02 
-1.41993288e+00  1.52951539e-02 
-1.41175566e+00  1.53081738e-02 
-1.40357843e+00  1.53211935e-02 
-1.39540119e+00  1.53342133e-02 
-1.38722395e+00  1.53472330e-02 
-1.37904670e+00  1.53602526e-02 
-1.37086945e+00  1.53732723e-02 
-1.36269220e+00  1.53862919e-02 
-1.35451495e+00  1.53993115e-02 
-1.34633769e+00  1.54123311e-02 
-1.33816043e+00  1.54253507e-02 
-1.32998318e+00  1.54383703e-02 
-1.32180592e+00  1.54513899e-02 
-1.31362866e+00  1.54644095e-02 
-1.30545140e+00  1.54774290e-02 
-1.29727415e+00  1.54904486e-02 
-1.28909689e+00  1.55034682e-02 
-1.28091963e+00  1.55164878e-02 
-1.27274237e+00  1.55295074e-02 
-1.26456511e+00  1.55425269e-02 
-1.25638785e+00  1.55555465e-02 
-1.24821059e+00  1.55685661e-02 
-1.24003333e+00  1.55815857e-02 
-1.23185607e+00  1.55946053e-02 
-1.22367881e+00  1.56076248e-02 
-1.21550156e+00  1.56206444e-02 
-1.20732430e+00  1.56336640e-02 
-1.19914704e+00  1.56466836e-02 
-1.19096978e+00  1.56597031e-02 
-1.18279252e+00  1.56727227e-02 
-1.17461526e+00  1.56857423e-02 
-1.16643800e+00  1.56987619e-02 
-1.15826074e+00  1.57117815e-02 
-1.15008348e+00  1.57248010e-02 
-1.14190622e+00  1.57378206e-02 
-1.13372896e+00  1.57508402e-02 
-1.12555170e+00  1.57638598e-02 
-1.11737445e+00  1.57768793e-02 
-1.10919719e+00  1.57898989e-02 
-1.10101993e+00  1.58029185e-02 
-1.09284267e+00  1.58159381e-02 
-1.08466541e+00  1.58289576e-02 
-1.07648815e+00  1.58419772e-02 
-1.06831089e+00  1.58549968e-02 
-1.06013363e+00  1.58680164e-02 
-1.05195637e+00  1.58810360e-02 
-1.04377911e+00  1.58940555e-02 
-1.03560185e+00  1.59070751e-02 
-1.02742459e+00  1.59200947e-02 
-1.01924734e+00  1.59331143e-02 
-1.01107008e+00  1.59461338e-02 
-1.00289282e+00  1.59591534e-02 
-9.94715558e-01  1.59721730e-02 
-9.86538299e-01  1.59851926e-02 
-9.78361040e-01  1.59982122e-02 
-9.70183780e-01  1.60112317e-02 
-9.62006521e-01  1.60242513e-02 
-9.53829262e-01  1.60372709e-02 
-9.45652003e-01  1.60502905e-02 
-9.37474744e-01  1.60633100e-02 
-9.29297485e-01  1.60763296e-02 
-9.21120225e-01  1.60893492e-02 
-9.12942966e-01  1.61023688e-02 
-9.04765707e-01  1.61153884e-02 
-8.96588448e-01  1.61284079e-02 
-8.88411189e-01  1.61414275e-02 
-8.80233929e-01  1.61544471e-02 
-8.72056670e-01  1.61674667e-02 
-8.63879411e-01  1.61804862e-02 
-8.55702152e-01  1.61935058e-02 
-8.47524893e-01  1.62065254e-02 
-8.39347634e-01  1.62195450e-02 
-8.31170374e-01  1.62325645e-02 
-8.22993115e-01  1.62455841e-02 
-8.14815856e-01  1.62586037e-02 
-8.06638597e-01  1.62716233e-02 
-7.98461338e-01  1.62846429e-02 
-7.90284079e-01  1.62976624e-02 
-7.82106819e-01  1.63106820e-02 
-7.73929560e-01  1.63237016e-02 
-7.65752301e-01  1.63367212e-02 
-7.57575042e-01  1.63497407e-02 
-7.49397783e-01  1.63627603e-02 
-7.41220524e-01  1.63757799e-02 
-7.33043264e-01  1.63887995e-02 
-7.24866005e-01  1.64018191e-02 
-7.16688746e-01  1.64148386e-02 
-7.08511487e-01  1.64278582e-02 
-7.00334228e-01  1.64408778e-02 
-6.92156969e-01  1.64538974e-02 
-6.83979709e-01  1.64669169e-02 
-6.75802450e-01  1.64799365e-02 
-6.67625191e-01  1.64929561e-02 
-6.59447932e-01  1.65059757e-02 
-6.51270673e-01  1.65189952e-02 
-6.43093413e-01  1.65320148e-02 
-6.34916154e-01  1.65450344e-02 
-6.26738895e-01  1.65580540e-02 
-6.18561636e-01  1.65710736e-02 
-6.10384377e-01  1.65840931e-02 
-6.02207118e-01  1.65971127e-02 
-5.94029858e-01  1.66101323e-02 
-5.85852599e-01  1.66231519e-02 
-5.77675340e-01  1.66361714e-02 
-5.69498081e-01  1.66491910e-02 
-5.61320822e-01  1.66622106e-02 
-5.53143563e-01  1.66752302e-02 
-5.44966303e-01  1.66882498e-02 
-5.36789044e-01  1.67012693e-02 
-5.28611785e-01  1.67142889e-02 
-5.20434526e-01  1.67273085e-02 
-5.12257267e-01  1.67403281e-02 
-5.04080008e-01  1.67533476e-02 
-4.95902748e-01  1.67663672e-02 
-4.87725489e-01  1.67793868e-02 
-4.79548230e-01  1.67924064e-02 
-4.71370971e-01  1.68054260e-02 
-4.63193712e-01  1.68184455e-02 
-4.55016453e-01  1.68314651e-02 
-4.46839193e-01  1.68444847e-02 
-4.38661934e-01  1.68575043e-02 
-4.30484675e-01  1.68705238e-02 
-4.22307416e-01  1.68835434e-02 
-4.14130157e-01  1.68965630e-02 
-4.05952897e-01  1.69095826e-02 
-3.97775638e-01  1.69226021e-02 
-3.89598379e-01  1.69356217e-02 
-3.81421120e-01  1.69486413e-02 
-3.73243861e-01  1.69616609e-02 
-3.65066602e-01  1.69746805e-02 
-3.56889342e-01  1.69877000e-02 
-3.48712083e-01  1.70007196e-02 
-3.40534824e-01  1.70137392e-02 
-3.32357565e-01  1.70267588e-02 
-3.24180306e-01  1.70397783e-02 
-3.16003047e-01  1.70527979e-02 
-3.07825787e-01  1.70658175e-02 
-2.99648528e-01  1.70788371e-02 
-2.91471269e-01  1.70918567e-02 
-2.83294010e-01  1.71048762e-02 
-2.75116751e-01  1.71178958e-02 
-2.66939492e-01  1.71309154e-02 
-2.58762232e-01  1.71439350e-02 
-2.50584973e-01  1.71569545e-02 
-2.42407714e-01  1.71699741e-02 
-2.34230455e-01  1.71829937e-02 
-2.26053196e-01  1.71960133e-02 
-2.17875937e-01  1.72090328e-02 
-2.09698677e-01  1.72220524e-02 
-2.01521418e-01  1.72350720e-02 
-1.93344159e-01  1.72480916e-02 
-1.85166900e-01  1.72611112e-02 
-1.76989641e-01  1.72741307e-02 
-1.68812382e-01  1.72871503e-02 
-1.60635122e-01  1.73001699e-02 
-1.52457863e-01  1.73131895e-02 
-1.44280604e-01  1.73262090e-02 
-1.36103345e-01  1.73392286e-02 
-1.27926086e-01  1.73522482e-02 
-1.19748826e-01  1.73652678e-02 
-1.11571567e-01  1.73782874e-02 
-1.03394308e-01  1.73913069e-02 
-9.52170490e-02  1.74043265e-02 
-8.70397898e-02  1.74173461e-02 
-7.88625306e-02  1.74303657e-02 
-7.06852714e-02  1.74433852e-02 
-6.25080123e-02  1.74564048e-02 
-5.43307531e-02  1.74694244e-02 
-4.61534939e-02  1.74824440e-02 
-3.79762347e-02  1.74954635e-02 
-2.97989756e-02  1.75084831e-02 
-2.16217164e-02  1.75215027e-02 
-1.34444572e-02  1.75345223e-02 
-5.26719806e-03  1.75475419e-02 
 2.91006111e-03  1.75605614e-02 
 1.10873203e-02  1.75735810e-02 
 1.92645795e-02  1.75866006e-02 
 2.74418386e-02  1.75996202e-02 
 3.56190978e-02  1.76126397e-02 
 4.37963570e-02  1.76256593e-02 
 5.19736161e-02  1.76386789e-02 
 6.01508753e-02  1.76516985e-02 
 6.83281345e-02  1.76647181e-02 
 7.65053937e-02  1.76777376e-02 
 8.46826528e-02  1.76907572e-02 
 9.28599120e-02  1.77037768e-02 
 1.01037171e-01  1.77167964e-02 
 1.09214430e-01  1.77298159e-02 
 1.17391690e-01  1.77428355e-02 
 1.25568949e-01  1.77558551e-02 
 1.33746208e-01  1.77688747e-02 
 1.41923467e-01  1.77818943e-02 
 1.50100726e-01  1.77949138e-02 
 1.58277985e-01  1.78079334e-02 
 1.66455245e-01  1.78209530e-02 
 1.74632504e-01  1.78339726e-02 
 1.82809763e-01  1.78469921e-02 
 1.90987022e-01  1.78600117e-02 
 1.99164281e-01  1.78730313e-02 
 2.07341540e-01  1.78860509e-02 
 2.15518800e-01  1.78990704e-02 
 2.23696059e-01  1.79120900e-02 
 2.31873318e-01  1.79251096e-02 
 2.40050577e-01  1.79381292e-02 
 2.48227836e-01  1.79511488e-02 
 2.56405095e-01  1.79641683e-02 
 2.64582355e-01  1.79771879e-02 
 2.72759614e-01  1.79902075e-02 
 2.80936873e-01  1.80032271e-02 
 2.89114132e-01  1.80162466e-02 
 2.97291391e-01  1.80292662e-02 
 3.05468650e-01  1.80422858e-02 
 3.13645910e-01  1.80553054e-02 
 3.21823169e-01  1.80683250e-02 
 3.30000428e-01  1.80813445e-02 
 3.38177687e-01  1.80943641e-02 
 3.46354946e-01  1.81073837e-02 
 3.54532206e-01  1.81204033e-02 
 3.62709465e-01  1.81334228e-02 
 3.70886724e-01  1.81464424e-02 
 3.79063983e-01  1.81594620e-02 
 3.87241242e-01  1.81724816e-02 
 3.95418501e-01  1.81855011e-02 
 4.03595761e-01  1.81985207e-02 
 4.11773020e-01  1.82115403e-02 
 4.19950279e-01  1.82245599e-02 
 4.28127538e-01  1.82375795e-02 
 4.36304797e-01  1.82505990e-02 
 4.44482056e-01  1.82636186e-02 
 4.52659316e-01  1.82766382e-02 
 4.60836575e-01  1.82896578e-02 
 4.69013834e-01  1.83026773e-02 
 4.77191093e-01  1.83156969e-02 
 4.85368352e-01  1.83287165e-02 
 4.93545611e-01  1.83417361e-02 
 5.01722871e-01  1.83547557e-02 
 5.09900130e-01  1.83677752e-02 
 5.18077389e-01  1.83807948e-02 
 5.26254648e-01  1.83938144e-02 
 5.34431907e-01  1.84068340e-02 
 5.42609166e-01  1.84198535e-02 
 5.50786426e-01  1.84328731e-02 
 5.58963685e-01  1.84458927e-02 
 5.67140944e-01  1.84589123e-02 
 5.75318203e-01  1.84719318e-02 
 5.83495462e-01  1.84849514e-02 
 5.91672721e-01  1.84979710e-02 
 5.99849981e-01  1.85109906e-02 
 6.08027240e-01  1.85240102e-02 
 6.16204499e-01  1.85370297e-02 
 6.24381758e-01  1.85500493e-02 
 6.32559017e-01  1.85630689e-02 
 6.40736277e-01  1.85760885e-02 
 6.48913536e-01  1.85891080e-02 
 6.57090795e-01  1.86021276e-02 
 6.65268054e-01  1.86151472e-02 
 6.73445313e-01  1.86281668e-02 
 6.81622572e-01  1.86411864e-02 
 6.89799832e-01  1.86542059e-02 
 6.97977091e-01  1.86672255e-02 
 7.06154350e-01  1.86802451e-02 
 7.14331609e-01  1.86932647e-02 
 7.22508868e-01  1.87062842e-02 
 7.30686127e-01  1.87193038e-02 
 7.38863387e-01  1.87323234e-02 
 7.47040646e-01  1.87453430e-02 
 7.55217905e-01  1.87583626e-02 
 7.63395164e-01  1.87713821e-02 
 7.71572423e-01  1.87844017e-02 
 7.79749682e-01  1.87974213e-02 
 7.87926942e-01  1.88104409e-02 
 7.96104201e-01  1.88234604e-02 
 8.04281460e-01  1.88364800e-02 
 8.12458719e-01  1.88494996e-02 
 8.20635978e-01  1.88625192e-02 
 8.28813237e-01  1.88755387e-02 
 8.36990497e-01  1.88885583e-02 
 8.45167756e-01  1.89015779e-02 
 8.53345015e-01  1.89145975e-02 
 8.61522274e-01  1.89276171e-02 
 8.69699533e-01  1.89406366e-02 
 8.77876793e-01  1.89536562e-02 
 8.86054052e-01  1.89666758e-02 
 8.94231311e-01  1.89796954e-02 
 9.02408570e-01  1.89927149e-02 
 9.10585829e-01  1.90057345e-02 
 9.18763088e-01  1.90187541e-02 
 9.26940348e-01  1.90317737e-02 
 9.35117607e-01  1.90447933e-02 
 9.43294866e-01  1.90578128e-02 
 9.51472125e-01  1.90708324e-02 
 9.59649384e-01  1.90838520e-02 
 9.67826643e-01  1.90968716e-02 
 9.76003903e-01  1.91098911e-02 
 9.84181162e-01  1.91229107e-02 
 9.92358421e-01  1.91359303e-02 
 1.00053568e+00  1.91489499e-02 
 1.00871294e+00  1.91619694e-02 
 1.01689020e+00  1.91749890e-02 
 1.02506746e+00  1.91880086e-02 
 1.03324472e+00  1.92010282e-02 
 1.04142198e+00  1.92140478e-02 
 1.04959924e+00  1.92270673e-02 
 1.05777649e+00  1.92400869e-02 
 1.06595375e+00  1.92531065e-02 
 1.07413101e+00  1.92661261e-02 
 1.08230827e+00  1.92791456e-02 
 1.09048553e+00  1.92921652e-02 
 1.09866279e+00  1.93051848e-02 
 1.10684005e+00  1.93182044e-02 
 1.11501731e+00  1.93312240e-02 
 1.12319457e+00  1.93442435e-02 
 1.13137183e+00  1.93572631e-02 
 1.13954909e+00  1.93702827e-02 
 1.14772635e+00  1.93833023e-02 
 1.15590360e+00  1.93963218e-02 
 1.16408086e+00  1.94093414e-02 
 1.17225812e+00  1.94223610e-02 
 1.18043538e+00  1.94353806e-02 
 1.18861264e+00  1.94484002e-02 
 1.19678990e+00  1.94614197e-02 
 1.20496716e+00  1.94744393e-02 
 1.21314442e+00  1.94874589e-02 
 1.22132168e+00  1.95004785e-02 
 1.22949894e+00  1.95134980e-02 
 1.23767620e+00  1.95265176e-02 
 1.24585346e+00  1.95395372e-02 
 1.25403071e+00  1.95525568e-02 
 1.26220797e+00  1.95655763e-02 
 1.27038523e+00  1.95785959e-02 
 1.27856249e+00  1.95916155e-02 
 1.28673975e+00  1.96046351e-02 
 1.29491701e+00  1.96176547e-02 
 1.30309427e+00  1.96306742e-02 
 1.31127153e+00  1.96436938e-02 
 1.31944879e+00  1.96567134e-02 
 1.32762605e+00  1.96697330e-02 
 1.33580331e+00  1.96827525e-02 
 1.34398057e+00  1.96957721e-02 
 1.35215782e+00  1.97087917e-02 
 1.36033508e+00  1.97218113e-02 
 1.36851234e+00  1.97348309e-02 
 1.37668960e+00  1.97478504e-02 
 1.38486686e+00  1.97608700e-02 
 1.39304412e+00  1.97738896e-02 
 1.40122138e+00  1.97869092e-02 
 1.40939864e+00  1.97999287e-02 
 1.41757590e+00  1.98129483e-02 
 1.42575316e+00  1.98259679e-02 
 1.43393042e+00  1.98389875e-02 
 1.44210768e+00  1.98520070e-02 
 1.45028493e+00  1.98650266e-02 
 1.45846219e+00  1.98780462e-02 
 1.46663945e+00  1.98910658e-02 
 1.47481671e+00  1.99040854e-02 
 1.48299397e+00  1.99171049e-02 
 1.49117123e+00  1.99301245e-02 
 1.49934849e+00  1.99431441e-02 
 1.50752575e+00  1.99561637e-02 
 1.51570301e+00  1.99691832e-02 
 1.52388027e+00  1.99822028e-02 
 1.53205753e+00  1.99952224e-02 
 1.54023479e+00  2.00082420e-02 
 1.54841204e+00  2.00212616e-02 
 1.55658930e+00  2.00342811e-02 
 1.56476656e+00  2.00473007e-02 
 1.57294382e+00  2.00603203e-02 
 1.58112108e+00  2.00733399e-02 
 1.58929834e+00  2.00863594e-02 
 1.59747560e+00  2.00993790e-02 
 1.60565286e+00  2.01123986e-02 
 1.61383012e+00  2.01254182e-02 
 1.62200738e+00  2.01384378e-02 
 1.63018464e+00  2.01514573e-02 
 1.63836190e+00  2.01644769e-02 
 1.64653915e+00  2.01774965e-02 
 1.65471641e+00  2.01905161e-02 
 1.66289367e+00  2.02035356e-02 
 1.67107093e+00  2.02165552e-02 
 1.67924819e+00  2.02295748e-02 
 1.68742545e+00  2.02425944e-02 
 1.69560271e+00  2.02556139e-02 
 1.70377997e+00  2.02686335e-02 
 1.71195723e+00  2.02816531e-02 
 1.72013449e+00  2.02946727e-02 
 1.72831175e+00  2.03076923e-02 
 1.73648901e+00  2.03207118e-02 
 1.74466626e+00  2.03337314e-02 
 1.75284352e+00  2.03467510e-02 
 1.76102078e+00  2.03597706e-02 
 1.76919804e+00  2.03727901e-02 
 1.77737530e+00  2.03858097e-02 
 1.78555256e+00  2.03988293e-02 
 1.79372982e+00  2.04118489e-02 
 1.80190708e+00  2.04248685e-02 
 1.81008434e+00  2.04378880e-02 
 1.81826160e+00  2.04509076e-02 
 1.82643886e+00  2.04639272e-02 
 1.83461612e+00  2.04769468e-02 
 1.84279337e+00  2.04899663e-02 
 1.85097063e+00  2.05029859e-02 
 1.85914789e+00  2.05160055e-02 
 1.86732515e+00  2.05290251e-02 
 1.87550241e+00  2.05420446e-02 
 1.88367967e+00  2.05550642e-02 
 1.89185693e+00  2.05680838e-02 
 1.90003419e+00  2.05811034e-02 
 1.90821145e+00  2.05941230e-02 
 1.91638871e+00  2.06071425e-02 
 1.92456597e+00  2.06201621e-02 
 1.93274323e+00  2.06331817e-02 
 1.94092048e+00  2.06462013e-02 
 1.94909774e+00  2.06592208e-02 
 1.95727500e+00  2.06722404e-02 
 1.96545226e+00  2.06852600e-02 
 1.97362952e+00  2.06982796e-02 
 1.98180678e+00  2.07112992e-02 
 1.98998404e+00  2.07243187e-02 
 1.99816130e+00  2.07373383e-02 
 2.00633856e+00  2.07503579e-02 
 2.01451582e+00  2.07633775e-02 
 2.02269308e+00  2.07763970e-02 
 2.03087034e+00  2.07894166e-02 
 2.03904759e+00  2.08024362e-02 
 2.04722485e+00  2.08154558e-02 
 2.05540211e+00  2.08284753e-02 
 2.06357937e+00  2.08414949e-02 
 2.07175663e+00  2.08545145e-02 
 2.07993389e+00  2.08675341e-02 
 2.08811115e+00  2.08805537e-02 
 2.09628841e+00  2.08935732e-02 
 2.10446567e+00  2.09065928e-02 
 2.11264293e+00  2.09196124e-02 
 2.12082019e+00  2.09326320e-02 
 2.12899745e+00  2.09456515e-02 
 2.13717470e+00  2.09586711e-02 
 2.14535196e+00  2.09716907e-02 
 2.15352922e+00  2.09847103e-02 
 2.16170648e+00  2.09977299e-02 
 2.16988374e+00  2.10107494e-02 
 2.17806100e+00  2.10237690e-02 
 2.18623826e+00  2.10367886e-02 
 2.19441552e+00  2.10498082e-02 
 2.20259278e+00  2.10628277e-02 
 2.21077004e+00  2.10758473e-02 
 2.21894730e+00  2.10888669e-02 
 2.22712456e+00  2.11018865e-02 
 2.23530181e+00  2.11149061e-02 
 2.24347907e+00  2.11279256e-02 
 2.25165633e+00  2.11409452e-02 
 2.25983359e+00  2.11539648e-02 
 2.26801085e+00  2.11669844e-02 
 2.27618811e+00  2.11800039e-02 
 2.28436537e+00  2.11930235e-02 
 2.29254263e+00  2.12060431e-02 
 2.30071989e+00  2.12190627e-02 
 2.30889715e+00  2.12320822e-02 
 2.31707441e+00  2.12451018e-02 
 2.32525167e+00  2.12581214e-02 
 2.33342893e+00  2.12711410e-02 
 2.34160618e+00  2.12841606e-02 
 2.34978344e+00  2.12971801e-02 
 2.35796070e+00  2.13101997e-02 
 2.36613796e+00  2.13232193e-02 
 2.37431522e+00  2.13362389e-02 
 2.38249248e+00  2.13492584e-02 
 2.39066974e+00  2.13622780e-02 
 2.39884700e+00  2.13752976e-02 
 2.40702426e+00  2.13883172e-02 
 2.41520152e+00  2.14013368e-02 
 2.42337878e+00  2.14143563e-02 
 2.43155604e+00  2.14273759e-02 
 2.43973329e+00  2.14403955e-02 
 2.44791055e+00  2.14534151e-02 
 2.45608781e+00  2.14664346e-02 
 2.46426507e+00  2.14794542e-02 
 2.47244233e+00  2.14924738e-02 
 2.48061959e+00  2.15054934e-02 
 2.48879685e+00  2.15185129e-02 
 2.49697411e+00  2.15315325e-02 
 2.50515137e+00  2.15445521e-02 
 2.51332863e+00  2.15575717e-02 
 2.52150589e+00  2.15705913e-02 
 2.52968315e+00  2.15836108e-02 
 2.53786040e+00  2.15966304e-02 
 2.54603766e+00  2.16096500e-02 
 2.55421492e+00  2.16226696e-02 
 2.56239218e+00  2.16356891e-02 
 2.57056944e+00  2.16487087e-02 
 2.57874670e+00  2.16617283e-02 
 2.58692396e+00  2.16747479e-02 
 2.59510122e+00  2.16877675e-02 
 2.60327848e+00  2.17007870e-02 
 2.61145574e+00  2.17138066e-02 
 2.61963300e+00  2.17268262e-02 
 2.62781026e+00  2.17398458e-02 
 2.63598751e+00  2.17528653e-02 
 2.64416477e+00  2.17658849e-02 
 2.65234203e+00  2.17789045e-02 
 2.66051929e+00  2.17919241e-02 
 2.66869655e+00  2.18049437e-02 
 2.67687381e+00  2.18179632e-02 
 2.68505107e+00  2.18309828e-02 
 2.69322833e+00  2.18440024e-02 
 2.70140559e+00  2.18570220e-02 
 2.70958285e+00  2.18700415e-02 
 2.71776011e+00  2.18830611e-02 
 2.72593737e+00  2.18960807e-02 
 2.73411462e+00  2.19091003e-02 
 2.74229188e+00  2.19221198e-02 
 2.75046914e+00  2.19351394e-02 
 2.75864640e+00  2.19481590e-02 
 2.76682366e+00  2.19611786e-02 
 2.77500092e+00  2.19741982e-02 
 2.78317818e+00  2.19872177e-02 
 2.79135544e+00  2.20002373e-02 
 2.79953270e+00  2.20132569e-02 
 2.80770996e+00  2.20262765e-02 
 2.81588722e+00  2.20392960e-02 
 2.82406448e+00  2.20523156e-02 
 2.83224173e+00  2.20653352e-02 
 2.84041899e+00  2.20783548e-02 
 2.84859625e+00  2.20913744e-02 
 2.85677351e+00  2.21043939e-02 
 2.86495077e+00  2.21174135e-02 
 2.87312803e+00  2.21304331e-02 
 2.88130529e+00  2.21434527e-02 
 2.88948255e+00  2.21564722e-02 
 2.89765981e+00  2.21694918e-02 
 2.90583707e+00  2.21825114e-02 
 2.91401433e+00  2.21955310e-02 
 2.92219159e+00  2.22085505e-02 
 2.93036884e+00  2.22215701e-02 
 2.93854610e+00  2.22345897e-02 
 2.94672336e+00  2.22476093e-02 
 2.95490062e+00  2.22606289e-02 
 2.96307788e+00  2.22736484e-02 
 2.97125514e+00  2.22866680e-02 
 2.97943240e+00  2.22996876e-02 
 2.98760966e+00  2.23127072e-02 
 2.99578692e+00  2.23257267e-02 
 3.00396418e+00  2.23387463e-02 
 3.01214144e+00  2.23517659e-02 
 3.02031870e+00  2.23647855e-02 
 3.02849595e+00  2.23778051e-02 
 3.03667321e+00  2.23908246e-02 
 3.04485047e+00  2.24038442e-02 
 3.05302773e+00  2.24168638e-02 
 3.06120499e+00  2.24298834e-02 
 3.06938225e+00  2.24429029e-02 
 3.07755951e+00  2.24559225e-02 
 3.08573677e+00  2.24689421e-02 
 3.09391403e+00  2.24819617e-02 
 3.10209129e+00  2.24949813e-02 
 3.11026855e+00  2.25080008e-02 
 3.11844581e+00  2.25210204e-02 
 3.12662306e+00  2.25340400e-02 
 3.13480032e+00  2.25470596e-02 
 3.14297758e+00  2.25600791e-02 
 3.15115484e+00  2.25730987e-02 
 3.15933210e+00  2.25861183e-02 
 3.16750936e+00  2.25991379e-02 
 3.17568662e+00  2.26121574e-02 
 3.18386388e+00  2.26251770e-02 
 3.19204114e+00  2.26381966e-02 
 3.20021840e+00  2.26512162e-02 
 3.20839566e+00  2.26642358e-02 
 3.21657292e+00  2.26772553e-02 
 3.22475017e+00  2.26902749e-02 
 3.23292743e+00  2.27032945e-02 
 3.24110469e+00  2.27163141e-02 
 3.24928195e+00  2.27293336e-02 
 3.25745921e+00  2.27423532e-02 
 3.26563647e+00  2.27553728e-02 
 3.27381373e+00  2.27683924e-02 
 3.28199099e+00  2.27814120e-02 
 3.29016825e+00  2.27944315e-02 
 3.29834551e+00  2.28074511e-02 
 3.30652277e+00  2.28204707e-02 
 3.31470003e+00  2.28334903e-02 
 3.32287728e+00  2.28465098e-02 
 3.33105454e+00  2.28595294e-02 
 3.33923180e+00  2.28725490e-02 
 3.34740906e+00  2.28855686e-02 
 3.35558632e+00  2.28985881e-02 
 3.36376358e+00  2.29116077e-02 
 3.37194084e+00  2.29246273e-02 
 3.38011810e+00  2.29376469e-02 
 3.38829536e+00  2.29506665e-02 
 3.39647262e+00  2.29636860e-02 
 3.40464988e+00  2.29767056e-02 
 3.41282714e+00  2.29897252e-02 
 3.42100439e+00  2.30027448e-02 
 3.42918165e+00  2.30157643e-02 
 3.43735891e+00  2.30287839e-02 
 3.44553617e+00  2.30418035e-02 
 3.45371343e+00  2.30548231e-02 
 3.46189069e+00  2.30678427e-02 
 3.47006795e+00  2.30808622e-02 
 3.47824521e+00  2.30938818e-02 
 3.48642247e+00  2.31069014e-02 
 3.49459973e+00  2.31199210e-02 
 3.50277699e+00  2.31329405e-02 
 3.51095425e+00  2.31459601e-02 
 3.51913150e+00  2.31589797e-02 
 3.52730876e+00  2.31719993e-02 
 3.53548602e+00  2.31850189e-02 
 3.54366328e+00  2.31980384e-02 
 3.55184054e+00  2.32110580e-02 
 3.56001780e+00  2.32240776e-02 
 3.56819506e+00  2.32370972e-02 
 3.57637232e+00  2.32501167e-02 
 3.58454958e+00  2.32631363e-02 
 3.59272684e+00  2.32761559e-02 
 3.60090410e+00  2.32891755e-02 
 3.60908136e+00  2.33021950e-02 
 3.61725861e+00  2.33152146e-02 
 3.62543587e+00  2.33282342e-02 
 3.63361313e+00  2.33412538e-02 
 3.64179039e+00  2.33542734e-02 
 3.64996765e+00  2.33672929e-02 
 3.65814491e+00  2.33803125e-02 
 3.66632217e+00  2.33933321e-02 
 3.67449943e+00  2.34063517e-02 
 3.68267669e+00  2.34193712e-02 
 3.69085395e+00  2.34323908e-02 
 3.69903121e+00  2.34454104e-02 
 3.70720847e+00  2.34584300e-02 
 3.71538572e+00  2.34714496e-02 
 3.72356298e+00  2.34844691e-02 
 3.73174024e+00  2.34974887e-02 
 3.73991750e+00  2.35105083e-02 
 3.74809476e+00  2.35235279e-02 
 3.75627202e+00  2.35365474e-02 
 3.76444928e+00  2.35495670e-02 
 3.77262654e+00  2.35625866e-02 
 3.78080380e+00  2.35756062e-02 
 3.78898106e+00  2.35886257e-02 
 3.79715832e+00  2.36016453e-02 
 3.80533558e+00  2.36146649e-02 
 3.81351283e+00  2.36276845e-02 
 3.82169009e+00  2.36407041e-02 
 3.82986735e+00  2.36537236e-02 
 3.83804461e+00  2.36667432e-02 
 3.84622187e+00  2.36797628e-02 
 3.85439913e+00  2.36927824e-02 
 3.86257639e+00  2.37058019e-02 
 3.87075365e+00  2.37188215e-02 
 3.87893091e+00  2.37318411e-02 
 3.88710817e+00  2.37448607e-02 
 3.89528543e+00  2.37578803e-02 
 3.90346269e+00  2.37708998e-02 
 3.91163994e+00  2.37839194e-02 
 3.91981720e+00  2.37969390e-02 
 3.92799446e+00  2.38099586e-02 
 3.93617172e+00  2.38229781e-02 
 3.94434898e+00  2.38359977e-02 
 3.95252624e+00  2.38490173e-02 
 3.96070350e+00  2.38620369e-02 
 3.96888076e+00  2.38750564e-02 
 3.97705802e+00  2.38880760e-02 
 3.98523528e+00  2.39010956e-02 
 3.99341254e+00  2.39141152e-02 
 4.00158980e+00  2.39271348e-02 
 4.00976705e+00  2.39401543e-02 
 4.01794431e+00  2.39531739e-02 
 4.02612157e+00  2.39661935e-02 
 4.03429883e+00  2.39792131e-02 
 4.04247609e+00  2.39922326e-02 
 4.05065335e+00  2.40052522e-02 
 4.05883061e+00  2.40182718e-02 
 4.06700787e+00  2.40312914e-02 
 4.07518513e+00  2.40443110e-02 
 4.08336239e+00  2.40573305e-02 
 4.09153965e+00  2.40703501e-02 
 4.09971691e+00  2.40833697e-02 
 4.10789417e+00  2.40963893e-02 
 4.11607142e+00  2.41094088e-02 
 4.12424868e+00  2.41224284e-02 
 4.13242594e+00  2.41354480e-02 
 4.14060320e+00  2.41484676e-02 
 4.14878046e+00  2.41614872e-02 
 4.15695772e+00  2.41745067e-02 
 4.16513498e+00  2.41875263e-02 
 4.17331224e+00  2.42005459e-02 
 4.18148950e+00  2.42135655e-02 
 4.18966676e+00  2.42265850e-02 
 4.19784402e+00  2.42396046e-02 
 4.20602128e+00  2.42526242e-02 
 4.21419853e+00  2.42656438e-02 
 4.22237579e+00  2.42786633e-02 
 4.23055305e+00  2.42916829e-02 
 4.23873031e+00  2.43047025e-02 
 4.24690757e+00  2.43177221e-02 
 4.25508483e+00  2.43307417e-02 
 4.26326209e+00  2.43437612e-02 
 4.27143935e+00  2.43567808e-02 
 4.27961661e+00  2.43698004e-02 
 4.28779387e+00  2.43828200e-02 
 4.29597113e+00  2.43958395e-02 
 4.30414839e+00  2.44088591e-02 
 4.31232564e+00  2.44218787e-02 
 4.32050290e+00  2.44348983e-02 
 4.32868016e+00  2.44479179e-02 
 4.33685742e+00  2.44609374e-02 
 4.34503468e+00  2.44739570e-02 
 4.35321194e+00  2.44869766e-02 
 4.36138920e+00  2.44999962e-02 
 4.36956646e+00  2.45130157e-02 
 4.37774372e+00  2.45260353e-02 
 4.38592098e+00  2.45390549e-02 
 4.39409824e+00  2.45520745e-02 
 4.40227550e+00  2.45650940e-02 
 4.41045275e+00  2.45781136e-02 
 4.41863001e+00  2.45911332e-02 
 4.42680727e+00  2.46041528e-02 
 4.43498453e+00  2.46171724e-02 
 4.44316179e+00  2.46301919e-02 
 4.45133905e+00  2.46432115e-02 
 4.45951631e+00  2.46562311e-02 
 4.46769357e+00  2.46692507e-02 
 4.47587083e+00  2.46822702e-02 
 4.48404809e+00  2.46952898e-02 
 4.49222535e+00  2.47083094e-02 
 4.50040261e+00  2.47213290e-02 
 4.50857986e+00  2.47343486e-02 
 4.51675712e+00  2.47473681e-02 
 4.52493438e+00  2.47603877e-02 
 4.53311164e+00  2.47734073e-02 
 4.54128890e+00  2.47864269e-02 
 4.54946616e+00  2.47994464e-02 
 4.55764342e+00  2.48124660e-02 
 4.56582068e+00  2.48254856e-02 
 4.57399794e+00  2.48385052e-02 
 4.58217520e+00  2.48515248e-02 
 4.59035246e+00  2.48645443e-02 
 4.59852972e+00  2.48775639e-02 
 4.60670697e+00  2.48905835e-02 
 4.61488423e+00  2.49036031e-02 
 4.62306149e+00  2.49166226e-02 
 4.63123875e+00  2.49296422e-02 
 4.63941601e+00  2.49426618e-02 
 4.64759327e+00  2.49556814e-02 
 4.65577053e+00  2.49687009e-02 
 4.66394779e+00  2.49817205e-02 
 4.67212505e+00  2.49947401e-02 
 4.68030231e+00  2.50077597e-02 
 4.68847957e+00  2.50207793e-02 
 4.69665683e+00  2.50337988e-02 
 4.70483408e+00  2.50468184e-02 
 4.71301134e+00  2.50598380e-02 
 4.72118860e+00  2.50728576e-02 
 4.72936586e+00  2.50858771e-02 
 4.73754312e+00  2.50988967e-02 
 4.74572038e+00  2.51119163e-02 
 4.75389764e+00  2.51249359e-02 
 4.76207490e+00  2.51379555e-02 
 4.77025216e+00  2.51509750e-02 
 4.77842942e+00  2.51639946e-02 
 4.78660668e+00  2.51770142e-02 
 4.79478394e+00  2.51900338e-02 
 4.80296119e+00  2.52030533e-02 
 4.81113845e+00  2.52160729e-02 
 4.81931571e+00  2.52290925e-02 
 4.82749297e+00  2.52421121e-02 
 4.83567023e+00  2.52551316e-02 
 4.84384749e+00  2.52681512e-02 
 4.85202475e+00  2.52811708e-02 
 4.86020201e+00  2.52941904e-02 
 4.86837927e+00  2.53072100e-02 
 4.87655653e+00  2.53202295e-02 
 4.88473379e+00  2.53332491e-02 
 4.89291105e+00  2.53462687e-02 
 4.90108830e+00  2.53592883e-02 
 4.90926556e+00  2.53723078e-02 
 4.91744282e+00  2.53853274e-02 
 4.92562008e+00  2.53983470e-02 
 4.93379734e+00  2.54113666e-02 
 4.94197460e+00  2.54243862e-02 
 4.95015186e+00  2.54374057e-02 
 4.95832912e+00  2.54504253e-02 
 4.96650638e+00  2.54634449e-02 
 4.97468364e+00  2.54764645e-02 
 4.98286090e+00  2.54894840e-02 
 4.99103816e+00  2.55025036e-02 
 4.99921541e+00  2.55155232e-02 
 5.00739267e+00  2.55285428e-02 
 5.01556993e+00  2.55415624e-02 
 5.02374719e+00  2.55545819e-02 
 5.03192445e+00  2.55676015e-02 
 5.04010171e+00  2.55806211e-02 
 5.04827897e+00  2.55936407e-02 
 5.05645623e+00  2.56066602e-02 
 5.06463349e+00  2.56196798e-02 
 5.07281075e+00  2.56326994e-02 
 5.08098801e+00  2.56457190e-02 
 5.08916527e+00  2.56587385e-02 
 5.09734252e+00  2.56717581e-02 
 5.10551978e+00  2.56847777e-02 
 5.11369704e+00  2.56977973e-02 
 5.12187430e+00  2.57108169e-02 
 5.13005156e+00  2.57238364e-02 
 5.13822882e+00  2.57368560e-02 
 5.14640608e+00  2.57498756e-02 
 5.15458334e+00  2.57628952e-02 
 5.16276060e+00  2.57759147e-02 
 5.17093786e+00  2.57889343e-02 
 5.17911512e+00  2.58019539e-02 
 5.18729238e+00  2.58149735e-02 
 5.19546963e+00  2.58279931e-02 
 5.20364689e+00  2.58410126e-02 
 5.21182415e+00  2.58540322e-02 
 5.22000141e+00  2.58670518e-02 
 5.22817867e+00  2.58800714e-02 
 5.23635593e+00  2.58930909e-02 
 5.24453319e+00  2.59061105e-02 
 5.25271045e+00  2.59191301e-02 
 5.26088771e+00  2.59321497e-02 
 5.26906497e+00  2.59451692e-02 
 5.27724223e+00  2.59581888e-02 
 5.28541949e+00  2.59712084e-02 
 5.29359674e+00  2.59842280e-02 
 5.30177400e+00  2.59972476e-02 
 5.30995126e+00  2.60102671e-02 
 5.31812852e+00  2.60232867e-02 
 5.32630578e+00  2.60363063e-02 
 5.33448304e+00  2.60493259e-02 
 5.34266030e+00  2.60623454e-02 
 5.35083756e+00  2.60753650e-02 
 5.35901482e+00  2.60883846e-02 
 5.36719208e+00  2.61014042e-02 
 5.37536934e+00  2.61144238e-02 
 5.38354660e+00  2.61274433e-02 
 5.39172385e+00  2.61404629e-02 
 5.39990111e+00  2.61534825e-02 
 5.40807837e+00  2.61665021e-02 
 5.41625563e+00  2.61795216e-02 
 5.42443289e+00  2.61925412e-02 
 5.43261015e+00  2.62055608e-02 
 5.44078741e+00  2.62185804e-02 
 5.44896467e+00  2.62316000e-02 
 5.45714193e+00  2.62446195e-02 
 5.46531919e+00  2.62576391e-02 
 5.47349645e+00  2.62706587e-02 
 5.48167371e+00  2.62836783e-02 
 5.48985096e+00  2.62966978e-02 
 5.49802822e+00  2.63097174e-02 
 5.50620548e+00  2.63227370e-02 
 5.51438274e+00  2.63357566e-02 
 5.52256000e+00  2.63487761e-02 
 5.53073726e+00  2.63617957e-02 
 5.53891452e+00  2.63748153e-02 
 5.54709178e+00  2.63878349e-02 
 5.55526904e+00  2.64008545e-02 
 5.56344630e+00  2.64138740e-02 
 5.57162356e+00  2.64268936e-02 
 5.57980082e+00  2.64399132e-02 
 5.58797807e+00  2.64529328e-02 
 5.59615533e+00  2.64659523e-02 
 5.60433259e+00  2.64789719e-02 
 5.61250985e+00  2.64919915e-02 
 5.62068711e+00  2.65050111e-02 
 5.62886437e+00  2.65180307e-02 
 5.63704163e+00  2.65310502e-02 
 5.64521889e+00  2.65440698e-02 
 5.65339615e+00  2.65570894e-02 
 5.66157341e+00  2.65701090e-02 
 5.66975067e+00  2.65831285e-02 
 5.67792793e+00  2.65961481e-02 
 5.68610518e+00  2.66091677e-02 
 5.69428244e+00  2.66221873e-02 
 5.70245970e+00  2.66352068e-02 
 5.71063696e+00  2.66482264e-02 
 5.71881422e+00  2.66612460e-02 
 5.72699148e+00  2.66742656e-02 
 5.73516874e+00  2.66872852e-02 
 5.74334600e+00  2.67003047e-02 
 5.75152326e+00  2.67133243e-02 
 5.75970052e+00  2.67263439e-02 
 5.76787778e+00  2.67393635e-02 
 5.77605504e+00  2.67523830e-02 
 5.78423229e+00  2.67654026e-02 
 5.79240955e+00  2.67784222e-02 
 5.80058681e+00  2.67914418e-02 
 5.80876407e+00  2.68044614e-02 
 5.81694133e+00  2.68174809e-02 
 5.82511859e+00  2.68305005e-02 
 5.83329585e+00  2.68435201e-02 
 5.84147311e+00  2.68565397e-02 
 5.84965037e+00  2.68695592e-02 
 5.85782763e+00  2.68825788e-02 
 5.86600489e+00  2.68955984e-02 
 5.87418215e+00  2.69086180e-02 
 5.88235940e+00  2.69216376e-02 
 5.89053666e+00  2.69346571e-02 
 5.89871392e+00  2.69476767e-02 
 5.90689118e+00  2.69606963e-02 
 5.91506844e+00  2.69737159e-02 
 5.92324570e+00  2.69867354e-02 
 5.93142296e+00  2.69997550e-02 
 5.93960022e+00  2.70127746e-02 
 5.94777748e+00  2.70257942e-02 
 5.95595474e+00  2.70388137e-02 
 5.96413200e+00  2.70518333e-02 
 5.97230926e+00  2.70648529e-02 
 5.98048651e+00  2.70778725e-02 
 5.98866377e+00  2.70908921e-02 
 5.99684103e+00  2.71039116e-02 
 6.00501829e+00  2.71169312e-02 
 6.01319555e+00  2.71299508e-02 
 6.02137281e+00  2.71429704e-02 
 6.02955007e+00  2.71559899e-02 
 6.03772733e+00  2.71690095e-02 
 6.04590459e+00  2.71820291e-02 
 6.05408185e+00  2.71950487e-02 
 6.06225911e+00  2.72080683e-02 
 6.07043637e+00  2.72210878e-02 
 6.07861362e+00  2.72341074e-02 
 6.08679088e+00  2.72471270e-02 
 6.09496814e+00  2.72601466e-02 
 6.10314540e+00  2.72731661e-02 
 6.11132266e+00  2.72861857e-02 
 6.11949992e+00  2.72992053e-02 
 6.12767718e+00  2.73122249e-02 
 6.13585444e+00  2.73252445e-02 
 6.14403170e+00  2.73382640e-02 
 6.15220896e+00  2.73512836e-02 
 6.16038622e+00  2.73643032e-02 
 6.16856348e+00  2.73773228e-02 
 6.17674073e+00  2.73903423e-02 
 6.18491799e+00  2.74033619e-02 
 6.19309525e+00  2.74163815e-02 
 6.20127251e+00  2.74294011e-02 
 6.20944977e+00  2.74424206e-02 
 6.21762703e+00  2.74554402e-02 
 6.22580429e+00  2.74684598e-02 
 6.23398155e+00  2.74814794e-02 
 6.24215881e+00  2.74944990e-02 
 6.25033607e+00  2.75075185e-02 
 6.25851333e+00  2.75205381e-02 
 6.26669059e+00  2.75335577e-02 
 6.27486784e+00  2.75465773e-02 
 6.28304510e+00  2.75595968e-02 
 6.29122236e+00  2.75726164e-02 
 6.29939962e+00  2.75856360e-02 
 6.30757688e+00  2.75986556e-02 
 6.31575414e+00  2.76116752e-02 
 6.32393140e+00  2.76246947e-02 
 6.33210866e+00  2.76377143e-02 
 6.34028592e+00  2.76507339e-02 
 6.34846318e+00  2.76637535e-02 
 6.35664044e+00  2.76767730e-02 
 6.36481770e+00  2.76897926e-02 
 6.37299496e+00  2.77028122e-02 
 6.38117221e+00  2.77158318e-02 
 6.38934947e+00  2.77288513e-02 
 6.39752673e+00  2.77418709e-02 
 6.40570399e+00  2.77548905e-02 
 6.41388125e+00  2.77679101e-02 
 6.42205851e+00  2.77809297e-02 
 6.43023577e+00  2.77939492e-02 
 6.43841303e+00  2.78069688e-02 
 6.44659029e+00  2.78199884e-02 
 6.45476755e+00  2.78330080e-02 
 6.46294481e+00  2.78460275e-02 
 6.47112207e+00  2.78590471e-02 
 6.47929932e+00  2.78720667e-02 
 6.48747658e+00  2.78850863e-02 
 6.49565384e+00  2.78981059e-02 
 6.50383110e+00  2.79111254e-02 
 6.51200836e+00  2.79241450e-02 
 6.52018562e+00  2.79371646e-02 
 6.52836288e+00  2.79501842e-02 
 6.53654014e+00  2.79632037e-02 
 6.54471740e+00  2.79762233e-02 
 6.55289466e+00  2.79892429e-02 
 6.56107192e+00  2.80022625e-02 
 6.56924918e+00  2.80152821e-02 
 6.57742643e+00  2.80283016e-02 
 6.58560369e+00  2.80413212e-02 
 6.59378095e+00  2.80543408e-02 
 6.60195821e+00  2.80673604e-02 
 6.61013547e+00  2.80803799e-02 
 6.61831273e+00  2.80933995e-02 
 6.62648999e+00  2.81064191e-02 
 6.63466725e+00  2.81194387e-02 
 6.64284451e+00  2.81324582e-02 
 6.65102177e+00  2.81454778e-02 
 6.65919903e+00  2.81584974e-02 
 6.66737629e+00  2.81715170e-02 
 6.67555354e+00  2.81845366e-02 
 6.68373080e+00  2.81975561e-02 
 6.69190806e+00  2.82105757e-02 
 6.70008532e+00  2.82235953e-02 
 6.70826258e+00  2.82366149e-02 
 6.71643984e+00  2.82496344e-02 
 6.72461710e+00  2.82626540e-02 
 6.73279436e+00  2.82756736e-02 
 6.74097162e+00  2.82886932e-02 
 6.74914888e+00  2.83017128e-02 
 6.75732614e+00  2.83147323e-02 
 6.76550340e+00  2.83277519e-02 
 6.77368065e+00  2.83407715e-02 
 6.78185791e+00  2.83537911e-02 
 6.79003517e+00  2.83668106e-02 
 6.79821243e+00  2.83798302e-02 
 6.80638969e+00  2.83928498e-02 
 6.81456695e+00  2.84058694e-02 
 6.82274421e+00  2.84188889e-02 
 6.83092147e+00  2.84319085e-02 
 6.83909873e+00  2.84449281e-02 
 6.84727599e+00  2.84579477e-02 
 6.85545325e+00  2.84709673e-02 
 6.86363051e+00  2.84839868e-02 
 6.87180776e+00  2.84970064e-02 
 6.87998502e+00  2.85100260e-02 
 6.88816228e+00  2.85230456e-02 
 6.89633954e+00  2.85360651e-02 
 6.90451680e+00  2.85490847e-02 
 6.91269406e+00  2.85621043e-02 
 6.92087132e+00  2.85751239e-02 
 6.92904858e+00  2.85881435e-02 
 6.93722584e+00  2.86011630e-02 
 6.94540310e+00  2.86141826e-02 
 6.95358036e+00  2.86272022e-02 
 6.96175762e+00  2.86402218e-02 
 6.96993487e+00  2.86532413e-02 
 6.97811213e+00  2.86662609e-02 
 6.98628939e+00  2.86792805e-02 
 6.99446665e+00  2.86923001e-02 
 7.00264391e+00  2.87053197e-02 
 7.01082117e+00  2.87183392e-02 
 7.01899843e+00  2.87313588e-02 
 7.02717569e+00  2.87443784e-02 
 7.03535295e+00  2.87573980e-02 
 7.04353021e+00  2.87704175e-02 
 7.05170747e+00  2.87834371e-02 
 7.05988473e+00  2.87964567e-02 
 7.06806198e+00  2.88094763e-02 
 7.07623924e+00  2.88224958e-02 
 7.08441650e+00  2.88355154e-02 
 7.09259376e+00  2.88485350e-02 
 7.10077102e+00  2.88615546e-02 
 7.10894828e+00  2.88745742e-02 
 7.11712554e+00  2.88875937e-02 
 7.12530280e+00  2.89006133e-02 
 7.13348006e+00  2.89136329e-02 
 7.14165732e+00  2.89266525e-02 
 7.14983458e+00  2.89396720e-02 
 7.15801184e+00  2.89526916e-02 
 7.16618909e+00  2.89657112e-02 
 7.17436635e+00  2.89787308e-02 
 7.18254361e+00  2.89917504e-02 
 7.19072087e+00  2.90047699e-02 
 7.19889813e+00  2.90177895e-02 
 7.20707539e+00  2.90308091e-02 
 7.21525265e+00  2.90438287e-02 
 7.22342991e+00  2.90568482e-02 
 7.23160717e+00  2.90698678e-02 
 7.23978443e+00  2.90828874e-02 
 7.24796169e+00  2.90959070e-02 
 7.25613895e+00  2.91089265e-02 
 7.26431620e+00  2.91219461e-02 
 7.27249346e+00  2.91349657e-02 
 7.28067072e+00  2.91479853e-02 
 7.28884798e+00  2.91610049e-02 
 7.29702524e+00  2.91740244e-02 
 7.30520250e+00  2.91870440e-02 
 7.31337976e+00  2.92000636e-02 
 7.32155702e+00  2.92130832e-02 
 7.32973428e+00  2.92261027e-02 
 7.33791154e+00  2.92391223e-02 
 7.34608880e+00  2.92521419e-02 
 7.35426606e+00  2.92651615e-02 
 7.36244331e+00  2.92781811e-02 
 7.37062057e+00  2.92912006e-02 
 7.37879783e+00  2.93042202e-02 
 7.38697509e+00  2.93172398e-02 
 7.39515235e+00  2.93302594e-02 
 7.40332961e+00  2.93432789e-02 
 7.41150687e+00  2.93562985e-02 
 7.41968413e+00  2.93693181e-02 
 7.42786139e+00  2.93823377e-02 
 7.43603865e+00  2.93953573e-02 
 7.44421591e+00  2.94083768e-02 
 7.45239317e+00  2.94213964e-02 
 7.46057042e+00  2.94344160e-02 
 7.46874768e+00  2.94474356e-02 
 7.47692494e+00  2.94604551e-02 
 7.48510220e+00  2.94734747e-02 
 7.49327946e+00  2.94864943e-02 
 7.50145672e+00  2.94995139e-02 
 7.50963398e+00  2.95125334e-02 
 7.51781124e+00  2.95255530e-02 
 7.52598850e+00  2.95385726e-02 
 7.53416576e+00  2.95515922e-02 
 7.54234302e+00  2.95646118e-02 
 7.55052028e+00  2.95776313e-02 
 7.55869753e+00  2.95906509e-02 
 7.56687479e+00  2.96036705e-02 
 7.57505205e+00  2.96166901e-02 
 7.58322931e+00  2.96297096e-02 
 7.59140657e+00  2.96427292e-02 
 7.59958383e+00  2.96557488e-02 
 7.60776109e+00  2.96687684e-02 
 7.61593835e+00  2.96817880e-02 
 7.62411561e+00  2.96948075e-02 
 7.63229287e+00  2.97078271e-02 
 7.64047013e+00  2.97208467e-02 
 7.64864739e+00  2.97338663e-02 
 7.65682464e+00  2.97468858e-02 
 7.66500190e+00  2.97599054e-02 
 7.67317916e+00  2.97729250e-02 
 7.68135642e+00  2.97859446e-02 
 7.68953368e+00  2.97989641e-02 
 7.69771094e+00  2.98119837e-02 
 7.70588820e+00  2.98250033e-02 
 7.71406546e+00  2.98380229e-02 
 7.72224272e+00  2.98510425e-02 
 7.73041998e+00  2.98640620e-02 
 7.73859724e+00  2.98770816e-02 
 7.74677450e+00  2.98901012e-02 
 7.75495175e+00  2.99031208e-02 
 7.76312901e+00  2.99161403e-02 
 7.77130627e+00  2.99291599e-02 
 7.77948353e+00  2.99421795e-02 
 7.78766079e+00  2.99551991e-02 
 7.79583805e+00  2.99682187e-02 
 7.80401531e+00  2.99812382e-02 
 7.81219257e+00  2.99942578e-02 
 7.82036983e+00  3.00072774e-02 
 7.82854709e+00  3.00202970e-02 
 7.83672435e+00  3.00333165e-02 
 7.84490161e+00  3.00463361e-02 
 7.85307886e+00  3.00593557e-02 
 7.86125612e+00  3.00723753e-02 
 7.86943338e+00  3.00853949e-02 
 7.87761064e+00  3.00984144e-02 
 7.88578790e+00  3.01114340e-02 
 7.89396516e+00  3.01244536e-02 
 7.90214242e+00  3.01374732e-02 
 7.91031968e+00  3.01504927e-02 
 7.91849694e+00  3.01635123e-02 
 7.92667420e+00  3.01765319e-02 
 7.93485146e+00  3.01895515e-02 
 7.94302872e+00  3.02025710e-02 
 7.95120597e+00  3.02155906e-02 
 7.95938323e+00  3.02286102e-02 
 7.96756049e+00  3.02416298e-02 
 7.97573775e+00  3.02546494e-02 
 7.98391501e+00  3.02676689e-02 
 7.99209227e+00  3.02806885e-02 
 8.00026953e+00  3.02937081e-02 
 8.00844679e+00  3.03067277e-02 
 8.01662405e+00  3.03197472e-02 
 8.02480131e+00  3.03327668e-02 
 8.03297857e+00  3.03457864e-02 
 8.04115583e+00  3.03588060e-02 
 8.04933308e+00  3.03718256e-02 
 8.05751034e+00  3.03848451e-02 
 8.06568760e+00  3.03978647e-02 
 8.07386486e+00  3.04108843e-02 
 8.08204212e+00  3.04239039e-02 
 8.09021938e+00  3.04369234e-02 
 8.09839664e+00  3.04499430e-02 
 8.10657390e+00  3.04629626e-02 
 8.11475116e+00  3.04759822e-02 
 8.12292842e+00  3.04890017e-02 
 8.13110568e+00  3.05020213e-02 
 8.13928294e+00  3.05150409e-02 
 8.14746019e+00  3.05280605e-02 
 8.15563745e+00  3.05410801e-02 
 8.16381471e+00  3.05540996e-02 
 8.17199197e+00  3.05671192e-02 
 8.18016923e+00  3.05801388e-02 
 8.18834649e+00  3.05931584e-02 
 8.19652375e+00  3.06061779e-02 
 8.20470101e+00  3.06191975e-02 
 8.21287827e+00  3.06322171e-02 
 8.22105553e+00  3.06452367e-02 
 8.22923279e+00  3.06582563e-02 
 8.23741005e+00  3.06712758e-02 
 8.24558730e+00  3.06842954e-02 
 8.25376456e+00  3.06973150e-02 
 8.26194182e+00  3.07103346e-02 
 8.27011908e+00  3.07233541e-02 
 8.27829634e+00  3.07363737e-02 
 8.28647360e+00  3.07493933e-02 
 8.29465086e+00  3.07624129e-02 
 8.30282812e+00  3.07754325e-02 
 8.31100538e+00  3.07884520e-02 
 8.31918264e+00  3.08014716e-02 
 8.32735990e+00  3.08144912e-02 
 8.33553716e+00  3.08275108e-02 
 8.34371441e+00  3.08405303e-02 
 8.35189167e+00  3.08535499e-02 
 8.36006893e+00  3.08665695e-02 
 8.36824619e+00  3.08795891e-02 
 8.37642345e+00  3.08926086e-02 
 8.38460071e+00  3.09056282e-02 
 8.39277797e+00  3.09186478e-02 
 8.40095523e+00  3.09316674e-02 
 8.40913249e+00  3.09446870e-02 
 8.41730975e+00  3.09577065e-02 
 8.42548701e+00  3.09707261e-02 
 8.43366427e+00  3.09837457e-02 
 8.44184152e+00  3.09967653e-02 
 8.45001878e+00  3.10097848e-02 
 8.45819604e+00  3.10228044e-02 
 8.46637330e+00  3.10358240e-02 
 8.47455056e+00  3.10488436e-02 
 8.48272782e+00  3.10618632e-02 
 8.49090508e+00  3.10748827e-02 
 8.49908234e+00  3.10879023e-02 
 8.50725960e+00  3.11009219e-02 
 8.51543686e+00  3.11139415e-02 
 8.52361412e+00  3.11269610e-02 
 8.53179138e+00  3.11399806e-02 
 8.53996863e+00  3.11530002e-02 
 8.54814589e+00  3.11660198e-02 
 8.55632315e+00  3.11790394e-02 
 8.56450041e+00  3.11920589e-02 
 8.57267767e+00  3.12050785e-02 
 8.58085493e+00  3.12180981e-02 
 8.58903219e+00  3.12311177e-02 
 8.59720945e+00  3.12441372e-02 
 8.60538671e+00  3.12571568e-02 
 8.61356397e+00  3.12701764e-02 
 8.62174123e+00  3.12831960e-02 
 8.62991849e+00  3.12962155e-02 
 8.63809574e+00  3.13092351e-02 
 8.64627300e+00  3.13222547e-02 
 8.65445026e+00  3.13352743e-02 
 8.66262752e+00  3.13482939e-02 
 8.67080478e+00  3.13613134e-02 
 8.67898204e+00  3.13743330e-02 
 8.68715930e+00  3.13873526e-02 
 8.69533656e+00  3.14003722e-02 
 8.70351382e+00  3.14133917e-02 
 8.71169108e+00  3.14264113e-02 
 8.71986834e+00  3.14394309e-02 
 8.72804560e+00  3.14524505e-02 
 8.73622285e+00  3.14654701e-02 
 8.74440011e+00  3.14784896e-02 
 8.75257737e+00  3.14915092e-02 
 8.76075463e+00  3.15045288e-02 
 8.76893189e+00  3.15175484e-02 
 8.77710915e+00  3.15305679e-02 
 8.78528641e+00  3.15435875e-02 
 8.79346367e+00  3.15566071e-02 
 8.80164093e+00  3.15696267e-02 
 8.80981819e+00  3.15826462e-02 
 8.81799545e+00  3.15956658e-02 
 8.82617271e+00  3.16086854e-02 
 8.83434996e+00  3.16217050e-02 
 8.84252722e+00  3.16347246e-02 
 8.85070448e+00  3.16477441e-02 
 8.85888174e+00  3.16607637e-02 
 8.86705900e+00  3.16737833e-02 
 8.87523626e+00  3.16868029e-02 
 8.88341352e+00  3.16998224e-02 
 8.89159078e+00  3.17128420e-02 
 8.89976804e+00  3.17258616e-02 
 8.90794530e+00  3.17388812e-02 
 8.91612256e+00  3.17519008e-02 
 8.92429982e+00  3.17649203e-02 
 8.93247707e+00  3.17779399e-02 
 8.94065433e+00  3.17909595e-02 
 8.94883159e+00  3.18039791e-02 
 8.95700885e+00  3.18169986e-02 
 8.96518611e+00  3.18300182e-02 
 8.97336337e+00  3.18430378e-02 
 8.98154063e+00  3.18560574e-02 
 8.98971789e+00  3.18690770e-02 
 8.99789515e+00  3.18820965e-02 
 9.00607241e+00  3.18951161e-02 
 9.01424967e+00  3.19081357e-02 
 9.02242693e+00  3.19211553e-02 
 9.03060418e+00  3.19341748e-02 
 9.03878144e+00  3.19471944e-02 
 9.04695870e+00  3.19602140e-02 
 9.05513596e+00  3.19732336e-02 
 9.06331322e+00  3.19862531e-02 
 9.07149048e+00  3.19992727e-02 
 9.07966774e+00  3.20122923e-02 
 9.08784500e+00  3.20253119e-02 
 9.09602226e+00  3.20383315e-02 
 9.10419952e+00  3.20513510e-02 
 9.11237678e+00  3.20643706e-02 
 9.12055404e+00  3.20773902e-02 
 9.12873129e+00  3.20904098e-02 
 9.13690855e+00  3.21034293e-02 
 9.14508581e+00  3.21164489e-02 
 9.15326307e+00  3.21294685e-02 
 9.16144033e+00  3.21424881e-02 
 9.16961759e+00  3.21555077e-02 
 9.17779485e+00  3.21685272e-02 
 9.18597211e+00  3.21815468e-02 
 9.19414937e+00  3.21945664e-02 
 9.20232663e+00  3.22075860e-02 
 9.21050389e+00  3.22206055e-02 
 9.21868115e+00  3.22336251e-02 
 9.22685840e+00  3.22466447e-02 
 9.23503566e+00  3.22596643e-02 
 9.24321292e+00  3.22726838e-02 
 9.25139018e+00  3.22857034e-02 
 9.25956744e+00  3.22987230e-02 
 9.26774470e+00  3.23117426e-02 
 9.27592196e+00  3.23247622e-02 
 9.28409922e+00  3.23377817e-02 
 9.29227648e+00  3.23508013e-02 
 9.30045374e+00  3.23638209e-02 
 9.30863100e+00  3.23768405e-02 
 9.31680826e+00  3.23898600e-02 
 9.32498551e+00  3.24028796e-02 
 9.33316277e+00  3.24158992e-02 
 9.34134003e+00  3.24289188e-02 
 9.34951729e+00  3.24419384e-02 
 9.35769455e+00  3.24549579e-02 
 9.36587181e+00  3.24679775e-02 
 9.37404907e+00  3.24809971e-02 
 9.38222633e+00  3.24940167e-02 
 9.39040359e+00  3.25070362e-02 
 9.39858085e+00  3.25200558e-02 
 9.40675811e+00  3.25330754e-02 
 9.41493537e+00  3.25460950e-02 
 9.42311262e+00  3.25591146e-02 
 9.43128988e+00  3.25721341e-02 
 9.43946714e+00  3.25851537e-02 
 9.44764440e+00  3.25981733e-02 
 9.45582166e+00  3.26111929e-02 
 9.46399892e+00  3.26242124e-02 
 9.47217618e+00  3.26372320e-02 
 9.48035344e+00  3.26502516e-02 
 9.48853070e+00  3.26632712e-02 
 9.49670796e+00  3.26762907e-02 
 9.50488522e+00  3.26893103e-02 
 9.51306248e+00  3.27023299e-02 
 9.52123973e+00  3.27153495e-02 
 9.52941699e+00  3.27283691e-02 
 9.53759425e+00  3.27413886e-02 
 9.54577151e+00  3.27544082e-02 
 9.55394877e+00  3.27674278e-02 
 9.56212603e+00  3.27804474e-02 
 9.57030329e+00  3.27934669e-02 
 9.57848055e+00  3.28064865e-02 
 9.58665781e+00  3.28195061e-02 
 9.59483507e+00  3.28325257e-02 
 9.60301233e+00  3.28455453e-02 
 9.61118959e+00  3.28585648e-02 
 9.61936684e+00  3.28715844e-02 
 9.62754410e+00  3.28846040e-02 
 9.63572136e+00  3.28976236e-02 
 9.64389862e+00  3.29106431e-02 
 9.65207588e+00  3.29236627e-02 
 9.66025314e+00  3.29366823e-02 
 9.66843040e+00  3.29497019e-02 
 9.67660766e+00  3.29627215e-02 
 9.68478492e+00  3.29757410e-02 
 9.69296218e+00  3.29887606e-02 
 9.70113944e+00  3.30017802e-02 
 9.70931670e+00  3.30147998e-02 
 9.71749395e+00  3.30278193e-02 
 9.72567121e+00  3.30408389e-02 
 9.73384847e+00  3.30538585e-02 
 9.74202573e+00  3.30668781e-02 
 9.75020299e+00  3.30798976e-02 
 9.75838025e+00  3.30929172e-02 
 9.76655751e+00  3.31059368e-02 
 9.77473477e+00  3.31189564e-02 
 9.78291203e+00  3.31319760e-02 
 9.79108929e+00  3.31449955e-02 
 9.79926655e+00  3.31580151e-02 
 9.80744381e+00  3.31710347e-02 
 9.81562106e+00  3.31840543e-02 
 9.82379832e+00  3.31970738e-02 
 9.83197558e+00  3.32100934e-02 
 9.84015284e+00  3.32231130e-02 
 9.84833010e+00  3.32361326e-02 
 9.85650736e+00  3.32491522e-02 
 9.86468462e+00  3.32621717e-02 
 9.87286188e+00  3.32751913e-02 
 9.88103914e+00  3.32882109e-02 
 9.88921640e+00  3.33012305e-02 
 9.89739366e+00  3.33142500e-02 
 9.90557092e+00  3.33272696e-02 
 9.91374817e+00  3.33402892e-02 
 9.92192543e+00  3.33533088e-02 
 9.93010269e+00  3.33663283e-02 
 9.93827995e+00  3.33793479e-02 
 9.94645721e+00  3.33923675e-02 
 9.95463447e+00  3.34053871e-02 
 9.96281173e+00  3.34184067e-02 
 9.97098899e+00  3.34314262e-02 
 9.97916625e+00  3.34444458e-02 
 9.98734351e+00  3.34574654e-02 
 9.99552077e+00  3.34704850e-02 
 1.00036980e+01  3.34835045e-02 
 1.00118753e+01  3.34965241e-02 
 1.00200525e+01  3.35095437e-02 
 1.00282298e+01  3.35225633e-02 
 1.00364071e+01  3.35355829e-02 
 1.00445843e+01  3.35486024e-02 
 1.00527616e+01  3.35616220e-02 
 1.00609388e+01  3.35746416e-02 
 1.00691161e+01  3.35876612e-02 
 1.00772934e+01  3.36006807e-02 
 1.00854706e+01  3.36137003e-02 
 1.00936479e+01  3.36267199e-02 
 1.01018251e+01  3.36397395e-02 
 1.01100024e+01  3.36527591e-02 
 1.01181797e+01  3.36657786e-02 
 1.01263569e+01  3.36787982e-02 
 1.01345342e+01  3.36918178e-02 
 1.01427114e+01  3.37048374e-02 
 1.01508887e+01  3.37178569e-02 
 1.01590659e+01  3.37308765e-02 
 1.01672432e+01  3.37438961e-02 
 1.01754205e+01  3.37569157e-02 
 1.01835977e+01  3.37699352e-02 
 1.01917750e+01  3.37829548e-02 
 1.01999522e+01  3.37959744e-02 
 1.02081295e+01  3.38089940e-02 
 1.02163068e+01  3.38220136e-02 
 1.02244840e+01  3.38350331e-02 
 1.02326613e+01  3.38480527e-02 
 1.02408385e+01  3.38610723e-02 
 1.02490158e+01  3.38740919e-02 
 1.02571931e+01  3.38871114e-02 
 1.02653703e+01  3.39001310e-02 
 1.02735476e+01  3.39131506e-02 
 1.02817248e+01  3.39261702e-02 
 1.02899021e+01  3.39391898e-02 
 1.02980794e+01  3.39522093e-02 
 1.03062566e+01  3.39652289e-02 
 1.03144339e+01  3.39782485e-02 
 1.03226111e+01  3.39912681e-02 
 1.03307884e+01  3.40042876e-02 
 1.03389657e+01  3.40173072e-02 
 1.03471429e+01  3.40303268e-02 
 1.03553202e+01  3.40433464e-02 
 1.03634974e+01  3.40563660e-02 
 1.03716747e+01  3.40693855e-02 
 1.03798519e+01  3.40824051e-02 
 1.03880292e+01  3.40954247e-02 
 1.03962065e+01  3.41084443e-02 
 1.04043837e+01  3.41214638e-02 
 1.04125610e+01  3.41344834e-02 
 1.04207382e+01  3.41475030e-02 
 1.04289155e+01  3.41605226e-02 
 1.04370928e+01  3.41735421e-02 
 1.04452700e+01  3.41865617e-02 
 1.04534473e+01  3.41995813e-02 
 1.04616245e+01  3.42126009e-02 
 1.04698018e+01  3.42256205e-02 
 1.04779791e+01  3.42386400e-02 
 1.04861563e+01  3.42516596e-02 
 1.04943336e+01  3.42646792e-02 
 1.05025108e+01  3.42776988e-02 
 1.05106881e+01  3.42907183e-02 
 1.05188654e+01  3.43037379e-02 
 1.05270426e+01  3.43167575e-02 
 1.05352199e+01  3.43297771e-02 
 1.05433971e+01  3.43427967e-02 
 1.05515744e+01  3.43558162e-02 
 1.05597516e+01  3.43688358e-02 
 1.05679289e+01  3.43818554e-02 
 1.05761062e+01  3.43948750e-02 
 1.05842834e+01  3.44078945e-02 
 1.05924607e+01  3.44209141e-02 
 1.06006379e+01  3.44339337e-02 
 1.06088152e+01  3.44469533e-02 
 1.06169925e+01  3.44599728e-02 
 1.06251697e+01  3.44729924e-02 
 1.06333470e+01  3.44860120e-02 
 1.06415242e+01  3.44990316e-02 
 1.06497015e+01  3.45120512e-02 
 1.06578788e+01  3.45250707e-02 
 1.06660560e+01  3.45380903e-02 
 1.06742333e+01  3.45511099e-02 
 1.06824105e+01  3.45641295e-02 
 1.06905878e+01  3.45771490e-02 
 1.06987651e+01  3.45901686e-02 
 1.07069423e+01  3.46031882e-02 
 1.07151196e+01  3.46162078e-02 
 1.07232968e+01  3.46292274e-02 
 1.07314741e+01  3.46422469e-02 
 1.07396514e+01  3.46552665e-02 
 1.07478286e+01  3.46682861e-02 
 1.07560059e+01  3.46813057e-02 
 1.07641831e+01  3.46943252e-02 
 1.07723604e+01  3.47073448e-02 
 1.07805376e+01  3.47203644e-02 
 1.07887149e+01  3.47333840e-02 
 1.07968922e+01  3.47464036e-02 
 1.08050694e+01  3.47594231e-02 
 1.08132467e+01  3.47724427e-02 
 1.08214239e+01  3.47854623e-02 
 1.08296012e+01  3.47984819e-02 
 1.08377785e+01  3.48115014e-02 
 1.08459557e+01  3.48245210e-02 
 1.08541330e+01  3.48375406e-02 
 1.08623102e+01  3.48505602e-02 
 1.08704875e+01  3.48635797e-02 
 1.08786648e+01  3.48765993e-02 
 1.08868420e+01  3.48896189e-02 
 1.08950193e+01  3.49026385e-02 
 1.09031965e+01  3.49156581e-02 
 1.09113738e+01  3.49286776e-02 
 1.09195511e+01  3.49416972e-02 
 1.09277283e+01  3.49547168e-02 
 1.09359056e+01  3.49677364e-02 
 1.09440828e+01  3.49807559e-02 
 1.09522601e+01  3.49937755e-02 
 1.09604373e+01  3.50067951e-02 
 1.09686146e+01  3.50198147e-02 
 1.09767919e+01  3.50328343e-02 
 1.09849691e+01  3.50458538e-02 
 1.09931464e+01  3.50588734e-02 
 1.10013236e+01  3.50718930e-02 
 1.10095009e+01  3.50849126e-02 
 1.10176782e+01  3.50979321e-02 
 1.10258554e+01  3.51109517e-02 
 1.10340327e+01  3.51239713e-02 
 1.10422099e+01  3.51369909e-02 
