-2.18736109e+00 -1.54666837e-02 
-2.18722426e+00 -1.53962278e-02 
-2.18708922e+00 -1.53257937e-02 
-2.18695413e+00 -1.52553601e-02 
-2.18681891e+00 -1.51849274e-02 
-2.18668356e+00 -1.51144955e-02 
-2.18654809e+00 -1.50440645e-02 
-2.18641250e+00 -1.49736344e-02 
-2.18627678e+00 -1.49032051e-02 
-2.18614093e+00 -1.48327768e-02 
-2.18600496e+00 -1.47623493e-02 
-2.18586886e+00 -1.46919228e-02 
-2.18573263e+00 -1.46214971e-02 
-2.18559627e+00 -1.45510723e-02 
-2.18545978e+00 -1.44806484e-02 
-2.18532317e+00 -1.44102255e-02 
-2.18518642e+00 -1.43398034e-02 
-2.18504954e+00 -1.42693823e-02 
-2.18491253e+00 -1.41989621e-02 
-2.18477539e+00 -1.41285428e-02 
-2.18463811e+00 -1.40581245e-02 
-2.18450070e+00 -1.39877071e-02 
-2.18436316e+00 -1.39172906e-02 
-2.18422549e+00 -1.38468751e-02 
-2.18408767e+00 -1.37764605e-02 
-2.18394973e+00 -1.37060468e-02 
-2.18381164e+00 -1.36356342e-02 
-2.18367342e+00 -1.35652225e-02 
-2.18353506e+00 -1.34948117e-02 
-2.18339656e+00 -1.34244019e-02 
-2.18325793e+00 -1.33539931e-02 
-2.18311915e+00 -1.32835853e-02 
-2.18298024e+00 -1.32131785e-02 
-2.18284118e+00 -1.31427726e-02 
-2.18270198e+00 -1.30723678e-02 
-2.18256264e+00 -1.30019639e-02 
-2.18242316e+00 -1.29315610e-02 
-2.18228353e+00 -1.28611592e-02 
-2.18214376e+00 -1.27907584e-02 
-2.18200385e+00 -1.27203585e-02 
-2.18186379e+00 -1.26499597e-02 
-2.18172358e+00 -1.25795620e-02 
-2.18158323e+00 -1.25091652e-02 
-2.18144273e+00 -1.24387695e-02 
-2.18130208e+00 -1.23683749e-02 
-2.18116128e+00 -1.22979812e-02 
-2.18102033e+00 -1.22275887e-02 
-2.18087923e+00 -1.21571972e-02 
-2.18073798e+00 -1.20868067e-02 
-2.18059658e+00 -1.20164174e-02 
-2.18045503e+00 -1.19460290e-02 
-2.18031332e+00 -1.18756418e-02 
-2.18017146e+00 -1.18052557e-02 
-2.18002944e+00 -1.17348706e-02 
-2.17988727e+00 -1.16644867e-02 
-2.17974495e+00 -1.15941038e-02 
-2.17960246e+00 -1.15237220e-02 
-2.17945982e+00 -1.14533414e-02 
-2.17931702e+00 -1.13829619e-02 
-2.17917406e+00 -1.13125834e-02 
-2.17903094e+00 -1.12422062e-02 
-2.17888765e+00 -1.11718300e-02 
-2.17874421e+00 -1.11014550e-02 
-2.17860061e+00 -1.10310811e-02 
-2.17845684e+00 -1.09607084e-02 
-2.17831290e+00 -1.08903368e-02 
-2.17816881e+00 -1.08199664e-02 
-2.17802454e+00 -1.07495972e-02 
-2.17788011e+00 -1.06792291e-02 
-2.17773551e+00 -1.06088623e-02 
-2.17759075e+00 -1.05384966e-02 
-2.17744581e+00 -1.04681321e-02 
-2.17730071e+00 -1.03977687e-02 
-2.17715543e+00 -1.03274066e-02 
-2.17700998e+00 -1.02570457e-02 
-2.17686436e+00 -1.01866861e-02 
-2.17671857e+00 -1.01163276e-02 
-2.17657260e+00 -1.00459704e-02 
-2.17642645e+00 -9.97561440e-03 
-2.17628013e+00 -9.90525965e-03 
-2.17613364e+00 -9.83490615e-03 
-2.17598696e+00 -9.76455391e-03 
-2.17584011e+00 -9.69420293e-03 
-2.17569307e+00 -9.62385322e-03 
-2.17554586e+00 -9.55350478e-03 
-2.17539846e+00 -9.48315762e-03 
-2.17525088e+00 -9.41281176e-03 
-2.17510312e+00 -9.34246719e-03 
-2.17495517e+00 -9.27212392e-03 
-2.17480703e+00 -9.20178196e-03 
-2.17465871e+00 -9.13144132e-03 
-2.17451021e+00 -9.06110200e-03 
-2.17436151e+00 -8.99076402e-03 
-2.17421262e+00 -8.92042737e-03 
-2.17406355e+00 -8.85009207e-03 
-2.17391428e+00 -8.77975812e-03 
-2.17376482e+00 -8.70942553e-03 
-2.17361516e+00 -8.63909431e-03 
-2.17346531e+00 -8.56876447e-03 
-2.17331526e+00 -8.49843601e-03 
-2.17316502e+00 -8.42810894e-03 
-2.17301458e+00 -8.35778326e-03 
-2.17286394e+00 -8.28745900e-03 
-2.17271310e+00 -8.21713615e-03 
-2.17256206e+00 -8.14681472e-03 
-2.17241081e+00 -8.07649472e-03 
-2.17225936e+00 -8.00617616e-03 
-2.17210771e+00 -7.93585905e-03 
-2.17195585e+00 -7.86554339e-03 
-2.17180379e+00 -7.79522919e-03 
-2.17165151e+00 -7.72491646e-03 
-2.17149903e+00 -7.65460522e-03 
-2.17134634e+00 -7.58429546e-03 
-2.17119343e+00 -7.51398720e-03 
-2.17104031e+00 -7.44368044e-03 
-2.17088698e+00 -7.37337520e-03 
-2.17073343e+00 -7.30307148e-03 
-2.17057967e+00 -7.23276929e-03 
-2.17042568e+00 -7.16246864e-03 
-2.17027148e+00 -7.09216954e-03 
-2.17011706e+00 -7.02187200e-03 
-2.16996242e+00 -6.95157603e-03 
-2.16980755e+00 -6.88128164e-03 
-2.16965246e+00 -6.81098883e-03 
-2.16949714e+00 -6.74069761e-03 
-2.16934160e+00 -6.67040800e-03 
-2.16918583e+00 -6.60012001e-03 
-2.16902983e+00 -6.52983363e-03 
-2.16887359e+00 -6.45954890e-03 
-2.16871713e+00 -6.38926580e-03 
-2.16856043e+00 -6.31898436e-03 
-2.16840350e+00 -6.24870459e-03 
-2.16824633e+00 -6.17842648e-03 
-2.16808892e+00 -6.10815006e-03 
-2.16793128e+00 -6.03787534e-03 
-2.16777339e+00 -5.96760232e-03 
-2.16761526e+00 -5.89733101e-03 
-2.16745688e+00 -5.82706143e-03 
-2.16729827e+00 -5.75679359e-03 
-2.16713940e+00 -5.68652749e-03 
-2.16698029e+00 -5.61626315e-03 
-2.16682092e+00 -5.54600058e-03 
-2.16666131e+00 -5.47573978e-03 
-2.16650144e+00 -5.40548078e-03 
-2.16634132e+00 -5.33522358e-03 
-2.16618094e+00 -5.26496820e-03 
-2.16602031e+00 -5.19471463e-03 
-2.16585941e+00 -5.12446291e-03 
-2.16569826e+00 -5.05421303e-03 
-2.16553684e+00 -4.98396501e-03 
-2.16537516e+00 -4.91371887e-03 
-2.16521321e+00 -4.84347460e-03 
-2.16505099e+00 -4.77323224e-03 
-2.16488851e+00 -4.70299178e-03 
-2.16472575e+00 -4.63275324e-03 
-2.16456272e+00 -4.56251663e-03 
-2.16439942e+00 -4.49228197e-03 
-2.16423584e+00 -4.42204927e-03 
-2.16407198e+00 -4.35181854e-03 
-2.16390785e+00 -4.28158979e-03 
-2.16374343e+00 -4.21136304e-03 
-2.16357873e+00 -4.14113830e-03 
-2.16341374e+00 -4.07091558e-03 
-2.16324847e+00 -4.00069490e-03 
-2.16308290e+00 -3.93047627e-03 
-2.16291705e+00 -3.86025970e-03 
-2.16275090e+00 -3.79004521e-03 
-2.16258446e+00 -3.71983282e-03 
-2.16241772e+00 -3.64962253e-03 
-2.16225068e+00 -3.57941436e-03 
-2.16208334e+00 -3.50920832e-03 
-2.16191570e+00 -3.43900444e-03 
-2.16174775e+00 -3.36880272e-03 
-2.16157949e+00 -3.29860318e-03 
-2.16141093e+00 -3.22840583e-03 
-2.16124205e+00 -3.15821070e-03 
-2.16107286e+00 -3.08801779e-03 
-2.16090336e+00 -3.01782711e-03 
-2.16073354e+00 -2.94763870e-03 
-2.16056339e+00 -2.87745256e-03 
-2.16039293e+00 -2.80726870e-03 
-2.16022214e+00 -2.73708715e-03 
-2.16005102e+00 -2.66690792e-03 
-2.15987958e+00 -2.59673102e-03 
-2.15970780e+00 -2.52655648e-03 
-2.15953569e+00 -2.45638431e-03 
-2.15936324e+00 -2.38621453e-03 
-2.15919045e+00 -2.31604715e-03 
-2.15901733e+00 -2.24588220e-03 
-2.15884386e+00 -2.17571968e-03 
-2.15867004e+00 -2.10555963e-03 
-2.15849587e+00 -2.03540204e-03 
-2.15832136e+00 -1.96524696e-03 
-2.15814649e+00 -1.89509438e-03 
-2.15797126e+00 -1.82494433e-03 
-2.15779567e+00 -1.75479684e-03 
-2.15761973e+00 -1.68465191e-03 
-2.15744342e+00 -1.61450957e-03 
-2.15726674e+00 -1.54436984e-03 
-2.15708969e+00 -1.47423273e-03 
-2.15691227e+00 -1.40409827e-03 
-2.15673447e+00 -1.33396648e-03 
-2.15655630e+00 -1.26383737e-03 
-2.15637775e+00 -1.19371097e-03 
-2.15619881e+00 -1.12358730e-03 
-2.15601948e+00 -1.05346638e-03 
-2.15583977e+00 -9.83348232e-04 
-2.15565966e+00 -9.13232874e-04 
-2.15547915e+00 -8.43120330e-04 
-2.15529825e+00 -7.73010621e-04 
-2.15511695e+00 -7.02903771e-04 
-2.15493523e+00 -6.32799801e-04 
-2.15475312e+00 -5.62698735e-04 
-2.15457059e+00 -4.92600595e-04 
-2.15438764e+00 -4.22505405e-04 
-2.15420428e+00 -3.52413188e-04 
-2.15402049e+00 -2.82323968e-04 
-2.15383628e+00 -2.12237770e-04 
-2.15365164e+00 -1.42154618e-04 
-2.15346657e+00 -7.20745357e-05 
-2.15328107e+00 -1.99754950e-06 
-2.15309513e+00  6.80763157e-05 
-2.15290874e+00  1.38147034e-04 
-2.15272191e+00  2.08214580e-04 
-2.15253462e+00  2.78278927e-04 
-2.15234689e+00  3.48340049e-04 
-2.15215870e+00  4.18397918e-04 
-2.15197004e+00  4.88452507e-04 
-2.15178092e+00  5.58503788e-04 
-2.15159134e+00  6.28551734e-04 
-2.15140128e+00  6.98596317e-04 
-2.15121074e+00  7.68637507e-04 
-2.15101972e+00  8.38675275e-04 
-2.15082822e+00  9.08709593e-04 
-2.15063622e+00  9.78740429e-04 
-2.15044374e+00  1.04876776e-03 
-2.15025076e+00  1.11879154e-03 
-2.15005727e+00  1.18881175e-03 
-2.14986328e+00  1.25882836e-03 
-2.14966878e+00  1.32884133e-03 
-2.14947376e+00  1.39885063e-03 
-2.14927822e+00  1.46885624e-03 
-2.14908216e+00  1.53885811e-03 
-2.14888557e+00  1.60885621e-03 
-2.14868844e+00  1.67885051e-03 
-2.14849078e+00  1.74884098e-03 
-2.14829257e+00  1.81882757e-03 
-2.14809382e+00  1.88881026e-03 
-2.14789451e+00  1.95878901e-03 
-2.14769464e+00  2.02876378e-03 
-2.14749420e+00  2.09873454e-03 
-2.14729320e+00  2.16870124e-03 
-2.14709163e+00  2.23866385e-03 
-2.14688947e+00  2.30862234e-03 
-2.14668673e+00  2.37857665e-03 
-2.14648340e+00  2.44852676e-03 
-2.14627947e+00  2.51847263e-03 
-2.14607494e+00  2.58841420e-03 
-2.14586980e+00  2.65835145e-03 
-2.14566405e+00  2.72828433e-03 
-2.14545768e+00  2.79821279e-03 
-2.14525069e+00  2.86813680e-03 
-2.14504306e+00  2.93805631e-03 
-2.14483479e+00  3.00797127e-03 
-2.14462588e+00  3.07788165e-03 
-2.14441632e+00  3.14778739e-03 
-2.14420611e+00  3.21768845e-03 
-2.14399523e+00  3.28758479e-03 
-2.14378367e+00  3.35747634e-03 
-2.14357145e+00  3.42736308e-03 
-2.14335853e+00  3.49724494e-03 
-2.14314493e+00  3.56712188e-03 
-2.14293063e+00  3.63699385e-03 
-2.14271563e+00  3.70686079e-03 
-2.14249991e+00  3.77672266e-03 
-2.14228347e+00  3.84657940e-03 
-2.14206631e+00  3.91643095e-03 
-2.14184841e+00  3.98627727e-03 
-2.14162976e+00  4.05611829e-03 
-2.14141037e+00  4.12595396e-03 
-2.14119022e+00  4.19578423e-03 
-2.14096930e+00  4.26560903e-03 
-2.14074760e+00  4.33542830e-03 
-2.14052513e+00  4.40524199e-03 
-2.14030186e+00  4.47505004e-03 
-2.14007779e+00  4.54485238e-03 
-2.13985291e+00  4.61464894e-03 
-2.13962721e+00  4.68443968e-03 
-2.13940069e+00  4.75422451e-03 
-2.13917332e+00  4.82400337e-03 
-2.13894511e+00  4.89377620e-03 
-2.13871605e+00  4.96354293e-03 
-2.13848612e+00  5.03330349e-03 
-2.13825531e+00  5.10305780e-03 
-2.13802362e+00  5.17280580e-03 
-2.13779103e+00  5.24254741e-03 
-2.13755754e+00  5.31228256e-03 
-2.13732313e+00  5.38201117e-03 
-2.13708779e+00  5.45173316e-03 
-2.13685151e+00  5.52144845e-03 
-2.13661429e+00  5.59115698e-03 
-2.13637610e+00  5.66085864e-03 
-2.13613693e+00  5.73055337e-03 
-2.13589679e+00  5.80024107e-03 
-2.13565564e+00  5.86992166e-03 
-2.13541349e+00  5.93959505e-03 
-2.13517032e+00  6.00926116e-03 
-2.13492611e+00  6.07891989e-03 
-2.13468085e+00  6.14857115e-03 
-2.13443453e+00  6.21821485e-03 
-2.13418714e+00  6.28785089e-03 
-2.13393867e+00  6.35747917e-03 
-2.13368909e+00  6.42709959e-03 
-2.13343839e+00  6.49671205e-03 
-2.13318657e+00  6.56631645e-03 
-2.13293360e+00  6.63591268e-03 
-2.13267947e+00  6.70550064e-03 
-2.13242416e+00  6.77508021e-03 
-2.13216766e+00  6.84465128e-03 
-2.13190996e+00  6.91421374e-03 
-2.13165103e+00  6.98376748e-03 
-2.13139086e+00  7.05331236e-03 
-2.13112944e+00  7.12284828e-03 
-2.13086674e+00  7.19237510e-03 
-2.13060275e+00  7.26189271e-03 
-2.13033745e+00  7.33140097e-03 
-2.13007082e+00  7.40089974e-03 
-2.12980284e+00  7.47038891e-03 
-2.12953350e+00  7.53986833e-03 
-2.12926277e+00  7.60933785e-03 
-2.12899064e+00  7.67879734e-03 
-2.12871707e+00  7.74824665e-03 
-2.12844207e+00  7.81768563e-03 
-2.12816559e+00  7.88711413e-03 
-2.12788762e+00  7.95653199e-03 
-2.12760814e+00  8.02593905e-03 
-2.12732712e+00  8.09533515e-03 
-2.12704454e+00  8.16472012e-03 
-2.12676038e+00  8.23409379e-03 
-2.12647461e+00  8.30345599e-03 
-2.12618721e+00  8.37280654e-03 
-2.12589816e+00  8.44214525e-03 
-2.12560741e+00  8.51147194e-03 
-2.12531496e+00  8.58078641e-03 
-2.12502077e+00  8.65008848e-03 
-2.12472481e+00  8.71937793e-03 
-2.12442705e+00  8.78865457e-03 
-2.12412747e+00  8.85791818e-03 
-2.12382604e+00  8.92716855e-03 
-2.12352272e+00  8.99640546e-03 
-2.12321748e+00  9.06562868e-03 
-2.12291029e+00  9.13483797e-03 
-2.12260112e+00  9.20403310e-03 
-2.12228992e+00  9.27321383e-03 
-2.12197668e+00  9.34237990e-03 
-2.12166135e+00  9.41153106e-03 
-2.12134389e+00  9.48066704e-03 
-2.12102426e+00  9.54978757e-03 
-2.12070244e+00  9.61889237e-03 
-2.12037837e+00  9.68798117e-03 
-2.12005202e+00  9.75705365e-03 
-2.11972334e+00  9.82610954e-03 
-2.11939229e+00  9.89514850e-03 
-2.11905883e+00  9.96417023e-03 
-2.11872291e+00  1.00331744e-02 
-2.11838448e+00  1.01021607e-02 
-2.11804349e+00  1.01711287e-02 
-2.11769990e+00  1.02400781e-02 
-2.11735366e+00  1.03090085e-02 
-2.11700470e+00  1.03779197e-02 
-2.11665298e+00  1.04468110e-02 
-2.11629844e+00  1.05156823e-02 
-2.11594102e+00  1.05845329e-02 
-2.11558066e+00  1.06533626e-02 
-2.11521731e+00  1.07221709e-02 
-2.11485089e+00  1.07909574e-02 
-2.11448135e+00  1.08597215e-02 
-2.11410861e+00  1.09284628e-02 
-2.11373261e+00  1.09971808e-02 
-2.11335327e+00  1.10658749e-02 
-2.11297052e+00  1.11345447e-02 
-2.11258428e+00  1.12031896e-02 
-2.11219448e+00  1.12718091e-02 
-2.11180103e+00  1.13404025e-02 
-2.11140385e+00  1.14089692e-02 
-2.11100285e+00  1.14775087e-02 
-2.11059793e+00  1.15460202e-02 
-2.11018901e+00  1.16145031e-02 
-2.10977599e+00  1.16829568e-02 
-2.10935877e+00  1.17513804e-02 
-2.10893723e+00  1.18197732e-02 
-2.10851129e+00  1.18881346e-02 
-2.10808081e+00  1.19564635e-02 
-2.10764569e+00  1.20247593e-02 
-2.10720580e+00  1.20930211e-02 
-2.10676102e+00  1.21612479e-02 
-2.10631121e+00  1.22294389e-02 
-2.10585624e+00  1.22975930e-02 
-2.10539598e+00  1.23657092e-02 
-2.10493026e+00  1.24337865e-02 
-2.10445894e+00  1.25018239e-02 
-2.10398186e+00  1.25698200e-02 
-2.10349885e+00  1.26377738e-02 
-2.10300973e+00  1.27056840e-02 
-2.10251433e+00  1.27735493e-02 
-2.10201245e+00  1.28413684e-02 
-2.10150390e+00  1.29091398e-02 
-2.10098847e+00  1.29768621e-02 
-2.10046594e+00  1.30445336e-02 
-2.09993608e+00  1.31121529e-02 
-2.09939866e+00  1.31797181e-02 
-2.09885342e+00  1.32472275e-02 
-2.09830011e+00  1.33146793e-02 
-2.09773845e+00  1.33820714e-02 
-2.09716814e+00  1.34494018e-02 
-2.09658890e+00  1.35166683e-02 
-2.09600039e+00  1.35838687e-02 
-2.09540228e+00  1.36510005e-02 
-2.09479422e+00  1.37180612e-02 
-2.09417583e+00  1.37850481e-02 
-2.09354671e+00  1.38519585e-02 
-2.09290645e+00  1.39187893e-02 
-2.09225461e+00  1.39855373e-02 
-2.09159071e+00  1.40521993e-02 
-2.09091427e+00  1.41187717e-02 
-2.09022475e+00  1.41852506e-02 
-2.08952160e+00  1.42516323e-02 
-2.08880423e+00  1.43179123e-02 
-2.08807199e+00  1.43840862e-02 
-2.08732422e+00  1.44501491e-02 
-2.08656020e+00  1.45160960e-02 
-2.08577915e+00  1.45819213e-02 
-2.08498026e+00  1.46476192e-02 
-2.08416264e+00  1.47131833e-02 
-2.08332535e+00  1.47786070e-02 
-2.08246738e+00  1.48438829e-02 
-2.08158763e+00  1.49090033e-02 
-2.08068492e+00  1.49739597e-02 
-2.07975799e+00  1.50387432e-02 
-2.07880546e+00  1.51033438e-02 
-2.07782585e+00  1.51677511e-02 
-2.07681753e+00  1.52319533e-02 
-2.07577876e+00  1.52959381e-02 
-2.07470763e+00  1.53596917e-02 
-2.07360205e+00  1.54231994e-02 
-2.07245975e+00  1.54864448e-02 
-2.07127822e+00  1.55494101e-02 
-2.07005474e+00  1.56120758e-02 
-2.06878628e+00  1.56744203e-02 
-2.06746952e+00  1.57364198e-02 
-2.06610078e+00  1.57980482e-02 
-2.06467599e+00  1.58592764e-02 
-2.06319064e+00  1.59200721e-02 
-2.06163968e+00  1.59803993e-02 
-2.06001752e+00  1.60402179e-02 
-2.05831786e+00  1.60994833e-02 
-2.05653369e+00  1.61581451e-02 
-2.05465712e+00  1.62161472e-02 
-2.05267928e+00  1.62734262e-02 
-2.05059022e+00  1.63299110e-02 
-2.04837872e+00  1.63855215e-02 
-2.04603216e+00  1.64401676e-02 
-2.04353640e+00  1.64937484e-02 
-2.04087558e+00  1.65461507e-02 
-2.03803210e+00  1.65972487e-02 
-2.03498650e+00  1.66469036e-02 
-2.03171761e+00  1.66949643e-02 
-2.02820282e+00  1.67412692e-02 
-2.02441856e+00  1.67856502e-02 
-2.02034128e+00  1.68279391e-02 
-2.01594874e+00  1.68679773e-02 
-2.01122186e+00  1.69056284e-02 
-2.00614680e+00  1.69407938e-02 
-2.00071726e+00  1.69734285e-02 
-1.99493623e+00  1.70035539e-02 
-1.98881692e+00  1.70312642e-02 
-1.98238229e+00  1.70567236e-02 
-1.97566323e+00  1.70801527e-02 
-1.96869573e+00  1.71018081e-02 
-1.96151760e+00  1.71219601e-02 
-1.95416566e+00  1.71408714e-02 
-1.94667358e+00  1.71587823e-02 
-1.93907067e+00  1.71759022e-02 
-1.93138150e+00  1.71924064e-02 
-1.92362601e+00  1.72084373e-02 
-1.91582004e+00  1.72241079e-02 
-1.90797593e+00  1.72395063e-02 
-1.90010316e+00  1.72547001e-02 
-1.89220895e+00  1.72697410e-02 
-1.88429875e+00  1.72846677e-02 
-1.87637665e+00  1.72995095e-02 
-1.86844571e+00  1.73142883e-02 
-1.86050821e+00  1.73290202e-02 
-1.85256584e+00  1.73437175e-02 
-1.84461987e+00  1.73583890e-02 
-1.83667122e+00  1.73730414e-02 
-1.82872060e+00  1.73876797e-02 
-1.82076850e+00  1.74023076e-02 
-1.81281533e+00  1.74169277e-02 
-1.80486134e+00  1.74315421e-02 
-1.79690676e+00  1.74461522e-02 
-1.78895173e+00  1.74607591e-02 
-1.78099638e+00  1.74753637e-02 
-1.77304078e+00  1.74899665e-02 
-1.76508500e+00  1.75045681e-02 
-1.75712908e+00  1.75191687e-02 
-1.74917307e+00  1.75337686e-02 
-1.74121698e+00  1.75483679e-02 
-1.73326083e+00  1.75629669e-02 
-1.72530465e+00  1.75775656e-02 
-1.71734843e+00  1.75921640e-02 
-1.70939219e+00  1.76067623e-02 
-1.70143593e+00  1.76213605e-02 
-1.69347966e+00  1.76359585e-02 
-1.68552338e+00  1.76505565e-02 
-1.67756709e+00  1.76651545e-02 
-1.66961080e+00  1.76797524e-02 
-1.66165450e+00  1.76943503e-02 
-1.65369821e+00  1.77089481e-02 
-1.64574190e+00  1.77235460e-02 
-1.63778560e+00  1.77381438e-02 
-1.62982930e+00  1.77527416e-02 
-1.62187299e+00  1.77673394e-02 
-1.61391668e+00  1.77819373e-02 
-1.60596038e+00  1.77965351e-02 
-1.59800407e+00  1.78111329e-02 
-1.59004776e+00  1.78257307e-02 
-1.58209145e+00  1.78403285e-02 
-1.57413515e+00  1.78549263e-02 
-1.56617884e+00  1.78695241e-02 
-1.55822253e+00  1.78841219e-02 
-1.55026622e+00  1.78987197e-02 
-1.54230991e+00  1.79133175e-02 
-1.53435360e+00  1.79279152e-02 
-1.52639729e+00  1.79425130e-02 
-1.51844099e+00  1.79571108e-02 
-1.51048468e+00  1.79717086e-02 
-1.50252837e+00  1.79863064e-02 
-1.49457206e+00  1.80009042e-02 
-1.48661575e+00  1.80155020e-02 
-1.47865944e+00  1.80300998e-02 
-1.47070313e+00  1.80446976e-02 
-1.46274683e+00  1.80592954e-02 
-1.45479052e+00  1.80738932e-02 
-1.44683421e+00  1.80884910e-02 
-1.43887790e+00  1.81030888e-02 
-1.43092159e+00  1.81176866e-02 
-1.42296528e+00  1.81322844e-02 
-1.41500897e+00  1.81468822e-02 
-1.40705266e+00  1.81614800e-02 
-1.39909636e+00  1.81760778e-02 
-1.39114005e+00  1.81906756e-02 
-1.38318374e+00  1.82052734e-02 
-1.37522743e+00  1.82198712e-02 
-1.36727112e+00  1.82344689e-02 
-1.35931481e+00  1.82490667e-02 
-1.35135850e+00  1.82636645e-02 
-1.34340220e+00  1.82782623e-02 
-1.33544589e+00  1.82928601e-02 
-1.32748958e+00  1.83074579e-02 
-1.31953327e+00  1.83220557e-02 
-1.31157696e+00  1.83366535e-02 
-1.30362065e+00  1.83512513e-02 
-1.29566434e+00  1.83658491e-02 
-1.28770803e+00  1.83804469e-02 
-1.27975173e+00  1.83950447e-02 
-1.27179542e+00  1.84096425e-02 
-1.26383911e+00  1.84242403e-02 
-1.25588280e+00  1.84388381e-02 
-1.24792649e+00  1.84534359e-02 
-1.23997018e+00  1.84680337e-02 
-1.23201387e+00  1.84826315e-02 
-1.22405756e+00  1.84972293e-02 
-1.21610126e+00  1.85118271e-02 
-1.20814495e+00  1.85264248e-02 
-1.20018864e+00  1.85410226e-02 
-1.19223233e+00  1.85556204e-02 
-1.18427602e+00  1.85702182e-02 
-1.17631971e+00  1.85848160e-02 
-1.16836340e+00  1.85994138e-02 
-1.16040709e+00  1.86140116e-02 
-1.15245079e+00  1.86286094e-02 
-1.14449448e+00  1.86432072e-02 
-1.13653817e+00  1.86578050e-02 
-1.12858186e+00  1.86724028e-02 
-1.12062555e+00  1.86870006e-02 
-1.11266924e+00  1.87015984e-02 
-1.10471293e+00  1.87161962e-02 
-1.09675663e+00  1.87307940e-02 
-1.08880032e+00  1.87453918e-02 
-1.08084401e+00  1.87599896e-02 
-1.07288770e+00  1.87745874e-02 
-1.06493139e+00  1.87891852e-02 
-1.05697508e+00  1.88037830e-02 
-1.04901877e+00  1.88183807e-02 
-1.04106246e+00  1.88329785e-02 
-1.03310616e+00  1.88475763e-02 
-1.02514985e+00  1.88621741e-02 
-1.01719354e+00  1.88767719e-02 
-1.00923723e+00  1.88913697e-02 
-1.00128092e+00  1.89059675e-02 
-9.93324612e-01  1.89205653e-02 
-9.85368303e-01  1.89351631e-02 
-9.77411995e-01  1.89497609e-02 
-9.69455686e-01  1.89643587e-02 
-9.61499377e-01  1.89789565e-02 
-9.53543069e-01  1.89935543e-02 
-9.45586760e-01  1.90081521e-02 
-9.37630451e-01  1.90227499e-02 
-9.29674143e-01  1.90373477e-02 
-9.21717834e-01  1.90519455e-02 
-9.13761525e-01  1.90665433e-02 
-9.05805216e-01  1.90811411e-02 
-8.97848908e-01  1.90957389e-02 
-8.89892599e-01  1.91103366e-02 
-8.81936290e-01  1.91249344e-02 
-8.73979982e-01  1.91395322e-02 
-8.66023673e-01  1.91541300e-02 
-8.58067364e-01  1.91687278e-02 
-8.50111055e-01  1.91833256e-02 
-8.42154747e-01  1.91979234e-02 
-8.34198438e-01  1.92125212e-02 
-8.26242129e-01  1.92271190e-02 
-8.18285821e-01  1.92417168e-02 
-8.10329512e-01  1.92563146e-02 
-8.02373203e-01  1.92709124e-02 
-7.94416895e-01  1.92855102e-02 
-7.86460586e-01  1.93001080e-02 
-7.78504277e-01  1.93147058e-02 
-7.70547968e-01  1.93293036e-02 
-7.62591660e-01  1.93439014e-02 
-7.54635351e-01  1.93584992e-02 
-7.46679042e-01  1.93730970e-02 
-7.38722734e-01  1.93876948e-02 
-7.30766425e-01  1.94022925e-02 
-7.22810116e-01  1.94168903e-02 
-7.14853808e-01  1.94314881e-02 
-7.06897499e-01  1.94460859e-02 
-6.98941190e-01  1.94606837e-02 
-6.90984881e-01  1.94752815e-02 
-6.83028573e-01  1.94898793e-02 
-6.75072264e-01  1.95044771e-02 
-6.67115955e-01  1.95190749e-02 
-6.59159647e-01  1.95336727e-02 
-6.51203338e-01  1.95482705e-02 
-6.43247029e-01  1.95628683e-02 
-6.35290721e-01  1.95774661e-02 
-6.27334412e-01  1.95920639e-02 
-6.19378103e-01  1.96066617e-02 
-6.11421794e-01  1.96212595e-02 
-6.03465486e-01  1.96358573e-02 
-5.95509177e-01  1.96504551e-02 
-5.87552868e-01  1.96650529e-02 
-5.79596560e-01  1.96796507e-02 
-5.71640251e-01  1.96942484e-02 
-5.63683942e-01  1.97088462e-02 
-5.55727633e-01  1.97234440e-02 
-5.47771325e-01  1.97380418e-02 
-5.39815016e-01  1.97526396e-02 
-5.31858707e-01  1.97672374e-02 
-5.23902399e-01  1.97818352e-02 
-5.15946090e-01  1.97964330e-02 
-5.07989781e-01  1.98110308e-02 
-5.00033473e-01  1.98256286e-02 
-4.92077164e-01  1.98402264e-02 
-4.84120855e-01  1.98548242e-02 
-4.76164546e-01  1.98694220e-02 
-4.68208238e-01  1.98840198e-02 
-4.60251929e-01  1.98986176e-02 
-4.52295620e-01  1.99132154e-02 
-4.44339312e-01  1.99278132e-02 
-4.36383003e-01  1.99424110e-02 
-4.28426694e-01  1.99570088e-02 
-4.20470386e-01  1.99716065e-02 
-4.12514077e-01  1.99862043e-02 
-4.04557768e-01  2.00008021e-02 
-3.96601459e-01  2.00153999e-02 
-3.88645151e-01  2.00299977e-02 
-3.80688842e-01  2.00445955e-02 
-3.72732533e-01  2.00591933e-02 
-3.64776225e-01  2.00737911e-02 
-3.56819916e-01  2.00883889e-02 
-3.48863607e-01  2.01029867e-02 
-3.40907299e-01  2.01175845e-02 
-3.32950990e-01  2.01321823e-02 
-3.24994681e-01  2.01467801e-02 
-3.17038372e-01  2.01613779e-02 
-3.09082064e-01  2.01759757e-02 
-3.01125755e-01  2.01905735e-02 
-2.93169446e-01  2.02051713e-02 
-2.85213138e-01  2.02197691e-02 
-2.77256829e-01  2.02343669e-02 
-2.69300520e-01  2.02489647e-02 
-2.61344211e-01  2.02635624e-02 
-2.53387903e-01  2.02781602e-02 
-2.45431594e-01  2.02927580e-02 
-2.37475285e-01  2.03073558e-02 
-2.29518977e-01  2.03219536e-02 
-2.21562668e-01  2.03365514e-02 
-2.13606359e-01  2.03511492e-02 
-2.05650051e-01  2.03657470e-02 
-1.97693742e-01  2.03803448e-02 
-1.89737433e-01  2.03949426e-02 
-1.81781124e-01  2.04095404e-02 
-1.73824816e-01  2.04241382e-02 
-1.65868507e-01  2.04387360e-02 
-1.57912198e-01  2.04533338e-02 
-1.49955890e-01  2.04679316e-02 
-1.41999581e-01  2.04825294e-02 
-1.34043272e-01  2.04971272e-02 
-1.26086964e-01  2.05117250e-02 
-1.18130655e-01  2.05263228e-02 
-1.10174346e-01  2.05409206e-02 
-1.02218037e-01  2.05555183e-02 
-9.42617288e-02  2.05701161e-02 
-8.63054200e-02  2.05847139e-02 
-7.83491113e-02  2.05993117e-02 
-7.03928026e-02  2.06139095e-02 
-6.24364939e-02  2.06285073e-02 
-5.44801852e-02  2.06431051e-02 
-4.65238765e-02  2.06577029e-02 
-3.85675678e-02  2.06723007e-02 
-3.06112591e-02  2.06868985e-02 
-2.26549504e-02  2.07014963e-02 
-1.46986417e-02  2.07160941e-02 
-6.74233303e-03  2.07306919e-02 
 1.21397568e-03  2.07452897e-02 
 9.17028438e-03  2.07598875e-02 
 1.71265931e-02  2.07744853e-02 
 2.50829018e-02  2.07890831e-02 
 3.30392105e-02  2.08036809e-02 
 4.09955192e-02  2.08182787e-02 
 4.89518279e-02  2.08328765e-02 
 5.69081366e-02  2.08474742e-02 
 6.48644453e-02  2.08620720e-02 
 7.28207540e-02  2.08766698e-02 
 8.07770627e-02  2.08912676e-02 
 8.87333714e-02  2.09058654e-02 
 9.66896801e-02  2.09204632e-02 
 1.04645989e-01  2.09350610e-02 
 1.12602298e-01  2.09496588e-02 
 1.20558606e-01  2.09642566e-02 
 1.28514915e-01  2.09788544e-02 
 1.36471224e-01  2.09934522e-02 
 1.44427532e-01  2.10080500e-02 
 1.52383841e-01  2.10226478e-02 
 1.60340150e-01  2.10372456e-02 
 1.68296458e-01  2.10518434e-02 
 1.76252767e-01  2.10664412e-02 
 1.84209076e-01  2.10810390e-02 
 1.92165385e-01  2.10956368e-02 
 2.00121693e-01  2.11102346e-02 
 2.08078002e-01  2.11248324e-02 
 2.16034311e-01  2.11394301e-02 
 2.23990619e-01  2.11540279e-02 
 2.31946928e-01  2.11686257e-02 
 2.39903237e-01  2.11832235e-02 
 2.47859545e-01  2.11978213e-02 
 2.55815854e-01  2.12124191e-02 
 2.63772163e-01  2.12270169e-02 
 2.71728472e-01  2.12416147e-02 
 2.79684780e-01  2.12562125e-02 
 2.87641089e-01  2.12708103e-02 
 2.95597398e-01  2.12854081e-02 
 3.03553706e-01  2.13000059e-02 
 3.11510015e-01  2.13146037e-02 
 3.19466324e-01  2.13292015e-02 
 3.27422632e-01  2.13437993e-02 
 3.35378941e-01  2.13583971e-02 
 3.43335250e-01  2.13729949e-02 
 3.51291559e-01  2.13875927e-02 
 3.59247867e-01  2.14021905e-02 
 3.67204176e-01  2.14167883e-02 
 3.75160485e-01  2.14313860e-02 
 3.83116793e-01  2.14459838e-02 
 3.91073102e-01  2.14605816e-02 
 3.99029411e-01  2.14751794e-02 
 4.06985719e-01  2.14897772e-02 
 4.14942028e-01  2.15043750e-02 
 4.22898337e-01  2.15189728e-02 
 4.30854646e-01  2.15335706e-02 
 4.38810954e-01  2.15481684e-02 
 4.46767263e-01  2.15627662e-02 
 4.54723572e-01  2.15773640e-02 
 4.62679880e-01  2.15919618e-02 
 4.70636189e-01  2.16065596e-02 
 4.78592498e-01  2.16211574e-02 
 4.86548807e-01  2.16357552e-02 
 4.94505115e-01  2.16503530e-02 
 5.02461424e-01  2.16649508e-02 
 5.10417733e-01  2.16795486e-02 
 5.18374041e-01  2.16941464e-02 
 5.26330350e-01  2.17087442e-02 
 5.34286659e-01  2.17233419e-02 
 5.42242967e-01  2.17379397e-02 
 5.50199276e-01  2.17525375e-02 
 5.58155585e-01  2.17671353e-02 
 5.66111894e-01  2.17817331e-02 
 5.74068202e-01  2.17963309e-02 
 5.82024511e-01  2.18109287e-02 
 5.89980820e-01  2.18255265e-02 
 5.97937128e-01  2.18401243e-02 
 6.05893437e-01  2.18547221e-02 
 6.13849746e-01  2.18693199e-02 
 6.21806054e-01  2.18839177e-02 
 6.29762363e-01  2.18985155e-02 
 6.37718672e-01  2.19131133e-02 
 6.45674981e-01  2.19277111e-02 
 6.53631289e-01  2.19423089e-02 
 6.61587598e-01  2.19569067e-02 
 6.69543907e-01  2.19715045e-02 
 6.77500215e-01  2.19861023e-02 
 6.85456524e-01  2.20007001e-02 
 6.93412833e-01  2.20152978e-02 
 7.01369141e-01  2.20298956e-02 
 7.09325450e-01  2.20444934e-02 
 7.17281759e-01  2.20590912e-02 
 7.25238068e-01  2.20736890e-02 
 7.33194376e-01  2.20882868e-02 
 7.41150685e-01  2.21028846e-02 
 7.49106994e-01  2.21174824e-02 
 7.57063302e-01  2.21320802e-02 
 7.65019611e-01  2.21466780e-02 
 7.72975920e-01  2.21612758e-02 
 7.80932228e-01  2.21758736e-02 
 7.88888537e-01  2.21904714e-02 
 7.96844846e-01  2.22050692e-02 
 8.04801155e-01  2.22196670e-02 
 8.12757463e-01  2.22342648e-02 
 8.20713772e-01  2.22488626e-02 
 8.28670081e-01  2.22634604e-02 
 8.36626389e-01  2.22780582e-02 
 8.44582698e-01  2.22926560e-02 
 8.52539007e-01  2.23072537e-02 
 8.60495315e-01  2.23218515e-02 
 8.68451624e-01  2.23364493e-02 
 8.76407933e-01  2.23510471e-02 
 8.84364242e-01  2.23656449e-02 
 8.92320550e-01  2.23802427e-02 
 9.00276859e-01  2.23948405e-02 
 9.08233168e-01  2.24094383e-02 
 9.16189476e-01  2.24240361e-02 
 9.24145785e-01  2.24386339e-02 
 9.32102094e-01  2.24532317e-02 
 9.40058403e-01  2.24678295e-02 
 9.48014711e-01  2.24824273e-02 
 9.55971020e-01  2.24970251e-02 
 9.63927329e-01  2.25116229e-02 
 9.71883637e-01  2.25262207e-02 
 9.79839946e-01  2.25408185e-02 
 9.87796255e-01  2.25554163e-02 
 9.95752563e-01  2.25700141e-02 
 1.00370887e+00  2.25846119e-02 
 1.01166518e+00  2.25992096e-02 
 1.01962149e+00  2.26138074e-02 
 1.02757780e+00  2.26284052e-02 
 1.03553411e+00  2.26430030e-02 
 1.04349042e+00  2.26576008e-02 
 1.05144672e+00  2.26721986e-02 
 1.05940303e+00  2.26867964e-02 
 1.06735934e+00  2.27013942e-02 
 1.07531565e+00  2.27159920e-02 
 1.08327196e+00  2.27305898e-02 
 1.09122827e+00  2.27451876e-02 
 1.09918458e+00  2.27597854e-02 
 1.10714089e+00  2.27743832e-02 
 1.11509719e+00  2.27889810e-02 
 1.12305350e+00  2.28035788e-02 
 1.13100981e+00  2.28181766e-02 
 1.13896612e+00  2.28327744e-02 
 1.14692243e+00  2.28473722e-02 
 1.15487874e+00  2.28619700e-02 
 1.16283505e+00  2.28765678e-02 
 1.17079135e+00  2.28911655e-02 
 1.17874766e+00  2.29057633e-02 
 1.18670397e+00  2.29203611e-02 
 1.19466028e+00  2.29349589e-02 
 1.20261659e+00  2.29495567e-02 
 1.21057290e+00  2.29641545e-02 
 1.21852921e+00  2.29787523e-02 
 1.22648552e+00  2.29933501e-02 
 1.23444182e+00  2.30079479e-02 
 1.24239813e+00  2.30225457e-02 
 1.25035444e+00  2.30371435e-02 
 1.25831075e+00  2.30517413e-02 
 1.26626706e+00  2.30663391e-02 
 1.27422337e+00  2.30809369e-02 
 1.28217968e+00  2.30955347e-02 
 1.29013599e+00  2.31101325e-02 
 1.29809229e+00  2.31247303e-02 
 1.30604860e+00  2.31393281e-02 
 1.31400491e+00  2.31539259e-02 
 1.32196122e+00  2.31685237e-02 
 1.32991753e+00  2.31831214e-02 
 1.33787384e+00  2.31977192e-02 
 1.34583015e+00  2.32123170e-02 
 1.35378646e+00  2.32269148e-02 
 1.36174276e+00  2.32415126e-02 
 1.36969907e+00  2.32561104e-02 
 1.37765538e+00  2.32707082e-02 
 1.38561169e+00  2.32853060e-02 
 1.39356800e+00  2.32999038e-02 
 1.40152431e+00  2.33145016e-02 
 1.40948062e+00  2.33290994e-02 
 1.41743692e+00  2.33436972e-02 
 1.42539323e+00  2.33582950e-02 
 1.43334954e+00  2.33728928e-02 
 1.44130585e+00  2.33874906e-02 
 1.44926216e+00  2.34020884e-02 
 1.45721847e+00  2.34166862e-02 
 1.46517478e+00  2.34312840e-02 
 1.47313109e+00  2.34458818e-02 
 1.48108739e+00  2.34604796e-02 
 1.48904370e+00  2.34750773e-02 
 1.49700001e+00  2.34896751e-02 
 1.50495632e+00  2.35042729e-02 
 1.51291263e+00  2.35188707e-02 
 1.52086894e+00  2.35334685e-02 
 1.52882525e+00  2.35480663e-02 
 1.53678156e+00  2.35626641e-02 
 1.54473786e+00  2.35772619e-02 
 1.55269417e+00  2.35918597e-02 
 1.56065048e+00  2.36064575e-02 
 1.56860679e+00  2.36210553e-02 
 1.57656310e+00  2.36356531e-02 
 1.58451941e+00  2.36502509e-02 
 1.59247572e+00  2.36648487e-02 
 1.60043202e+00  2.36794465e-02 
 1.60838833e+00  2.36940443e-02 
 1.61634464e+00  2.37086421e-02 
 1.62430095e+00  2.37232399e-02 
 1.63225726e+00  2.37378377e-02 
 1.64021357e+00  2.37524355e-02 
 1.64816988e+00  2.37670332e-02 
 1.65612619e+00  2.37816310e-02 
 1.66408249e+00  2.37962288e-02 
 1.67203880e+00  2.38108266e-02 
 1.67999511e+00  2.38254244e-02 
 1.68795142e+00  2.38400222e-02 
 1.69590773e+00  2.38546200e-02 
 1.70386404e+00  2.38692178e-02 
 1.71182035e+00  2.38838156e-02 
 1.71977666e+00  2.38984134e-02 
 1.72773296e+00  2.39130112e-02 
 1.73568927e+00  2.39276090e-02 
 1.74364558e+00  2.39422068e-02 
 1.75160189e+00  2.39568046e-02 
 1.75955820e+00  2.39714024e-02 
 1.76751451e+00  2.39860002e-02 
 1.77547082e+00  2.40005980e-02 
 1.78342712e+00  2.40151958e-02 
 1.79138343e+00  2.40297936e-02 
 1.79933974e+00  2.40443914e-02 
 1.80729605e+00  2.40589891e-02 
 1.81525236e+00  2.40735869e-02 
 1.82320867e+00  2.40881847e-02 
 1.83116498e+00  2.41027825e-02 
 1.83912129e+00  2.41173803e-02 
 1.84707759e+00  2.41319781e-02 
 1.85503390e+00  2.41465759e-02 
 1.86299021e+00  2.41611737e-02 
 1.87094652e+00  2.41757715e-02 
 1.87890283e+00  2.41903693e-02 
 1.88685914e+00  2.42049671e-02 
 1.89481545e+00  2.42195649e-02 
 1.90277176e+00  2.42341627e-02 
 1.91072806e+00  2.42487605e-02 
 1.91868437e+00  2.42633583e-02 
 1.92664068e+00  2.42779561e-02 
 1.93459699e+00  2.42925539e-02 
 1.94255330e+00  2.43071517e-02 
 1.95050961e+00  2.43217495e-02 
 1.95846592e+00  2.43363473e-02 
 1.96642223e+00  2.43509450e-02 
 1.97437853e+00  2.43655428e-02 
 1.98233484e+00  2.43801406e-02 
 1.99029115e+00  2.43947384e-02 
 1.99824746e+00  2.44093362e-02 
 2.00620377e+00  2.44239340e-02 
 2.01416008e+00  2.44385318e-02 
 2.02211639e+00  2.44531296e-02 
 2.03007269e+00  2.44677274e-02 
 2.03802900e+00  2.44823252e-02 
 2.04598531e+00  2.44969230e-02 
 2.05394162e+00  2.45115208e-02 
 2.06189793e+00  2.45261186e-02 
 2.06985424e+00  2.45407164e-02 
 2.07781055e+00  2.45553142e-02 
 2.08576686e+00  2.45699120e-02 
 2.09372316e+00  2.45845098e-02 
 2.10167947e+00  2.45991076e-02 
 2.10963578e+00  2.46137054e-02 
 2.11759209e+00  2.46283032e-02 
 2.12554840e+00  2.46429009e-02 
 2.13350471e+00  2.46574987e-02 
 2.14146102e+00  2.46720965e-02 
 2.14941733e+00  2.46866943e-02 
 2.15737363e+00  2.47012921e-02 
 2.16532994e+00  2.47158899e-02 
 2.17328625e+00  2.47304877e-02 
 2.18124256e+00  2.47450855e-02 
 2.18919887e+00  2.47596833e-02 
 2.19715518e+00  2.47742811e-02 
 2.20511149e+00  2.47888789e-02 
 2.21306779e+00  2.48034767e-02 
 2.22102410e+00  2.48180745e-02 
 2.22898041e+00  2.48326723e-02 
 2.23693672e+00  2.48472701e-02 
 2.24489303e+00  2.48618679e-02 
 2.25284934e+00  2.48764657e-02 
 2.26080565e+00  2.48910635e-02 
 2.26876196e+00  2.49056613e-02 
 2.27671826e+00  2.49202591e-02 
 2.28467457e+00  2.49348568e-02 
 2.29263088e+00  2.49494546e-02 
 2.30058719e+00  2.49640524e-02 
 2.30854350e+00  2.49786502e-02 
 2.31649981e+00  2.49932480e-02 
 2.32445612e+00  2.50078458e-02 
 2.33241243e+00  2.50224436e-02 
 2.34036873e+00  2.50370414e-02 
 2.34832504e+00  2.50516392e-02 
 2.35628135e+00  2.50662370e-02 
 2.36423766e+00  2.50808348e-02 
 2.37219397e+00  2.50954326e-02 
 2.38015028e+00  2.51100304e-02 
 2.38810659e+00  2.51246282e-02 
 2.39606289e+00  2.51392260e-02 
 2.40401920e+00  2.51538238e-02 
 2.41197551e+00  2.51684216e-02 
 2.41993182e+00  2.51830194e-02 
 2.42788813e+00  2.51976172e-02 
 2.43584444e+00  2.52122150e-02 
 2.44380075e+00  2.52268127e-02 
 2.45175706e+00  2.52414105e-02 
 2.45971336e+00  2.52560083e-02 
 2.46766967e+00  2.52706061e-02 
 2.47562598e+00  2.52852039e-02 
 2.48358229e+00  2.52998017e-02 
 2.49153860e+00  2.53143995e-02 
 2.49949491e+00  2.53289973e-02 
 2.50745122e+00  2.53435951e-02 
 2.51540753e+00  2.53581929e-02 
 2.52336383e+00  2.53727907e-02 
 2.53132014e+00  2.53873885e-02 
 2.53927645e+00  2.54019863e-02 
 2.54723276e+00  2.54165841e-02 
 2.55518907e+00  2.54311819e-02 
 2.56314538e+00  2.54457797e-02 
 2.57110169e+00  2.54603775e-02 
 2.57905800e+00  2.54749753e-02 
 2.58701430e+00  2.54895731e-02 
 2.59497061e+00  2.55041708e-02 
 2.60292692e+00  2.55187686e-02 
 2.61088323e+00  2.55333664e-02 
 2.61883954e+00  2.55479642e-02 
 2.62679585e+00  2.55625620e-02 
 2.63475216e+00  2.55771598e-02 
 2.64270846e+00  2.55917576e-02 
 2.65066477e+00  2.56063554e-02 
 2.65862108e+00  2.56209532e-02 
 2.66657739e+00  2.56355510e-02 
 2.67453370e+00  2.56501488e-02 
 2.68249001e+00  2.56647466e-02 
 2.69044632e+00  2.56793444e-02 
 2.69840263e+00  2.56939422e-02 
 2.70635893e+00  2.57085400e-02 
 2.71431524e+00  2.57231378e-02 
 2.72227155e+00  2.57377356e-02 
 2.73022786e+00  2.57523334e-02 
 2.73818417e+00  2.57669312e-02 
 2.74614048e+00  2.57815290e-02 
 2.75409679e+00  2.57961267e-02 
 2.76205310e+00  2.58107245e-02 
 2.77000940e+00  2.58253223e-02 
 2.77796571e+00  2.58399201e-02 
 2.78592202e+00  2.58545179e-02 
 2.79387833e+00  2.58691157e-02 
 2.80183464e+00  2.58837135e-02 
 2.80979095e+00  2.58983113e-02 
 2.81774726e+00  2.59129091e-02 
 2.82570356e+00  2.59275069e-02 
 2.83365987e+00  2.59421047e-02 
 2.84161618e+00  2.59567025e-02 
 2.84957249e+00  2.59713003e-02 
 2.85752880e+00  2.59858981e-02 
 2.86548511e+00  2.60004959e-02 
 2.87344142e+00  2.60150937e-02 
 2.88139773e+00  2.60296915e-02 
 2.88935403e+00  2.60442893e-02 
 2.89731034e+00  2.60588871e-02 
 2.90526665e+00  2.60734849e-02 
 2.91322296e+00  2.60880826e-02 
 2.92117927e+00  2.61026804e-02 
 2.92913558e+00  2.61172782e-02 
 2.93709189e+00  2.61318760e-02 
 2.94504820e+00  2.61464738e-02 
 2.95300450e+00  2.61610716e-02 
 2.96096081e+00  2.61756694e-02 
 2.96891712e+00  2.61902672e-02 
 2.97687343e+00  2.62048650e-02 
 2.98482974e+00  2.62194628e-02 
 2.99278605e+00  2.62340606e-02 
 3.00074236e+00  2.62486584e-02 
 3.00869866e+00  2.62632562e-02 
 3.01665497e+00  2.62778540e-02 
 3.02461128e+00  2.62924518e-02 
 3.03256759e+00  2.63070496e-02 
 3.04052390e+00  2.63216474e-02 
 3.04848021e+00  2.63362452e-02 
 3.05643652e+00  2.63508430e-02 
 3.06439283e+00  2.63654408e-02 
 3.07234913e+00  2.63800385e-02 
 3.08030544e+00  2.63946363e-02 
 3.08826175e+00  2.64092341e-02 
 3.09621806e+00  2.64238319e-02 
 3.10417437e+00  2.64384297e-02 
 3.11213068e+00  2.64530275e-02 
 3.12008699e+00  2.64676253e-02 
 3.12804330e+00  2.64822231e-02 
 3.13599960e+00  2.64968209e-02 
 3.14395591e+00  2.65114187e-02 
 3.15191222e+00  2.65260165e-02 
 3.15986853e+00  2.65406143e-02 
 3.16782484e+00  2.65552121e-02 
 3.17578115e+00  2.65698099e-02 
 3.18373746e+00  2.65844077e-02 
 3.19169376e+00  2.65990055e-02 
 3.19965007e+00  2.66136033e-02 
 3.20760638e+00  2.66282011e-02 
 3.21556269e+00  2.66427989e-02 
 3.22351900e+00  2.66573967e-02 
 3.23147531e+00  2.66719944e-02 
 3.23943162e+00  2.66865922e-02 
 3.24738793e+00  2.67011900e-02 
 3.25534423e+00  2.67157878e-02 
 3.26330054e+00  2.67303856e-02 
 3.27125685e+00  2.67449834e-02 
 3.27921316e+00  2.67595812e-02 
 3.28716947e+00  2.67741790e-02 
 3.29512578e+00  2.67887768e-02 
 3.30308209e+00  2.68033746e-02 
 3.31103840e+00  2.68179724e-02 
 3.31899470e+00  2.68325702e-02 
 3.32695101e+00  2.68471680e-02 
 3.33490732e+00  2.68617658e-02 
 3.34286363e+00  2.68763636e-02 
 3.35081994e+00  2.68909614e-02 
 3.35877625e+00  2.69055592e-02 
 3.36673256e+00  2.69201570e-02 
 3.37468887e+00  2.69347548e-02 
 3.38264517e+00  2.69493526e-02 
 3.39060148e+00  2.69639503e-02 
 3.39855779e+00  2.69785481e-02 
 3.40651410e+00  2.69931459e-02 
 3.41447041e+00  2.70077437e-02 
 3.42242672e+00  2.70223415e-02 
 3.43038303e+00  2.70369393e-02 
 3.43833933e+00  2.70515371e-02 
 3.44629564e+00  2.70661349e-02 
 3.45425195e+00  2.70807327e-02 
 3.46220826e+00  2.70953305e-02 
 3.47016457e+00  2.71099283e-02 
 3.47812088e+00  2.71245261e-02 
 3.48607719e+00  2.71391239e-02 
 3.49403350e+00  2.71537217e-02 
 3.50198980e+00  2.71683195e-02 
 3.50994611e+00  2.71829173e-02 
 3.51790242e+00  2.71975151e-02 
 3.52585873e+00  2.72121129e-02 
 3.53381504e+00  2.72267107e-02 
 3.54177135e+00  2.72413085e-02 
 3.54972766e+00  2.72559062e-02 
 3.55768397e+00  2.72705040e-02 
 3.56564027e+00  2.72851018e-02 
 3.57359658e+00  2.72996996e-02 
 3.58155289e+00  2.73142974e-02 
 3.58950920e+00  2.73288952e-02 
 3.59746551e+00  2.73434930e-02 
 3.60542182e+00  2.73580908e-02 
 3.61337813e+00  2.73726886e-02 
 3.62133443e+00  2.73872864e-02 
 3.62929074e+00  2.74018842e-02 
 3.63724705e+00  2.74164820e-02 
 3.64520336e+00  2.74310798e-02 
 3.65315967e+00  2.74456776e-02 
 3.66111598e+00  2.74602754e-02 
 3.66907229e+00  2.74748732e-02 
 3.67702860e+00  2.74894710e-02 
 3.68498490e+00  2.75040688e-02 
 3.69294121e+00  2.75186666e-02 
 3.70089752e+00  2.75332644e-02 
 3.70885383e+00  2.75478621e-02 
 3.71681014e+00  2.75624599e-02 
 3.72476645e+00  2.75770577e-02 
 3.73272276e+00  2.75916555e-02 
 3.74067907e+00  2.76062533e-02 
 3.74863537e+00  2.76208511e-02 
 3.75659168e+00  2.76354489e-02 
 3.76454799e+00  2.76500467e-02 
 3.77250430e+00  2.76646445e-02 
 3.78046061e+00  2.76792423e-02 
 3.78841692e+00  2.76938401e-02 
 3.79637323e+00  2.77084379e-02 
 3.80432953e+00  2.77230357e-02 
 3.81228584e+00  2.77376335e-02 
 3.82024215e+00  2.77522313e-02 
 3.82819846e+00  2.77668291e-02 
 3.83615477e+00  2.77814269e-02 
 3.84411108e+00  2.77960247e-02 
 3.85206739e+00  2.78106225e-02 
 3.86002370e+00  2.78252203e-02 
 3.86798000e+00  2.78398180e-02 
 3.87593631e+00  2.78544158e-02 
 3.88389262e+00  2.78690136e-02 
 3.89184893e+00  2.78836114e-02 
 3.89980524e+00  2.78982092e-02 
 3.90776155e+00  2.79128070e-02 
 3.91571786e+00  2.79274048e-02 
 3.92367417e+00  2.79420026e-02 
 3.93163047e+00  2.79566004e-02 
 3.93958678e+00  2.79711982e-02 
 3.94754309e+00  2.79857960e-02 
 3.95549940e+00  2.80003938e-02 
 3.96345571e+00  2.80149916e-02 
 3.97141202e+00  2.80295894e-02 
 3.97936833e+00  2.80441872e-02 
 3.98732464e+00  2.80587850e-02 
 3.99528094e+00  2.80733828e-02 
 4.00323725e+00  2.80879806e-02 
 4.01119356e+00  2.81025784e-02 
 4.01914987e+00  2.81171762e-02 
 4.02710618e+00  2.81317739e-02 
 4.03506249e+00  2.81463717e-02 
 4.04301880e+00  2.81609695e-02 
 4.05097510e+00  2.81755673e-02 
 4.05893141e+00  2.81901651e-02 
 4.06688772e+00  2.82047629e-02 
 4.07484403e+00  2.82193607e-02 
 4.08280034e+00  2.82339585e-02 
 4.09075665e+00  2.82485563e-02 
 4.09871296e+00  2.82631541e-02 
 4.10666927e+00  2.82777519e-02 
 4.11462557e+00  2.82923497e-02 
 4.12258188e+00  2.83069475e-02 
 4.13053819e+00  2.83215453e-02 
 4.13849450e+00  2.83361431e-02 
 4.14645081e+00  2.83507409e-02 
 4.15440712e+00  2.83653387e-02 
 4.16236343e+00  2.83799365e-02 
 4.17031974e+00  2.83945343e-02 
 4.17827604e+00  2.84091321e-02 
 4.18623235e+00  2.84237298e-02 
 4.19418866e+00  2.84383276e-02 
 4.20214497e+00  2.84529254e-02 
 4.21010128e+00  2.84675232e-02 
 4.21805759e+00  2.84821210e-02 
 4.22601390e+00  2.84967188e-02 
 4.23397020e+00  2.85113166e-02 
 4.24192651e+00  2.85259144e-02 
 4.24988282e+00  2.85405122e-02 
 4.25783913e+00  2.85551100e-02 
 4.26579544e+00  2.85697078e-02 
 4.27375175e+00  2.85843056e-02 
 4.28170806e+00  2.85989034e-02 
 4.28966437e+00  2.86135012e-02 
 4.29762067e+00  2.86280990e-02 
 4.30557698e+00  2.86426968e-02 
 4.31353329e+00  2.86572946e-02 
 4.32148960e+00  2.86718924e-02 
 4.32944591e+00  2.86864902e-02 
 4.33740222e+00  2.87010880e-02 
 4.34535853e+00  2.87156857e-02 
 4.35331484e+00  2.87302835e-02 
 4.36127114e+00  2.87448813e-02 
 4.36922745e+00  2.87594791e-02 
 4.37718376e+00  2.87740769e-02 
 4.38514007e+00  2.87886747e-02 
 4.39309638e+00  2.88032725e-02 
 4.40105269e+00  2.88178703e-02 
 4.40900900e+00  2.88324681e-02 
 4.41696530e+00  2.88470659e-02 
 4.42492161e+00  2.88616637e-02 
 4.43287792e+00  2.88762615e-02 
 4.44083423e+00  2.88908593e-02 
 4.44879054e+00  2.89054571e-02 
 4.45674685e+00  2.89200549e-02 
 4.46470316e+00  2.89346527e-02 
 4.47265947e+00  2.89492505e-02 
 4.48061577e+00  2.89638483e-02 
 4.48857208e+00  2.89784461e-02 
 4.49652839e+00  2.89930439e-02 
 4.50448470e+00  2.90076416e-02 
 4.51244101e+00  2.90222394e-02 
 4.52039732e+00  2.90368372e-02 
 4.52835363e+00  2.90514350e-02 
 4.53630994e+00  2.90660328e-02 
 4.54426624e+00  2.90806306e-02 
 4.55222255e+00  2.90952284e-02 
 4.56017886e+00  2.91098262e-02 
 4.56813517e+00  2.91244240e-02 
 4.57609148e+00  2.91390218e-02 
 4.58404779e+00  2.91536196e-02 
 4.59200410e+00  2.91682174e-02 
 4.59996040e+00  2.91828152e-02 
 4.60791671e+00  2.91974130e-02 
 4.61587302e+00  2.92120108e-02 
 4.62382933e+00  2.92266086e-02 
 4.63178564e+00  2.92412064e-02 
 4.63974195e+00  2.92558042e-02 
 4.64769826e+00  2.92704020e-02 
 4.65565457e+00  2.92849998e-02 
 4.66361087e+00  2.92995975e-02 
 4.67156718e+00  2.93141953e-02 
 4.67952349e+00  2.93287931e-02 
 4.68747980e+00  2.93433909e-02 
 4.69543611e+00  2.93579887e-02 
 4.70339242e+00  2.93725865e-02 
 4.71134873e+00  2.93871843e-02 
 4.71930504e+00  2.94017821e-02 
 4.72726134e+00  2.94163799e-02 
 4.73521765e+00  2.94309777e-02 
 4.74317396e+00  2.94455755e-02 
 4.75113027e+00  2.94601733e-02 
 4.75908658e+00  2.94747711e-02 
 4.76704289e+00  2.94893689e-02 
 4.77499920e+00  2.95039667e-02 
 4.78295551e+00  2.95185645e-02 
 4.79091181e+00  2.95331623e-02 
 4.79886812e+00  2.95477601e-02 
 4.80682443e+00  2.95623579e-02 
 4.81478074e+00  2.95769557e-02 
 4.82273705e+00  2.95915534e-02 
 4.83069336e+00  2.96061512e-02 
 4.83864967e+00  2.96207490e-02 
 4.84660597e+00  2.96353468e-02 
 4.85456228e+00  2.96499446e-02 
 4.86251859e+00  2.96645424e-02 
 4.87047490e+00  2.96791402e-02 
 4.87843121e+00  2.96937380e-02 
 4.88638752e+00  2.97083358e-02 
 4.89434383e+00  2.97229336e-02 
 4.90230014e+00  2.97375314e-02 
 4.91025644e+00  2.97521292e-02 
 4.91821275e+00  2.97667270e-02 
 4.92616906e+00  2.97813248e-02 
 4.93412537e+00  2.97959226e-02 
 4.94208168e+00  2.98105204e-02 
 4.95003799e+00  2.98251182e-02 
 4.95799430e+00  2.98397160e-02 
 4.96595061e+00  2.98543138e-02 
 4.97390691e+00  2.98689116e-02 
 4.98186322e+00  2.98835093e-02 
 4.98981953e+00  2.98981071e-02 
 4.99777584e+00  2.99127049e-02 
 5.00573215e+00  2.99273027e-02 
 5.01368846e+00  2.99419005e-02 
 5.02164477e+00  2.99564983e-02 
 5.02960107e+00  2.99710961e-02 
 5.03755738e+00  2.99856939e-02 
 5.04551369e+00  3.00002917e-02 
 5.05347000e+00  3.00148895e-02 
 5.06142631e+00  3.00294873e-02 
 5.06938262e+00  3.00440851e-02 
 5.07733893e+00  3.00586829e-02 
 5.08529524e+00  3.00732807e-02 
 5.09325154e+00  3.00878785e-02 
 5.10120785e+00  3.01024763e-02 
 5.10916416e+00  3.01170741e-02 
 5.11712047e+00  3.01316719e-02 
 5.12507678e+00  3.01462697e-02 
 5.13303309e+00  3.01608675e-02 
 5.14098940e+00  3.01754652e-02 
 5.14894571e+00  3.01900630e-02 
 5.15690201e+00  3.02046608e-02 
 5.16485832e+00  3.02192586e-02 
 5.17281463e+00  3.02338564e-02 
 5.18077094e+00  3.02484542e-02 
 5.18872725e+00  3.02630520e-02 
 5.19668356e+00  3.02776498e-02 
 5.20463987e+00  3.02922476e-02 
 5.21259617e+00  3.03068454e-02 
 5.22055248e+00  3.03214432e-02 
 5.22850879e+00  3.03360410e-02 
 5.23646510e+00  3.03506388e-02 
 5.24442141e+00  3.03652366e-02 
 5.25237772e+00  3.03798344e-02 
 5.26033403e+00  3.03944322e-02 
 5.26829034e+00  3.04090300e-02 
 5.27624664e+00  3.04236278e-02 
 5.28420295e+00  3.04382256e-02 
 5.29215926e+00  3.04528234e-02 
 5.30011557e+00  3.04674211e-02 
 5.30807188e+00  3.04820189e-02 
 5.31602819e+00  3.04966167e-02 
 5.32398450e+00  3.05112145e-02 
 5.33194081e+00  3.05258123e-02 
 5.33989711e+00  3.05404101e-02 
 5.34785342e+00  3.05550079e-02 
 5.35580973e+00  3.05696057e-02 
 5.36376604e+00  3.05842035e-02 
 5.37172235e+00  3.05988013e-02 
 5.37967866e+00  3.06133991e-02 
 5.38763497e+00  3.06279969e-02 
 5.39559128e+00  3.06425947e-02 
 5.40354758e+00  3.06571925e-02 
 5.41150389e+00  3.06717903e-02 
 5.41946020e+00  3.06863881e-02 
 5.42741651e+00  3.07009859e-02 
 5.43537282e+00  3.07155837e-02 
 5.44332913e+00  3.07301815e-02 
 5.45128544e+00  3.07447793e-02 
 5.45924174e+00  3.07593770e-02 
 5.46719805e+00  3.07739748e-02 
 5.47515436e+00  3.07885726e-02 
 5.48311067e+00  3.08031704e-02 
 5.49106698e+00  3.08177682e-02 
 5.49902329e+00  3.08323660e-02 
 5.50697960e+00  3.08469638e-02 
 5.51493591e+00  3.08615616e-02 
 5.52289221e+00  3.08761594e-02 
 5.53084852e+00  3.08907572e-02 
 5.53880483e+00  3.09053550e-02 
 5.54676114e+00  3.09199528e-02 
 5.55471745e+00  3.09345506e-02 
 5.56267376e+00  3.09491484e-02 
 5.57063007e+00  3.09637462e-02 
 5.57858638e+00  3.09783440e-02 
 5.58654268e+00  3.09929418e-02 
 5.59449899e+00  3.10075396e-02 
 5.60245530e+00  3.10221374e-02 
 5.61041161e+00  3.10367352e-02 
 5.61836792e+00  3.10513329e-02 
 5.62632423e+00  3.10659307e-02 
 5.63428054e+00  3.10805285e-02 
 5.64223684e+00  3.10951263e-02 
 5.65019315e+00  3.11097241e-02 
 5.65814946e+00  3.11243219e-02 
 5.66610577e+00  3.11389197e-02 
 5.67406208e+00  3.11535175e-02 
 5.68201839e+00  3.11681153e-02 
 5.68997470e+00  3.11827131e-02 
 5.69793101e+00  3.11973109e-02 
 5.70588731e+00  3.12119087e-02 
 5.71384362e+00  3.12265065e-02 
 5.72179993e+00  3.12411043e-02 
 5.72975624e+00  3.12557021e-02 
 5.73771255e+00  3.12702999e-02 
 5.74566886e+00  3.12848977e-02 
 5.75362517e+00  3.12994955e-02 
 5.76158148e+00  3.13140933e-02 
 5.76953778e+00  3.13286911e-02 
 5.77749409e+00  3.13432888e-02 
 5.78545040e+00  3.13578866e-02 
 5.79340671e+00  3.13724844e-02 
 5.80136302e+00  3.13870822e-02 
 5.80931933e+00  3.14016800e-02 
 5.81727564e+00  3.14162778e-02 
 5.82523194e+00  3.14308756e-02 
 5.83318825e+00  3.14454734e-02 
 5.84114456e+00  3.14600712e-02 
 5.84910087e+00  3.14746690e-02 
 5.85705718e+00  3.14892668e-02 
 5.86501349e+00  3.15038646e-02 
 5.87296980e+00  3.15184624e-02 
 5.88092611e+00  3.15330602e-02 
 5.88888241e+00  3.15476580e-02 
 5.89683872e+00  3.15622558e-02 
 5.90479503e+00  3.15768536e-02 
 5.91275134e+00  3.15914514e-02 
 5.92070765e+00  3.16060492e-02 
 5.92866396e+00  3.16206470e-02 
 5.93662027e+00  3.16352447e-02 
 5.94457658e+00  3.16498425e-02 
 5.95253288e+00  3.16644403e-02 
 5.96048919e+00  3.16790381e-02 
 5.96844550e+00  3.16936359e-02 
 5.97640181e+00  3.17082337e-02 
 5.98435812e+00  3.17228315e-02 
 5.99231443e+00  3.17374293e-02 
 6.00027074e+00  3.17520271e-02 
 6.00822704e+00  3.17666249e-02 
 6.01618335e+00  3.17812227e-02 
 6.02413966e+00  3.17958205e-02 
 6.03209597e+00  3.18104183e-02 
 6.04005228e+00  3.18250161e-02 
 6.04800859e+00  3.18396139e-02 
 6.05596490e+00  3.18542117e-02 
 6.06392121e+00  3.18688095e-02 
 6.07187751e+00  3.18834073e-02 
 6.07983382e+00  3.18980051e-02 
 6.08779013e+00  3.19126029e-02 
 6.09574644e+00  3.19272006e-02 
 6.10370275e+00  3.19417984e-02 
 6.11165906e+00  3.19563962e-02 
 6.11961537e+00  3.19709940e-02 
 6.12757168e+00  3.19855918e-02 
 6.13552798e+00  3.20001896e-02 
 6.14348429e+00  3.20147874e-02 
 6.15144060e+00  3.20293852e-02 
 6.15939691e+00  3.20439830e-02 
 6.16735322e+00  3.20585808e-02 
 6.17530953e+00  3.20731786e-02 
 6.18326584e+00  3.20877764e-02 
 6.19122214e+00  3.21023742e-02 
 6.19917845e+00  3.21169720e-02 
 6.20713476e+00  3.21315698e-02 
 6.21509107e+00  3.21461676e-02 
 6.22304738e+00  3.21607654e-02 
 6.23100369e+00  3.21753632e-02 
 6.23896000e+00  3.21899610e-02 
 6.24691631e+00  3.22045588e-02 
 6.25487261e+00  3.22191565e-02 
 6.26282892e+00  3.22337543e-02 
 6.27078523e+00  3.22483521e-02 
 6.27874154e+00  3.22629499e-02 
 6.28669785e+00  3.22775477e-02 
 6.29465416e+00  3.22921455e-02 
 6.30261047e+00  3.23067433e-02 
 6.31056678e+00  3.23213411e-02 
 6.31852308e+00  3.23359389e-02 
 6.32647939e+00  3.23505367e-02 
 6.33443570e+00  3.23651345e-02 
 6.34239201e+00  3.23797323e-02 
 6.35034832e+00  3.23943301e-02 
 6.35830463e+00  3.24089279e-02 
 6.36626094e+00  3.24235257e-02 
 6.37421725e+00  3.24381235e-02 
 6.38217355e+00  3.24527213e-02 
 6.39012986e+00  3.24673191e-02 
 6.39808617e+00  3.24819169e-02 
 6.40604248e+00  3.24965147e-02 
 6.41399879e+00  3.25111124e-02 
 6.42195510e+00  3.25257102e-02 
 6.42991141e+00  3.25403080e-02 
 6.43786771e+00  3.25549058e-02 
 6.44582402e+00  3.25695036e-02 
 6.45378033e+00  3.25841014e-02 
 6.46173664e+00  3.25986992e-02 
 6.46969295e+00  3.26132970e-02 
 6.47764926e+00  3.26278948e-02 
 6.48560557e+00  3.26424926e-02 
 6.49356188e+00  3.26570904e-02 
 6.50151818e+00  3.26716882e-02 
 6.50947449e+00  3.26862860e-02 
 6.51743080e+00  3.27008838e-02 
 6.52538711e+00  3.27154816e-02 
 6.53334342e+00  3.27300794e-02 
 6.54129973e+00  3.27446772e-02 
 6.54925604e+00  3.27592750e-02 
 6.55721235e+00  3.27738728e-02 
 6.56516865e+00  3.27884706e-02 
 6.57312496e+00  3.28030683e-02 
 6.58108127e+00  3.28176661e-02 
 6.58903758e+00  3.28322639e-02 
 6.59699389e+00  3.28468617e-02 
 6.60495020e+00  3.28614595e-02 
 6.61290651e+00  3.28760573e-02 
 6.62086281e+00  3.28906551e-02 
 6.62881912e+00  3.29052529e-02 
 6.63677543e+00  3.29198507e-02 
 6.64473174e+00  3.29344485e-02 
 6.65268805e+00  3.29490463e-02 
 6.66064436e+00  3.29636441e-02 
 6.66860067e+00  3.29782419e-02 
 6.67655698e+00  3.29928397e-02 
 6.68451328e+00  3.30074375e-02 
 6.69246959e+00  3.30220353e-02 
 6.70042590e+00  3.30366331e-02 
 6.70838221e+00  3.30512309e-02 
 6.71633852e+00  3.30658287e-02 
 6.72429483e+00  3.30804265e-02 
 6.73225114e+00  3.30950242e-02 
 6.74020745e+00  3.31096220e-02 
 6.74816375e+00  3.31242198e-02 
 6.75612006e+00  3.31388176e-02 
 6.76407637e+00  3.31534154e-02 
 6.77203268e+00  3.31680132e-02 
 6.77998899e+00  3.31826110e-02 
 6.78794530e+00  3.31972088e-02 
 6.79590161e+00  3.32118066e-02 
 6.80385791e+00  3.32264044e-02 
 6.81181422e+00  3.32410022e-02 
 6.81977053e+00  3.32556000e-02 
 6.82772684e+00  3.32701978e-02 
 6.83568315e+00  3.32847956e-02 
 6.84363946e+00  3.32993934e-02 
 6.85159577e+00  3.33139912e-02 
 6.85955208e+00  3.33285890e-02 
 6.86750838e+00  3.33431868e-02 
 6.87546469e+00  3.33577846e-02 
 6.88342100e+00  3.33723824e-02 
 6.89137731e+00  3.33869801e-02 
 6.89933362e+00  3.34015779e-02 
 6.90728993e+00  3.34161757e-02 
 6.91524624e+00  3.34307735e-02 
 6.92320255e+00  3.34453713e-02 
 6.93115885e+00  3.34599691e-02 
 6.93911516e+00  3.34745669e-02 
 6.94707147e+00  3.34891647e-02 
 6.95502778e+00  3.35037625e-02 
 6.96298409e+00  3.35183603e-02 
 6.97094040e+00  3.35329581e-02 
 6.97889671e+00  3.35475559e-02 
 6.98685301e+00  3.35621537e-02 
 6.99480932e+00  3.35767515e-02 
 7.00276563e+00  3.35913493e-02 
 7.01072194e+00  3.36059471e-02 
 7.01867825e+00  3.36205449e-02 
 7.02663456e+00  3.36351427e-02 
 7.03459087e+00  3.36497405e-02 
 7.04254718e+00  3.36643383e-02 
 7.05050348e+00  3.36789360e-02 
 7.05845979e+00  3.36935338e-02 
 7.06641610e+00  3.37081316e-02 
 7.07437241e+00  3.37227294e-02 
 7.08232872e+00  3.37373272e-02 
 7.09028503e+00  3.37519250e-02 
 7.09824134e+00  3.37665228e-02 
 7.10619765e+00  3.37811206e-02 
 7.11415395e+00  3.37957184e-02 
 7.12211026e+00  3.38103162e-02 
 7.13006657e+00  3.38249140e-02 
 7.13802288e+00  3.38395118e-02 
 7.14597919e+00  3.38541096e-02 
 7.15393550e+00  3.38687074e-02 
 7.16189181e+00  3.38833052e-02 
 7.16984812e+00  3.38979030e-02 
 7.17780442e+00  3.39125008e-02 
 7.18576073e+00  3.39270986e-02 
 7.19371704e+00  3.39416964e-02 
 7.20167335e+00  3.39562942e-02 
 7.20962966e+00  3.39708919e-02 
 7.21758597e+00  3.39854897e-02 
 7.22554228e+00  3.40000875e-02 
 7.23349858e+00  3.40146853e-02 
 7.24145489e+00  3.40292831e-02 
 7.24941120e+00  3.40438809e-02 
 7.25736751e+00  3.40584787e-02 
 7.26532382e+00  3.40730765e-02 
 7.27328013e+00  3.40876743e-02 
 7.28123644e+00  3.41022721e-02 
 7.28919275e+00  3.41168699e-02 
 7.29714905e+00  3.41314677e-02 
 7.30510536e+00  3.41460655e-02 
 7.31306167e+00  3.41606633e-02 
 7.32101798e+00  3.41752611e-02 
 7.32897429e+00  3.41898589e-02 
 7.33693060e+00  3.42044567e-02 
 7.34488691e+00  3.42190545e-02 
 7.35284322e+00  3.42336523e-02 
 7.36079952e+00  3.42482501e-02 
 7.36875583e+00  3.42628478e-02 
 7.37671214e+00  3.42774456e-02 
 7.38466845e+00  3.42920434e-02 
 7.39262476e+00  3.43066412e-02 
 7.40058107e+00  3.43212390e-02 
 7.40853738e+00  3.43358368e-02 
 7.41649368e+00  3.43504346e-02 
 7.42444999e+00  3.43650324e-02 
 7.43240630e+00  3.43796302e-02 
 7.44036261e+00  3.43942280e-02 
 7.44831892e+00  3.44088258e-02 
 7.45627523e+00  3.44234236e-02 
 7.46423154e+00  3.44380214e-02 
 7.47218785e+00  3.44526192e-02 
 7.48014415e+00  3.44672170e-02 
 7.48810046e+00  3.44818148e-02 
 7.49605677e+00  3.44964126e-02 
 7.50401308e+00  3.45110104e-02 
 7.51196939e+00  3.45256082e-02 
 7.51992570e+00  3.45402060e-02 
 7.52788201e+00  3.45548037e-02 
 7.53583832e+00  3.45694015e-02 
 7.54379462e+00  3.45839993e-02 
 7.55175093e+00  3.45985971e-02 
 7.55970724e+00  3.46131949e-02 
 7.56766355e+00  3.46277927e-02 
 7.57561986e+00  3.46423905e-02 
 7.58357617e+00  3.46569883e-02 
 7.59153248e+00  3.46715861e-02 
 7.59948878e+00  3.46861839e-02 
 7.60744509e+00  3.47007817e-02 
 7.61540140e+00  3.47153795e-02 
 7.62335771e+00  3.47299773e-02 
 7.63131402e+00  3.47445751e-02 
 7.63927033e+00  3.47591729e-02 
 7.64722664e+00  3.47737707e-02 
 7.65518295e+00  3.47883685e-02 
 7.66313925e+00  3.48029663e-02 
 7.67109556e+00  3.48175641e-02 
 7.67905187e+00  3.48321619e-02 
 7.68700818e+00  3.48467596e-02 
 7.69496449e+00  3.48613574e-02 
 7.70292080e+00  3.48759552e-02 
 7.71087711e+00  3.48905530e-02 
 7.71883342e+00  3.49051508e-02 
 7.72678972e+00  3.49197486e-02 
 7.73474603e+00  3.49343464e-02 
 7.74270234e+00  3.49489442e-02 
 7.75065865e+00  3.49635420e-02 
 7.75861496e+00  3.49781398e-02 
 7.76657127e+00  3.49927376e-02 
 7.77452758e+00  3.50073354e-02 
 7.78248388e+00  3.50219332e-02 
 7.79044019e+00  3.50365310e-02 
 7.79839650e+00  3.50511288e-02 
 7.80635281e+00  3.50657266e-02 
 7.81430912e+00  3.50803244e-02 
 7.82226543e+00  3.50949222e-02 
 7.83022174e+00  3.51095200e-02 
 7.83817805e+00  3.51241178e-02 
 7.84613435e+00  3.51387155e-02 
 7.85409066e+00  3.51533133e-02 
 7.86204697e+00  3.51679111e-02 
 7.87000328e+00  3.51825089e-02 
 7.87795959e+00  3.51971067e-02 
 7.88591590e+00  3.52117045e-02 
 7.89387221e+00  3.52263023e-02 
 7.90182852e+00  3.52409001e-02 
 7.90978482e+00  3.52554979e-02 
 7.91774113e+00  3.52700957e-02 
 7.92569744e+00  3.52846935e-02 
 7.93365375e+00  3.52992913e-02 
 7.94161006e+00  3.53138891e-02 
 7.94956637e+00  3.53284869e-02 
 7.95752268e+00  3.53430847e-02 
 7.96547898e+00  3.53576825e-02 
 7.97343529e+00  3.53722803e-02 
 7.98139160e+00  3.53868781e-02 
 7.98934791e+00  3.54014759e-02 
 7.99730422e+00  3.54160737e-02 
 8.00526053e+00  3.54306714e-02 
 8.01321684e+00  3.54452692e-02 
 8.02117315e+00  3.54598670e-02 
 8.02912945e+00  3.54744648e-02 
 8.03708576e+00  3.54890626e-02 
 8.04504207e+00  3.55036604e-02 
 8.05299838e+00  3.55182582e-02 
 8.06095469e+00  3.55328560e-02 
 8.06891100e+00  3.55474538e-02 
 8.07686731e+00  3.55620516e-02 
 8.08482362e+00  3.55766494e-02 
 8.09277992e+00  3.55912472e-02 
 8.10073623e+00  3.56058450e-02 
 8.10869254e+00  3.56204428e-02 
 8.11664885e+00  3.56350406e-02 
 8.12460516e+00  3.56496384e-02 
 8.13256147e+00  3.56642362e-02 
 8.14051778e+00  3.56788340e-02 
 8.14847409e+00  3.56934318e-02 
 8.15643039e+00  3.57080296e-02 
 8.16438670e+00  3.57226273e-02 
 8.17234301e+00  3.57372251e-02 
 8.18029932e+00  3.57518229e-02 
 8.18825563e+00  3.57664207e-02 
 8.19621194e+00  3.57810185e-02 
 8.20416825e+00  3.57956163e-02 
 8.21212455e+00  3.58102141e-02 
 8.22008086e+00  3.58248119e-02 
 8.22803717e+00  3.58394097e-02 
 8.23599348e+00  3.58540075e-02 
 8.24394979e+00  3.58686053e-02 
 8.25190610e+00  3.58832031e-02 
 8.25986241e+00  3.58978009e-02 
 8.26781872e+00  3.59123987e-02 
 8.27577502e+00  3.59269965e-02 
 8.28373133e+00  3.59415943e-02 
 8.29168764e+00  3.59561921e-02 
 8.29964395e+00  3.59707899e-02 
 8.30760026e+00  3.59853877e-02 
 8.31555657e+00  3.59999855e-02 
 8.32351288e+00  3.60145833e-02 
 8.33146919e+00  3.60291810e-02 
 8.33942549e+00  3.60437788e-02 
 8.34738180e+00  3.60583766e-02 
 8.35533811e+00  3.60729744e-02 
 8.36329442e+00  3.60875722e-02 
 8.37125073e+00  3.61021700e-02 
 8.37920704e+00  3.61167678e-02 
 8.38716335e+00  3.61313656e-02 
 8.39511965e+00  3.61459634e-02 
 8.40307596e+00  3.61605612e-02 
 8.41103227e+00  3.61751590e-02 
 8.41898858e+00  3.61897568e-02 
 8.42694489e+00  3.62043546e-02 
 8.43490120e+00  3.62189524e-02 
 8.44285751e+00  3.62335502e-02 
 8.45081382e+00  3.62481480e-02 
 8.45877012e+00  3.62627458e-02 
 8.46672643e+00  3.62773436e-02 
 8.47468274e+00  3.62919414e-02 
 8.48263905e+00  3.63065392e-02 
 8.49059536e+00  3.63211369e-02 
 8.49855167e+00  3.63357347e-02 
 8.50650798e+00  3.63503325e-02 
 8.51446429e+00  3.63649303e-02 
 8.52242059e+00  3.63795281e-02 
 8.53037690e+00  3.63941259e-02 
 8.53833321e+00  3.64087237e-02 
 8.54628952e+00  3.64233215e-02 
 8.55424583e+00  3.64379193e-02 
 8.56220214e+00  3.64525171e-02 
 8.57015845e+00  3.64671149e-02 
 8.57811475e+00  3.64817127e-02 
 8.58607106e+00  3.64963105e-02 
 8.59402737e+00  3.65109083e-02 
 8.60198368e+00  3.65255061e-02 
 8.60993999e+00  3.65401039e-02 
 8.61789630e+00  3.65547017e-02 
 8.62585261e+00  3.65692995e-02 
 8.63380892e+00  3.65838973e-02 
 8.64176522e+00  3.65984951e-02 
 8.64972153e+00  3.66130928e-02 
 8.65767784e+00  3.66276906e-02 
 8.66563415e+00  3.66422884e-02 
 8.67359046e+00  3.66568862e-02 
 8.68154677e+00  3.66714840e-02 
 8.68950308e+00  3.66860818e-02 
 8.69745939e+00  3.67006796e-02 
 8.70541569e+00  3.67152774e-02 
 8.71337200e+00  3.67298752e-02 
 8.72132831e+00  3.67444730e-02 
 8.72928462e+00  3.67590708e-02 
 8.73724093e+00  3.67736686e-02 
 8.74519724e+00  3.67882664e-02 
 8.75315355e+00  3.68028642e-02 
 8.76110985e+00  3.68174620e-02 
 8.76906616e+00  3.68320598e-02 
 8.77702247e+00  3.68466576e-02 
 8.78497878e+00  3.68612554e-02 
 8.79293509e+00  3.68758532e-02 
 8.80089140e+00  3.68904510e-02 
 8.80884771e+00  3.69050487e-02 
 8.81680402e+00  3.69196465e-02 
 8.82476032e+00  3.69342443e-02 
 8.83271663e+00  3.69488421e-02 
 8.84067294e+00  3.69634399e-02 
 8.84862925e+00  3.69780377e-02 
 8.85658556e+00  3.69926355e-02 
 8.86454187e+00  3.70072333e-02 
 8.87249818e+00  3.70218311e-02 
 8.88045449e+00  3.70364289e-02 
 8.88841079e+00  3.70510267e-02 
 8.89636710e+00  3.70656245e-02 
 8.90432341e+00  3.70802223e-02 
 8.91227972e+00  3.70948201e-02 
 8.92023603e+00  3.71094179e-02 
 8.92819234e+00  3.71240157e-02 
 8.93614865e+00  3.71386135e-02 
 8.94410495e+00  3.71532113e-02 
 8.95206126e+00  3.71678091e-02 
 8.96001757e+00  3.71824069e-02 
 8.96797388e+00  3.71970046e-02 
 8.97593019e+00  3.72116024e-02 
 8.98388650e+00  3.72262002e-02 
 8.99184281e+00  3.72407980e-02 
 8.99979912e+00  3.72553958e-02 
 9.00775542e+00  3.72699936e-02 
 9.01571173e+00  3.72845914e-02 
 9.02366804e+00  3.72991892e-02 
 9.03162435e+00  3.73137870e-02 
 9.03958066e+00  3.73283848e-02 
 9.04753697e+00  3.73429826e-02 
 9.05549328e+00  3.73575804e-02 
 9.06344959e+00  3.73721782e-02 
 9.07140589e+00  3.73867760e-02 
 9.07936220e+00  3.74013738e-02 
 9.08731851e+00  3.74159716e-02 
 9.09527482e+00  3.74305694e-02 
 9.10323113e+00  3.74451672e-02 
 9.11118744e+00  3.74597650e-02 
 9.11914375e+00  3.74743628e-02 
 9.12710005e+00  3.74889605e-02 
 9.13505636e+00  3.75035583e-02 
 9.14301267e+00  3.75181561e-02 
 9.15096898e+00  3.75327539e-02 
 9.15892529e+00  3.75473517e-02 
 9.16688160e+00  3.75619495e-02 
 9.17483791e+00  3.75765473e-02 
 9.18279422e+00  3.75911451e-02 
 9.19075052e+00  3.76057429e-02 
 9.19870683e+00  3.76203407e-02 
 9.20666314e+00  3.76349385e-02 
 9.21461945e+00  3.76495363e-02 
 9.22257576e+00  3.76641341e-02 
 9.23053207e+00  3.76787319e-02 
 9.23848838e+00  3.76933297e-02 
 9.24644469e+00  3.77079275e-02 
 9.25440099e+00  3.77225253e-02 
 9.26235730e+00  3.77371231e-02 
 9.27031361e+00  3.77517209e-02 
 9.27826992e+00  3.77663187e-02 
 9.28622623e+00  3.77809164e-02 
 9.29418254e+00  3.77955142e-02 
 9.30213885e+00  3.78101120e-02 
 9.31009516e+00  3.78247098e-02 
 9.31805146e+00  3.78393076e-02 
 9.32600777e+00  3.78539054e-02 
 9.33396408e+00  3.78685032e-02 
 9.34192039e+00  3.78831010e-02 
 9.34987670e+00  3.78976988e-02 
 9.35783301e+00  3.79122966e-02 
 9.36578932e+00  3.79268944e-02 
 9.37374562e+00  3.79414922e-02 
 9.38170193e+00  3.79560900e-02 
 9.38965824e+00  3.79706878e-02 
 9.39761455e+00  3.79852856e-02 
 9.40557086e+00  3.79998834e-02 
 9.41352717e+00  3.80144812e-02 
 9.42148348e+00  3.80290790e-02 
 9.42943979e+00  3.80436768e-02 
 9.43739609e+00  3.80582746e-02 
 9.44535240e+00  3.80728723e-02 
 9.45330871e+00  3.80874701e-02 
 9.46126502e+00  3.81020679e-02 
 9.46922133e+00  3.81166657e-02 
 9.47717764e+00  3.81312635e-02 
 9.48513395e+00  3.81458613e-02 
 9.49309026e+00  3.81604591e-02 
 9.50104656e+00  3.81750569e-02 
 9.50900287e+00  3.81896547e-02 
 9.51695918e+00  3.82042525e-02 
 9.52491549e+00  3.82188503e-02 
 9.53287180e+00  3.82334481e-02 
 9.54082811e+00  3.82480459e-02 
 9.54878442e+00  3.82626437e-02 
 9.55674072e+00  3.82772415e-02 
 9.56469703e+00  3.82918393e-02 
 9.57265334e+00  3.83064371e-02 
 9.58060965e+00  3.83210349e-02 
 9.58856596e+00  3.83356327e-02 
 9.59652227e+00  3.83502305e-02 
 9.60447858e+00  3.83648282e-02 
 9.61243489e+00  3.83794260e-02 
 9.62039119e+00  3.83940238e-02 
 9.62834750e+00  3.84086216e-02 
 9.63630381e+00  3.84232194e-02 
 9.64426012e+00  3.84378172e-02 
 9.65221643e+00  3.84524150e-02 
 9.66017274e+00  3.84670128e-02 
 9.66812905e+00  3.84816106e-02 
 9.67608536e+00  3.84962084e-02 
 9.68404166e+00  3.85108062e-02 
 9.69199797e+00  3.85254040e-02 
 9.69995428e+00  3.85400018e-02 
 9.70791059e+00  3.85545996e-02 
 9.71586690e+00  3.85691974e-02 
 9.72382321e+00  3.85837952e-02 
 9.73177952e+00  3.85983930e-02 
 9.73973582e+00  3.86129908e-02 
 9.74769213e+00  3.86275886e-02 
 9.75564844e+00  3.86421864e-02 
 9.76360475e+00  3.86567841e-02 
 9.77156106e+00  3.86713819e-02 
 9.77951737e+00  3.86859797e-02 
 9.78747368e+00  3.87005775e-02 
 9.79542999e+00  3.87151753e-02 
 9.80338629e+00  3.87297731e-02 
 9.81134260e+00  3.87443709e-02 
 9.81929891e+00  3.87589687e-02 
 9.82725522e+00  3.87735665e-02 
 9.83521153e+00  3.87881643e-02 
 9.84316784e+00  3.88027621e-02 
 9.85112415e+00  3.88173599e-02 
 9.85908046e+00  3.88319577e-02 
 9.86703676e+00  3.88465555e-02 
 9.87499307e+00  3.88611533e-02 
 9.88294938e+00  3.88757511e-02 
 9.89090569e+00  3.88903489e-02 
 9.89886200e+00  3.89049467e-02 
 9.90681831e+00  3.89195445e-02 
 9.91477462e+00  3.89341423e-02 
 9.92273092e+00  3.89487400e-02 
 9.93068723e+00  3.89633378e-02 
 9.93864354e+00  3.89779356e-02 
 9.94659985e+00  3.89925334e-02 
 9.95455616e+00  3.90071312e-02 
 9.96251247e+00  3.90217290e-02 
 9.97046878e+00  3.90363268e-02 
 9.97842509e+00  3.90509246e-02 
 9.98638139e+00  3.90655224e-02 
 9.99433770e+00  3.90801202e-02 
 1.00022940e+01  3.90947180e-02 
 1.00102503e+01  3.91093158e-02 
 1.00182066e+01  3.91239136e-02 
 1.00261629e+01  3.91385114e-02 
 1.00341192e+01  3.91531092e-02 
 1.00420756e+01  3.91677070e-02 
 1.00500319e+01  3.91823048e-02 
 1.00579882e+01  3.91969026e-02 
 1.00659445e+01  3.92115004e-02 
 1.00739008e+01  3.92260982e-02 
 1.00818571e+01  3.92406959e-02 
 1.00898134e+01  3.92552937e-02 
 1.00977697e+01  3.92698915e-02 
 1.01057260e+01  3.92844893e-02 
 1.01136823e+01  3.92990871e-02 
 1.01216386e+01  3.93136849e-02 
 1.01295950e+01  3.93282827e-02 
