-2.47115516e+00 -1.57600316e-02 
-2.47102229e+00 -1.56895398e-02 
-2.47089163e+00 -1.56190708e-02 
-2.47076093e+00 -1.55486022e-02 
-2.47063011e+00 -1.54781343e-02 
-2.47049919e+00 -1.54076672e-02 
-2.47036816e+00 -1.53372009e-02 
-2.47023702e+00 -1.52667353e-02 
-2.47010577e+00 -1.51962705e-02 
-2.46997441e+00 -1.51258065e-02 
-2.46984294e+00 -1.50553432e-02 
-2.46971136e+00 -1.49848807e-02 
-2.46957967e+00 -1.49144190e-02 
-2.46944787e+00 -1.48439581e-02 
-2.46931595e+00 -1.47734980e-02 
-2.46918393e+00 -1.47030386e-02 
-2.46905178e+00 -1.46325801e-02 
-2.46891953e+00 -1.45621223e-02 
-2.46878716e+00 -1.44916654e-02 
-2.46865468e+00 -1.44212092e-02 
-2.46852208e+00 -1.43507539e-02 
-2.46838936e+00 -1.42802994e-02 
-2.46825653e+00 -1.42098456e-02 
-2.46812359e+00 -1.41393928e-02 
-2.46799052e+00 -1.40689407e-02 
-2.46785734e+00 -1.39984894e-02 
-2.46772404e+00 -1.39280390e-02 
-2.46759063e+00 -1.38575894e-02 
-2.46745709e+00 -1.37871407e-02 
-2.46732343e+00 -1.37166928e-02 
-2.46718966e+00 -1.36462457e-02 
-2.46705576e+00 -1.35757995e-02 
-2.46692174e+00 -1.35053541e-02 
-2.46678760e+00 -1.34349096e-02 
-2.46665334e+00 -1.33644659e-02 
-2.46651896e+00 -1.32940231e-02 
-2.46638445e+00 -1.32235812e-02 
-2.46624982e+00 -1.31531401e-02 
-2.46611506e+00 -1.30827000e-02 
-2.46598018e+00 -1.30122606e-02 
-2.46584518e+00 -1.29418222e-02 
-2.46571005e+00 -1.28713847e-02 
-2.46557479e+00 -1.28009480e-02 
-2.46543941e+00 -1.27305123e-02 
-2.46530390e+00 -1.26600774e-02 
-2.46516826e+00 -1.25896434e-02 
-2.46503249e+00 -1.25192104e-02 
-2.46489659e+00 -1.24487782e-02 
-2.46476056e+00 -1.23783470e-02 
-2.46462441e+00 -1.23079166e-02 
-2.46448812e+00 -1.22374872e-02 
-2.46435170e+00 -1.21670588e-02 
-2.46421515e+00 -1.20966312e-02 
-2.46407846e+00 -1.20262046e-02 
-2.46394164e+00 -1.19557789e-02 
-2.46380469e+00 -1.18853542e-02 
-2.46366760e+00 -1.18149304e-02 
-2.46353038e+00 -1.17445076e-02 
-2.46339303e+00 -1.16740857e-02 
-2.46325553e+00 -1.16036648e-02 
-2.46311790e+00 -1.15332449e-02 
-2.46298013e+00 -1.14628259e-02 
-2.46284223e+00 -1.13924079e-02 
-2.46270418e+00 -1.13219908e-02 
-2.46256600e+00 -1.12515748e-02 
-2.46242767e+00 -1.11811597e-02 
-2.46228921e+00 -1.11107457e-02 
-2.46215060e+00 -1.10403326e-02 
-2.46201185e+00 -1.09699205e-02 
-2.46187296e+00 -1.08995094e-02 
-2.46173393e+00 -1.08290994e-02 
-2.46159475e+00 -1.07586904e-02 
-2.46145542e+00 -1.06882823e-02 
-2.46131595e+00 -1.06178753e-02 
-2.46117634e+00 -1.05474694e-02 
-2.46103658e+00 -1.04770645e-02 
-2.46089667e+00 -1.04066606e-02 
-2.46075661e+00 -1.03362577e-02 
-2.46061640e+00 -1.02658559e-02 
-2.46047605e+00 -1.01954552e-02 
-2.46033554e+00 -1.01250555e-02 
-2.46019488e+00 -1.00546569e-02 
-2.46005407e+00 -9.98425936e-03 
-2.45991311e+00 -9.91386290e-03 
-2.45977199e+00 -9.84346752e-03 
-2.45963073e+00 -9.77307322e-03 
-2.45948930e+00 -9.70268002e-03 
-2.45934772e+00 -9.63228791e-03 
-2.45920599e+00 -9.56189690e-03 
-2.45906409e+00 -9.49150701e-03 
-2.45892204e+00 -9.42111822e-03 
-2.45877984e+00 -9.35073056e-03 
-2.45863747e+00 -9.28034402e-03 
-2.45849494e+00 -9.20995861e-03 
-2.45835225e+00 -9.13957434e-03 
-2.45820940e+00 -9.06919121e-03 
-2.45806639e+00 -8.99880922e-03 
-2.45792321e+00 -8.92842839e-03 
-2.45777987e+00 -8.85804872e-03 
-2.45763636e+00 -8.78767021e-03 
-2.45749269e+00 -8.71729288e-03 
-2.45734885e+00 -8.64691672e-03 
-2.45720485e+00 -8.57654174e-03 
-2.45706068e+00 -8.50616796e-03 
-2.45691633e+00 -8.43579536e-03 
-2.45677182e+00 -8.36542397e-03 
-2.45662714e+00 -8.29505379e-03 
-2.45648228e+00 -8.22468482e-03 
-2.45633725e+00 -8.15431707e-03 
-2.45619205e+00 -8.08395055e-03 
-2.45604668e+00 -8.01358526e-03 
-2.45590112e+00 -7.94322120e-03 
-2.45575540e+00 -7.87285840e-03 
-2.45560949e+00 -7.80249684e-03 
-2.45546341e+00 -7.73213655e-03 
-2.45531715e+00 -7.66177752e-03 
-2.45517071e+00 -7.59141976e-03 
-2.45502409e+00 -7.52106328e-03 
-2.45487728e+00 -7.45070809e-03 
-2.45473030e+00 -7.38035419e-03 
-2.45458313e+00 -7.31000159e-03 
-2.45443577e+00 -7.23965029e-03 
-2.45428823e+00 -7.16930031e-03 
-2.45414050e+00 -7.09895165e-03 
-2.45399259e+00 -7.02860432e-03 
-2.45384448e+00 -6.95825832e-03 
-2.45369619e+00 -6.88791366e-03 
-2.45354771e+00 -6.81757035e-03 
-2.45339903e+00 -6.74722840e-03 
-2.45325016e+00 -6.67688781e-03 
-2.45310110e+00 -6.60654860e-03 
-2.45295184e+00 -6.53621076e-03 
-2.45280239e+00 -6.46587431e-03 
-2.45265274e+00 -6.39553926e-03 
-2.45250289e+00 -6.32520560e-03 
-2.45235285e+00 -6.25487336e-03 
-2.45220260e+00 -6.18454254e-03 
-2.45205215e+00 -6.11421314e-03 
-2.45190150e+00 -6.04388517e-03 
-2.45175065e+00 -5.97355865e-03 
-2.45159959e+00 -5.90323357e-03 
-2.45144832e+00 -5.83290996e-03 
-2.45129685e+00 -5.76258781e-03 
-2.45114517e+00 -5.69226713e-03 
-2.45099328e+00 -5.62194794e-03 
-2.45084118e+00 -5.55163024e-03 
-2.45068887e+00 -5.48131404e-03 
-2.45053634e+00 -5.41099934e-03 
-2.45038360e+00 -5.34068617e-03 
-2.45023065e+00 -5.27037452e-03 
-2.45007748e+00 -5.20006441e-03 
-2.44992409e+00 -5.12975584e-03 
-2.44977048e+00 -5.05944882e-03 
-2.44961665e+00 -4.98914337e-03 
-2.44946260e+00 -4.91883948e-03 
-2.44930833e+00 -4.84853718e-03 
-2.44915383e+00 -4.77823647e-03 
-2.44899910e+00 -4.70793735e-03 
-2.44884415e+00 -4.63763985e-03 
-2.44868898e+00 -4.56734396e-03 
-2.44853357e+00 -4.49704970e-03 
-2.44837793e+00 -4.42675707e-03 
-2.44822206e+00 -4.35646610e-03 
-2.44806595e+00 -4.28617678e-03 
-2.44790961e+00 -4.21588913e-03 
-2.44775304e+00 -4.14560315e-03 
-2.44759622e+00 -4.07531887e-03 
-2.44743917e+00 -4.00503628e-03 
-2.44728188e+00 -3.93475540e-03 
-2.44712434e+00 -3.86447623e-03 
-2.44696656e+00 -3.79419880e-03 
-2.44680853e+00 -3.72392310e-03 
-2.44665026e+00 -3.65364916e-03 
-2.44649174e+00 -3.58337698e-03 
-2.44633297e+00 -3.51310657e-03 
-2.44617395e+00 -3.44283794e-03 
-2.44601467e+00 -3.37257111e-03 
-2.44585514e+00 -3.30230608e-03 
-2.44569536e+00 -3.23204287e-03 
-2.44553532e+00 -3.16178148e-03 
-2.44537501e+00 -3.09152194e-03 
-2.44521445e+00 -3.02126425e-03 
-2.44505363e+00 -2.95100842e-03 
-2.44489254e+00 -2.88075447e-03 
-2.44473118e+00 -2.81050241e-03 
-2.44456956e+00 -2.74025224e-03 
-2.44440767e+00 -2.67000399e-03 
-2.44424550e+00 -2.59975766e-03 
-2.44408307e+00 -2.52951326e-03 
-2.44392036e+00 -2.45927082e-03 
-2.44375737e+00 -2.38903033e-03 
-2.44359411e+00 -2.31879182e-03 
-2.44343056e+00 -2.24855530e-03 
-2.44326673e+00 -2.17832078e-03 
-2.44310262e+00 -2.10808828e-03 
-2.44293823e+00 -2.03785780e-03 
-2.44277355e+00 -1.96762936e-03 
-2.44260857e+00 -1.89740297e-03 
-2.44244331e+00 -1.82717866e-03 
-2.44227776e+00 -1.75695642e-03 
-2.44211190e+00 -1.68673628e-03 
-2.44194576e+00 -1.61651825e-03 
-2.44177931e+00 -1.54630235e-03 
-2.44161256e+00 -1.47608858e-03 
-2.44144551e+00 -1.40587697e-03 
-2.44127815e+00 -1.33566753e-03 
-2.44111049e+00 -1.26546027e-03 
-2.44094252e+00 -1.19525521e-03 
-2.44077423e+00 -1.12505236e-03 
-2.44060563e+00 -1.05485173e-03 
-2.44043672e+00 -9.84653358e-04 
-2.44026749e+00 -9.14457242e-04 
-2.44009794e+00 -8.44263401e-04 
-2.43992806e+00 -7.74071851e-04 
-2.43975786e+00 -7.03882610e-04 
-2.43958734e+00 -6.33695693e-04 
-2.43941648e+00 -5.63511117e-04 
-2.43924530e+00 -4.93328898e-04 
-2.43907378e+00 -4.23149053e-04 
-2.43890192e+00 -3.52971600e-04 
-2.43872972e+00 -2.82796556e-04 
-2.43855719e+00 -2.12623937e-04 
-2.43838430e+00 -1.42453763e-04 
-2.43821108e+00 -7.22860492e-05 
-2.43803750e+00 -2.12081536e-06 
-2.43786357e+00  6.80419209e-05 
-2.43768929e+00  1.38202141e-04 
-2.43751466e+00  2.08359827e-04 
-2.43733966e+00  2.78514959e-04 
-2.43716430e+00  3.48667519e-04 
-2.43698858e+00  4.18817487e-04 
-2.43681249e+00  4.88964844e-04 
-2.43663603e+00  5.59109570e-04 
-2.43645920e+00  6.29251646e-04 
-2.43628199e+00  6.99391051e-04 
-2.43610441e+00  7.69527765e-04 
-2.43592644e+00  8.39661768e-04 
-2.43574809e+00  9.09793038e-04 
-2.43556936e+00  9.79921555e-04 
-2.43539023e+00  1.05004730e-03 
-2.43521071e+00  1.12017024e-03 
-2.43503079e+00  1.19029037e-03 
-2.43485048e+00  1.26040766e-03 
-2.43466976e+00  1.33052209e-03 
-2.43448864e+00  1.40063363e-03 
-2.43430710e+00  1.47074226e-03 
-2.43412516e+00  1.54084797e-03 
-2.43394280e+00  1.61095072e-03 
-2.43376003e+00  1.68105049e-03 
-2.43357683e+00  1.75114726e-03 
-2.43339321e+00  1.82124101e-03 
-2.43320915e+00  1.89133171e-03 
-2.43302467e+00  1.96141933e-03 
-2.43283975e+00  2.03150385e-03 
-2.43265439e+00  2.10158525e-03 
-2.43246859e+00  2.17166349e-03 
-2.43228235e+00  2.24173856e-03 
-2.43209565e+00  2.31181043e-03 
-2.43190850e+00  2.38187906e-03 
-2.43172089e+00  2.45194444e-03 
-2.43153282e+00  2.52200654e-03 
-2.43134429e+00  2.59206532e-03 
-2.43115529e+00  2.66212077e-03 
-2.43096581e+00  2.73217284e-03 
-2.43077586e+00  2.80222152e-03 
-2.43058542e+00  2.87226678e-03 
-2.43039451e+00  2.94230858e-03 
-2.43020310e+00  3.01234689e-03 
-2.43001120e+00  3.08238169e-03 
-2.42981880e+00  3.15241294e-03 
-2.42962589e+00  3.22244062e-03 
-2.42943249e+00  3.29246469e-03 
-2.42923857e+00  3.36248511e-03 
-2.42904413e+00  3.43250187e-03 
-2.42884918e+00  3.50251492e-03 
-2.42865370e+00  3.57252423e-03 
-2.42845769e+00  3.64252977e-03 
-2.42826114e+00  3.71253151e-03 
-2.42806406e+00  3.78252941e-03 
-2.42786644e+00  3.85252343e-03 
-2.42766826e+00  3.92251354e-03 
-2.42746953e+00  3.99249970e-03 
-2.42727025e+00  4.06248189e-03 
-2.42707039e+00  4.13246005e-03 
-2.42686997e+00  4.20243415e-03 
-2.42666898e+00  4.27240417e-03 
-2.42646740e+00  4.34237005e-03 
-2.42626524e+00  4.41233175e-03 
-2.42606249e+00  4.48228925e-03 
-2.42585914e+00  4.55224249e-03 
-2.42565519e+00  4.62219145e-03 
-2.42545063e+00  4.69213607e-03 
-2.42524546e+00  4.76207631e-03 
-2.42503967e+00  4.83201214e-03 
-2.42483325e+00  4.90194350e-03 
-2.42462620e+00  4.97187037e-03 
-2.42441851e+00  5.04179268e-03 
-2.42421018e+00  5.11171040e-03 
-2.42400120e+00  5.18162349e-03 
-2.42379156e+00  5.25153188e-03 
-2.42358125e+00  5.32143555e-03 
-2.42337028e+00  5.39133443e-03 
-2.42315863e+00  5.46122849e-03 
-2.42294629e+00  5.53111767e-03 
-2.42273326e+00  5.60100193e-03 
-2.42251954e+00  5.67088120e-03 
-2.42230511e+00  5.74075545e-03 
-2.42208997e+00  5.81062462e-03 
-2.42187410e+00  5.88048865e-03 
-2.42165751e+00  5.95034749e-03 
-2.42144019e+00  6.02020109e-03 
-2.42122212e+00  6.09004940e-03 
-2.42100330e+00  6.15989234e-03 
-2.42078372e+00  6.22972988e-03 
-2.42056337e+00  6.29956195e-03 
-2.42034225e+00  6.36938848e-03 
-2.42012035e+00  6.43920943e-03 
-2.41989765e+00  6.50902473e-03 
-2.41967415e+00  6.57883431e-03 
-2.41944985e+00  6.64863812e-03 
-2.41922472e+00  6.71843609e-03 
-2.41899876e+00  6.78822816e-03 
-2.41877197e+00  6.85801425e-03 
-2.41854433e+00  6.92779431e-03 
-2.41831584e+00  6.99756826e-03 
-2.41808648e+00  7.06733603e-03 
-2.41785624e+00  7.13709755e-03 
-2.41762512e+00  7.20685275e-03 
-2.41739310e+00  7.27660156e-03 
-2.41716018e+00  7.34634391e-03 
-2.41692633e+00  7.41607970e-03 
-2.41669156e+00  7.48580888e-03 
-2.41645585e+00  7.55553136e-03 
-2.41621919e+00  7.62524706e-03 
-2.41598157e+00  7.69495589e-03 
-2.41574297e+00  7.76465778e-03 
-2.41550339e+00  7.83435265e-03 
-2.41526282e+00  7.90404040e-03 
-2.41502123e+00  7.97372094e-03 
-2.41477862e+00  8.04339420e-03 
-2.41453498e+00  8.11306007e-03 
-2.41429029e+00  8.18271847e-03 
-2.41404453e+00  8.25236930e-03 
-2.41379771e+00  8.32201247e-03 
-2.41354979e+00  8.39164787e-03 
-2.41330078e+00  8.46127541e-03 
-2.41305065e+00  8.53089499e-03 
-2.41279938e+00  8.60050650e-03 
-2.41254697e+00  8.67010983e-03 
-2.41229341e+00  8.73970489e-03 
-2.41203866e+00  8.80929155e-03 
-2.41178273e+00  8.87886972e-03 
-2.41152558e+00  8.94843926e-03 
-2.41126722e+00  9.01800008e-03 
-2.41100761e+00  9.08755204e-03 
-2.41074675e+00  9.15709503e-03 
-2.41048461e+00  9.22662892e-03 
-2.41022118e+00  9.29615359e-03 
-2.40995644e+00  9.36566891e-03 
-2.40969037e+00  9.43517475e-03 
-2.40942295e+00  9.50467096e-03 
-2.40915417e+00  9.57415742e-03 
-2.40888400e+00  9.64363399e-03 
-2.40861242e+00  9.71310052e-03 
-2.40833942e+00  9.78255686e-03 
-2.40806496e+00  9.85200287e-03 
-2.40778904e+00  9.92143840e-03 
-2.40751163e+00  9.99086328e-03 
-2.40723271e+00  1.00602774e-02 
-2.40695225e+00  1.01296805e-02 
-2.40667023e+00  1.01990725e-02 
-2.40638662e+00  1.02684531e-02 
-2.40610141e+00  1.03378223e-02 
-2.40581457e+00  1.04071799e-02 
-2.40552607e+00  1.04765256e-02 
-2.40523588e+00  1.05458593e-02 
-2.40494398e+00  1.06151807e-02 
-2.40465034e+00  1.06844898e-02 
-2.40435494e+00  1.07537862e-02 
-2.40405774e+00  1.08230699e-02 
-2.40375872e+00  1.08923404e-02 
-2.40345784e+00  1.09615978e-02 
-2.40315507e+00  1.10308417e-02 
-2.40285039e+00  1.11000719e-02 
-2.40254375e+00  1.11692881e-02 
-2.40223514e+00  1.12384902e-02 
-2.40192450e+00  1.13076779e-02 
-2.40161181e+00  1.13768510e-02 
-2.40129704e+00  1.14460091e-02 
-2.40098013e+00  1.15151520e-02 
-2.40066107e+00  1.15842795e-02 
-2.40033980e+00  1.16533913e-02 
-2.40001628e+00  1.17224871e-02 
-2.39969049e+00  1.17915665e-02 
-2.39936237e+00  1.18606294e-02 
-2.39903188e+00  1.19296753e-02 
-2.39869897e+00  1.19987040e-02 
-2.39836361e+00  1.20677151e-02 
-2.39802574e+00  1.21367084e-02 
-2.39768532e+00  1.22056834e-02 
-2.39734229e+00  1.22746398e-02 
-2.39699660e+00  1.23435772e-02 
-2.39664821e+00  1.24124953e-02 
-2.39629705e+00  1.24813937e-02 
-2.39594308e+00  1.25502719e-02 
-2.39558623e+00  1.26191296e-02 
-2.39522644e+00  1.26879663e-02 
-2.39486365e+00  1.27567816e-02 
-2.39449780e+00  1.28255751e-02 
-2.39412883e+00  1.28943462e-02 
-2.39375667e+00  1.29630945e-02 
-2.39338124e+00  1.30318196e-02 
-2.39300248e+00  1.31005208e-02 
-2.39262030e+00  1.31691977e-02 
-2.39223465e+00  1.32378497e-02 
-2.39184543e+00  1.33064763e-02 
-2.39145257e+00  1.33750768e-02 
-2.39105597e+00  1.34436507e-02 
-2.39065556e+00  1.35121973e-02 
-2.39025124e+00  1.35807160e-02 
-2.38984292e+00  1.36492061e-02 
-2.38943050e+00  1.37176670e-02 
-2.38901388e+00  1.37860979e-02 
-2.38859296e+00  1.38544980e-02 
-2.38816762e+00  1.39228666e-02 
-2.38773776e+00  1.39912030e-02 
-2.38730326e+00  1.40595062e-02 
-2.38686400e+00  1.41277753e-02 
-2.38641986e+00  1.41960096e-02 
-2.38597069e+00  1.42642081e-02 
-2.38551637e+00  1.43323697e-02 
-2.38505676e+00  1.44004935e-02 
-2.38459171e+00  1.44685785e-02 
-2.38412106e+00  1.45366235e-02 
-2.38364465e+00  1.46046274e-02 
-2.38316233e+00  1.46725890e-02 
-2.38267391e+00  1.47405071e-02 
-2.38217922e+00  1.48083804e-02 
-2.38167806e+00  1.48762075e-02 
-2.38117024e+00  1.49439871e-02 
-2.38065555e+00  1.50117176e-02 
-2.38013378e+00  1.50793974e-02 
-2.37960469e+00  1.51470251e-02 
-2.37906806e+00  1.52145989e-02 
-2.37852363e+00  1.52821170e-02 
-2.37797115e+00  1.53495775e-02 
-2.37741033e+00  1.54169785e-02 
-2.37684090e+00  1.54843180e-02 
-2.37626254e+00  1.55515938e-02 
-2.37567495e+00  1.56188036e-02 
-2.37507779e+00  1.56859451e-02 
-2.37447070e+00  1.57530156e-02 
-2.37385331e+00  1.58200127e-02 
-2.37322523e+00  1.58869333e-02 
-2.37258605e+00  1.59537747e-02 
-2.37193533e+00  1.60205336e-02 
-2.37127259e+00  1.60872068e-02 
-2.37059736e+00  1.61537907e-02 
-2.36990911e+00  1.62202815e-02 
-2.36920728e+00  1.62866754e-02 
-2.36849128e+00  1.63529682e-02 
-2.36776049e+00  1.64191553e-02 
-2.36701424e+00  1.64852320e-02 
-2.36625182e+00  1.65511932e-02 
-2.36547246e+00  1.66170334e-02 
-2.36467535e+00  1.66827469e-02 
-2.36385963e+00  1.67483274e-02 
-2.36302435e+00  1.68137683e-02 
-2.36216851e+00  1.68790623e-02 
-2.36129104e+00  1.69442019e-02 
-2.36039077e+00  1.70091786e-02 
-2.35946645e+00  1.70739835e-02 
-2.35851673e+00  1.71386071e-02 
-2.35754013e+00  1.72030387e-02 
-2.35653508e+00  1.72672671e-02 
-2.35549984e+00  1.73312799e-02 
-2.35443253e+00  1.73950637e-02 
-2.35333112e+00  1.74586039e-02 
-2.35219336e+00  1.75218846e-02 
-2.35101681e+00  1.75848883e-02 
-2.34979879e+00  1.76475958e-02 
-2.34853634e+00  1.77099860e-02 
-2.34722622e+00  1.77720358e-02 
-2.34586483e+00  1.78337195e-02 
-2.34444822e+00  1.78950088e-02 
-2.34297198e+00  1.79558724e-02 
-2.34143123e+00  1.80162752e-02 
-2.33982053e+00  1.80761785e-02 
-2.33813380e+00  1.81355389e-02 
-2.33636425e+00  1.81943080e-02 
-2.33450430e+00  1.82524314e-02 
-2.33254542e+00  1.83098485e-02 
-2.33047806e+00  1.83664909e-02 
-2.32829151e+00  1.84222822e-02 
-2.32597375e+00  1.84771367e-02 
-2.32351134e+00  1.85309582e-02 
-2.32088929e+00  1.85836398e-02 
-2.31809097e+00  1.86350628e-02 
-2.31509813e+00  1.86850969e-02 
-2.31189096e+00  1.87336006e-02 
-2.30844833e+00  1.87804232e-02 
-2.30474834e+00  1.88254081e-02 
-2.30076909e+00  1.88683992e-02 
-2.29648992e+00  1.89092489e-02 
-2.29189296e+00  1.89478297e-02 
-2.28696506e+00  1.89840476e-02 
-2.28169974e+00  1.90178565e-02 
-2.27609886e+00  1.90492697e-02 
-2.27017352e+00  1.90783665e-02 
-2.26394380e+00  1.91052903e-02 
-2.25743734e+00  1.91302384e-02 
-2.25068689e+00  1.91534447e-02 
-2.24372750e+00  1.91751594e-02 
-2.23659382e+00  1.91956299e-02 
-2.22931809e+00  1.92150864e-02 
-2.22192882e+00  1.92337324e-02 
-2.21445022e+00  1.92517407e-02 
-2.20690226e+00  1.92692540e-02 
-2.19930098e+00  1.92863867e-02 
-2.19165903e+00  1.93032291e-02 
-2.18398626e+00  1.93198516e-02 
-2.17629023e+00  1.93363080e-02 
-2.16857670e+00  1.93526395e-02 
-2.16085005e+00  1.93688774e-02 
-2.15311357e+00  1.93850452e-02 
-2.14536974e+00  1.94011605e-02 
-2.13762042e+00  1.94172367e-02 
-2.12986700e+00  1.94332835e-02 
-2.12211052e+00  1.94493086e-02 
-2.11435175e+00  1.94653173e-02 
-2.10659128e+00  1.94813139e-02 
-2.09882954e+00  1.94973014e-02 
-2.09106684e+00  1.95132821e-02 
-2.08330344e+00  1.95292578e-02 
-2.07553951e+00  1.95452297e-02 
-2.06777518e+00  1.95611987e-02 
-2.06001056e+00  1.95771657e-02 
-2.05224571e+00  1.95931311e-02 
-2.04448070e+00  1.96090953e-02 
-2.03671557e+00  1.96250586e-02 
-2.02895034e+00  1.96410213e-02 
-2.02118504e+00  1.96569834e-02 
-2.01341970e+00  1.96729452e-02 
-2.00565431e+00  1.96889067e-02 
-1.99788889e+00  1.97048680e-02 
-1.99012345e+00  1.97208292e-02 
-1.98235800e+00  1.97367902e-02 
-1.97459253e+00  1.97527512e-02 
-1.96682705e+00  1.97687120e-02 
-1.95906157e+00  1.97846729e-02 
-1.95129608e+00  1.98006336e-02 
-1.94353058e+00  1.98165944e-02 
-1.93576509e+00  1.98325551e-02 
-1.92799959e+00  1.98485159e-02 
-1.92023409e+00  1.98644766e-02 
-1.91246859e+00  1.98804373e-02 
-1.90470308e+00  1.98963980e-02 
-1.89693758e+00  1.99123587e-02 
-1.88917207e+00  1.99283193e-02 
-1.88140657e+00  1.99442800e-02 
-1.87364106e+00  1.99602407e-02 
-1.86587556e+00  1.99762014e-02 
-1.85811005e+00  1.99921620e-02 
-1.85034455e+00  2.00081227e-02 
-1.84257904e+00  2.00240834e-02 
-1.83481354e+00  2.00400441e-02 
-1.82704803e+00  2.00560047e-02 
-1.81928252e+00  2.00719654e-02 
-1.81151702e+00  2.00879261e-02 
-1.80375151e+00  2.01038867e-02 
-1.79598601e+00  2.01198474e-02 
-1.78822050e+00  2.01358081e-02 
-1.78045499e+00  2.01517688e-02 
-1.77268949e+00  2.01677294e-02 
-1.76492398e+00  2.01836901e-02 
-1.75715847e+00  2.01996508e-02 
-1.74939297e+00  2.02156114e-02 
-1.74162746e+00  2.02315721e-02 
-1.73386196e+00  2.02475328e-02 
-1.72609645e+00  2.02634934e-02 
-1.71833094e+00  2.02794541e-02 
-1.71056544e+00  2.02954148e-02 
-1.70279993e+00  2.03113755e-02 
-1.69503442e+00  2.03273361e-02 
-1.68726892e+00  2.03432968e-02 
-1.67950341e+00  2.03592575e-02 
-1.67173791e+00  2.03752181e-02 
-1.66397240e+00  2.03911788e-02 
-1.65620689e+00  2.04071395e-02 
-1.64844139e+00  2.04231001e-02 
-1.64067588e+00  2.04390608e-02 
-1.63291037e+00  2.04550215e-02 
-1.62514487e+00  2.04709822e-02 
-1.61737936e+00  2.04869428e-02 
-1.60961386e+00  2.05029035e-02 
-1.60184835e+00  2.05188642e-02 
-1.59408284e+00  2.05348248e-02 
-1.58631734e+00  2.05507855e-02 
-1.57855183e+00  2.05667462e-02 
-1.57078632e+00  2.05827068e-02 
-1.56302082e+00  2.05986675e-02 
-1.55525531e+00  2.06146282e-02 
-1.54748981e+00  2.06305889e-02 
-1.53972430e+00  2.06465495e-02 
-1.53195879e+00  2.06625102e-02 
-1.52419329e+00  2.06784709e-02 
-1.51642778e+00  2.06944315e-02 
-1.50866227e+00  2.07103922e-02 
-1.50089677e+00  2.07263529e-02 
-1.49313126e+00  2.07423135e-02 
-1.48536576e+00  2.07582742e-02 
-1.47760025e+00  2.07742349e-02 
-1.46983474e+00  2.07901955e-02 
-1.46206924e+00  2.08061562e-02 
-1.45430373e+00  2.08221169e-02 
-1.44653823e+00  2.08380776e-02 
-1.43877272e+00  2.08540382e-02 
-1.43100721e+00  2.08699989e-02 
-1.42324171e+00  2.08859596e-02 
-1.41547620e+00  2.09019202e-02 
-1.40771069e+00  2.09178809e-02 
-1.39994519e+00  2.09338416e-02 
-1.39217968e+00  2.09498022e-02 
-1.38441418e+00  2.09657629e-02 
-1.37664867e+00  2.09817236e-02 
-1.36888316e+00  2.09976843e-02 
-1.36111766e+00  2.10136449e-02 
-1.35335215e+00  2.10296056e-02 
-1.34558664e+00  2.10455663e-02 
-1.33782114e+00  2.10615269e-02 
-1.33005563e+00  2.10774876e-02 
-1.32229013e+00  2.10934483e-02 
-1.31452462e+00  2.11094089e-02 
-1.30675911e+00  2.11253696e-02 
-1.29899361e+00  2.11413303e-02 
-1.29122810e+00  2.11572910e-02 
-1.28346259e+00  2.11732516e-02 
-1.27569709e+00  2.11892123e-02 
-1.26793158e+00  2.12051730e-02 
-1.26016608e+00  2.12211336e-02 
-1.25240057e+00  2.12370943e-02 
-1.24463506e+00  2.12530550e-02 
-1.23686956e+00  2.12690156e-02 
-1.22910405e+00  2.12849763e-02 
-1.22133854e+00  2.13009370e-02 
-1.21357304e+00  2.13168976e-02 
-1.20580753e+00  2.13328583e-02 
-1.19804203e+00  2.13488190e-02 
-1.19027652e+00  2.13647797e-02 
-1.18251101e+00  2.13807403e-02 
-1.17474551e+00  2.13967010e-02 
-1.16698000e+00  2.14126617e-02 
-1.15921449e+00  2.14286223e-02 
-1.15144899e+00  2.14445830e-02 
-1.14368348e+00  2.14605437e-02 
-1.13591798e+00  2.14765043e-02 
-1.12815247e+00  2.14924650e-02 
-1.12038696e+00  2.15084257e-02 
-1.11262146e+00  2.15243864e-02 
-1.10485595e+00  2.15403470e-02 
-1.09709044e+00  2.15563077e-02 
-1.08932494e+00  2.15722684e-02 
-1.08155943e+00  2.15882290e-02 
-1.07379393e+00  2.16041897e-02 
-1.06602842e+00  2.16201504e-02 
-1.05826291e+00  2.16361110e-02 
-1.05049741e+00  2.16520717e-02 
-1.04273190e+00  2.16680324e-02 
-1.03496639e+00  2.16839931e-02 
-1.02720089e+00  2.16999537e-02 
-1.01943538e+00  2.17159144e-02 
-1.01166988e+00  2.17318751e-02 
-1.00390437e+00  2.17478357e-02 
-9.96138863e-01  2.17637964e-02 
-9.88373357e-01  2.17797571e-02 
-9.80607851e-01  2.17957177e-02 
-9.72842345e-01  2.18116784e-02 
-9.65076838e-01  2.18276391e-02 
-9.57311332e-01  2.18435998e-02 
-9.49545826e-01  2.18595604e-02 
-9.41780320e-01  2.18755211e-02 
-9.34014813e-01  2.18914818e-02 
-9.26249307e-01  2.19074424e-02 
-9.18483801e-01  2.19234031e-02 
-9.10718295e-01  2.19393638e-02 
-9.02952789e-01  2.19553244e-02 
-8.95187282e-01  2.19712851e-02 
-8.87421776e-01  2.19872458e-02 
-8.79656270e-01  2.20032064e-02 
-8.71890764e-01  2.20191671e-02 
-8.64125257e-01  2.20351278e-02 
-8.56359751e-01  2.20510885e-02 
-8.48594245e-01  2.20670491e-02 
-8.40828739e-01  2.20830098e-02 
-8.33063232e-01  2.20989705e-02 
-8.25297726e-01  2.21149311e-02 
-8.17532220e-01  2.21308918e-02 
-8.09766714e-01  2.21468525e-02 
-8.02001207e-01  2.21628131e-02 
-7.94235701e-01  2.21787738e-02 
-7.86470195e-01  2.21947345e-02 
-7.78704689e-01  2.22106952e-02 
-7.70939183e-01  2.22266558e-02 
-7.63173676e-01  2.22426165e-02 
-7.55408170e-01  2.22585772e-02 
-7.47642664e-01  2.22745378e-02 
-7.39877158e-01  2.22904985e-02 
-7.32111651e-01  2.23064592e-02 
-7.24346145e-01  2.23224198e-02 
-7.16580639e-01  2.23383805e-02 
-7.08815133e-01  2.23543412e-02 
-7.01049626e-01  2.23703019e-02 
-6.93284120e-01  2.23862625e-02 
-6.85518614e-01  2.24022232e-02 
-6.77753108e-01  2.24181839e-02 
-6.69987601e-01  2.24341445e-02 
-6.62222095e-01  2.24501052e-02 
-6.54456589e-01  2.24660659e-02 
-6.46691083e-01  2.24820265e-02 
-6.38925576e-01  2.24979872e-02 
-6.31160070e-01  2.25139479e-02 
-6.23394564e-01  2.25299085e-02 
-6.15629058e-01  2.25458692e-02 
-6.07863552e-01  2.25618299e-02 
-6.00098045e-01  2.25777906e-02 
-5.92332539e-01  2.25937512e-02 
-5.84567033e-01  2.26097119e-02 
-5.76801527e-01  2.26256726e-02 
-5.69036020e-01  2.26416332e-02 
-5.61270514e-01  2.26575939e-02 
-5.53505008e-01  2.26735546e-02 
-5.45739502e-01  2.26895152e-02 
-5.37973995e-01  2.27054759e-02 
-5.30208489e-01  2.27214366e-02 
-5.22442983e-01  2.27373973e-02 
-5.14677477e-01  2.27533579e-02 
-5.06911970e-01  2.27693186e-02 
-4.99146464e-01  2.27852793e-02 
-4.91380958e-01  2.28012399e-02 
-4.83615452e-01  2.28172006e-02 
-4.75849946e-01  2.28331613e-02 
-4.68084439e-01  2.28491219e-02 
-4.60318933e-01  2.28650826e-02 
-4.52553427e-01  2.28810433e-02 
-4.44787921e-01  2.28970040e-02 
-4.37022414e-01  2.29129646e-02 
-4.29256908e-01  2.29289253e-02 
-4.21491402e-01  2.29448860e-02 
-4.13725896e-01  2.29608466e-02 
-4.05960389e-01  2.29768073e-02 
-3.98194883e-01  2.29927680e-02 
-3.90429377e-01  2.30087286e-02 
-3.82663871e-01  2.30246893e-02 
-3.74898364e-01  2.30406500e-02 
-3.67132858e-01  2.30566107e-02 
-3.59367352e-01  2.30725713e-02 
-3.51601846e-01  2.30885320e-02 
-3.43836340e-01  2.31044927e-02 
-3.36070833e-01  2.31204533e-02 
-3.28305327e-01  2.31364140e-02 
-3.20539821e-01  2.31523747e-02 
-3.12774315e-01  2.31683353e-02 
-3.05008808e-01  2.31842960e-02 
-2.97243302e-01  2.32002567e-02 
-2.89477796e-01  2.32162173e-02 
-2.81712290e-01  2.32321780e-02 
-2.73946783e-01  2.32481387e-02 
-2.66181277e-01  2.32640994e-02 
-2.58415771e-01  2.32800600e-02 
-2.50650265e-01  2.32960207e-02 
-2.42884758e-01  2.33119814e-02 
-2.35119252e-01  2.33279420e-02 
-2.27353746e-01  2.33439027e-02 
-2.19588240e-01  2.33598634e-02 
-2.11822734e-01  2.33758240e-02 
-2.04057227e-01  2.33917847e-02 
-1.96291721e-01  2.34077454e-02 
-1.88526215e-01  2.34237061e-02 
-1.80760709e-01  2.34396667e-02 
-1.72995202e-01  2.34556274e-02 
-1.65229696e-01  2.34715881e-02 
-1.57464190e-01  2.34875487e-02 
-1.49698684e-01  2.35035094e-02 
-1.41933177e-01  2.35194701e-02 
-1.34167671e-01  2.35354307e-02 
-1.26402165e-01  2.35513914e-02 
-1.18636659e-01  2.35673521e-02 
-1.10871152e-01  2.35833128e-02 
-1.03105646e-01  2.35992734e-02 
-9.53401400e-02  2.36152341e-02 
-8.75746338e-02  2.36311948e-02 
-7.98091275e-02  2.36471554e-02 
-7.20436213e-02  2.36631161e-02 
-6.42781151e-02  2.36790768e-02 
-5.65126088e-02  2.36950374e-02 
-4.87471026e-02  2.37109981e-02 
-4.09815964e-02  2.37269588e-02 
-3.32160901e-02  2.37429195e-02 
-2.54505839e-02  2.37588801e-02 
-1.76850776e-02  2.37748408e-02 
-9.91957141e-03  2.37908015e-02 
-2.15406518e-03  2.38067621e-02 
 5.61144106e-03  2.38227228e-02 
 1.33769473e-02  2.38386835e-02 
 2.11424535e-02  2.38546441e-02 
 2.89079598e-02  2.38706048e-02 
 3.66734660e-02  2.38865655e-02 
 4.44389722e-02  2.39025261e-02 
 5.22044785e-02  2.39184868e-02 
 5.99699847e-02  2.39344475e-02 
 6.77354909e-02  2.39504082e-02 
 7.55009972e-02  2.39663688e-02 
 8.32665034e-02  2.39823295e-02 
 9.10320096e-02  2.39982902e-02 
 9.87975159e-02  2.40142508e-02 
 1.06563022e-01  2.40302115e-02 
 1.14328528e-01  2.40461722e-02 
 1.22094035e-01  2.40621328e-02 
 1.29859541e-01  2.40780935e-02 
 1.37625047e-01  2.40940542e-02 
 1.45390553e-01  2.41100149e-02 
 1.53156060e-01  2.41259755e-02 
 1.60921566e-01  2.41419362e-02 
 1.68687072e-01  2.41578969e-02 
 1.76452578e-01  2.41738575e-02 
 1.84218084e-01  2.41898182e-02 
 1.91983591e-01  2.42057789e-02 
 1.99749097e-01  2.42217395e-02 
 2.07514603e-01  2.42377002e-02 
 2.15280109e-01  2.42536609e-02 
 2.23045616e-01  2.42696216e-02 
 2.30811122e-01  2.42855822e-02 
 2.38576628e-01  2.43015429e-02 
 2.46342134e-01  2.43175036e-02 
 2.54107641e-01  2.43334642e-02 
 2.61873147e-01  2.43494249e-02 
 2.69638653e-01  2.43653856e-02 
 2.77404159e-01  2.43813462e-02 
 2.85169666e-01  2.43973069e-02 
 2.92935172e-01  2.44132676e-02 
 3.00700678e-01  2.44292282e-02 
 3.08466184e-01  2.44451889e-02 
 3.16231690e-01  2.44611496e-02 
 3.23997197e-01  2.44771103e-02 
 3.31762703e-01  2.44930709e-02 
 3.39528209e-01  2.45090316e-02 
 3.47293715e-01  2.45249923e-02 
 3.55059222e-01  2.45409529e-02 
 3.62824728e-01  2.45569136e-02 
 3.70590234e-01  2.45728743e-02 
 3.78355740e-01  2.45888349e-02 
 3.86121247e-01  2.46047956e-02 
 3.93886753e-01  2.46207563e-02 
 4.01652259e-01  2.46367170e-02 
 4.09417765e-01  2.46526776e-02 
 4.17183272e-01  2.46686383e-02 
 4.24948778e-01  2.46845990e-02 
 4.32714284e-01  2.47005596e-02 
 4.40479790e-01  2.47165203e-02 
 4.48245296e-01  2.47324810e-02 
 4.56010803e-01  2.47484416e-02 
 4.63776309e-01  2.47644023e-02 
 4.71541815e-01  2.47803630e-02 
 4.79307321e-01  2.47963237e-02 
 4.87072828e-01  2.48122843e-02 
 4.94838334e-01  2.48282450e-02 
 5.02603840e-01  2.48442057e-02 
 5.10369346e-01  2.48601663e-02 
 5.18134853e-01  2.48761270e-02 
 5.25900359e-01  2.48920877e-02 
 5.33665865e-01  2.49080483e-02 
 5.41431371e-01  2.49240090e-02 
 5.49196878e-01  2.49399697e-02 
 5.56962384e-01  2.49559304e-02 
 5.64727890e-01  2.49718910e-02 
 5.72493396e-01  2.49878517e-02 
 5.80258902e-01  2.50038124e-02 
 5.88024409e-01  2.50197730e-02 
 5.95789915e-01  2.50357337e-02 
 6.03555421e-01  2.50516944e-02 
 6.11320927e-01  2.50676550e-02 
 6.19086434e-01  2.50836157e-02 
 6.26851940e-01  2.50995764e-02 
 6.34617446e-01  2.51155370e-02 
 6.42382952e-01  2.51314977e-02 
 6.50148459e-01  2.51474584e-02 
 6.57913965e-01  2.51634191e-02 
 6.65679471e-01  2.51793797e-02 
 6.73444977e-01  2.51953404e-02 
 6.81210484e-01  2.52113011e-02 
 6.88975990e-01  2.52272617e-02 
 6.96741496e-01  2.52432224e-02 
 7.04507002e-01  2.52591831e-02 
 7.12272508e-01  2.52751437e-02 
 7.20038015e-01  2.52911044e-02 
 7.27803521e-01  2.53070651e-02 
 7.35569027e-01  2.53230258e-02 
 7.43334533e-01  2.53389864e-02 
 7.51100040e-01  2.53549471e-02 
 7.58865546e-01  2.53709078e-02 
 7.66631052e-01  2.53868684e-02 
 7.74396558e-01  2.54028291e-02 
 7.82162065e-01  2.54187898e-02 
 7.89927571e-01  2.54347504e-02 
 7.97693077e-01  2.54507111e-02 
 8.05458583e-01  2.54666718e-02 
 8.13224090e-01  2.54826325e-02 
 8.20989596e-01  2.54985931e-02 
 8.28755102e-01  2.55145538e-02 
 8.36520608e-01  2.55305145e-02 
 8.44286114e-01  2.55464751e-02 
 8.52051621e-01  2.55624358e-02 
 8.59817127e-01  2.55783965e-02 
 8.67582633e-01  2.55943571e-02 
 8.75348139e-01  2.56103178e-02 
 8.83113646e-01  2.56262785e-02 
 8.90879152e-01  2.56422392e-02 
 8.98644658e-01  2.56581998e-02 
 9.06410164e-01  2.56741605e-02 
 9.14175671e-01  2.56901212e-02 
 9.21941177e-01  2.57060818e-02 
 9.29706683e-01  2.57220425e-02 
 9.37472189e-01  2.57380032e-02 
 9.45237696e-01  2.57539638e-02 
 9.53003202e-01  2.57699245e-02 
 9.60768708e-01  2.57858852e-02 
 9.68534214e-01  2.58018458e-02 
 9.76299720e-01  2.58178065e-02 
 9.84065227e-01  2.58337672e-02 
 9.91830733e-01  2.58497279e-02 
 9.99596239e-01  2.58656885e-02 
 1.00736175e+00  2.58816492e-02 
 1.01512725e+00  2.58976099e-02 
 1.02289276e+00  2.59135705e-02 
 1.03065826e+00  2.59295312e-02 
 1.03842377e+00  2.59454919e-02 
 1.04618928e+00  2.59614525e-02 
 1.05395478e+00  2.59774132e-02 
 1.06172029e+00  2.59933739e-02 
 1.06948580e+00  2.60093346e-02 
 1.07725130e+00  2.60252952e-02 
 1.08501681e+00  2.60412559e-02 
 1.09278231e+00  2.60572166e-02 
 1.10054782e+00  2.60731772e-02 
 1.10831333e+00  2.60891379e-02 
 1.11607883e+00  2.61050986e-02 
 1.12384434e+00  2.61210592e-02 
 1.13160985e+00  2.61370199e-02 
 1.13937535e+00  2.61529806e-02 
 1.14714086e+00  2.61689413e-02 
 1.15490636e+00  2.61849019e-02 
 1.16267187e+00  2.62008626e-02 
 1.17043738e+00  2.62168233e-02 
 1.17820288e+00  2.62327839e-02 
 1.18596839e+00  2.62487446e-02 
 1.19373390e+00  2.62647053e-02 
 1.20149940e+00  2.62806659e-02 
 1.20926491e+00  2.62966266e-02 
 1.21703041e+00  2.63125873e-02 
 1.22479592e+00  2.63285479e-02 
 1.23256143e+00  2.63445086e-02 
 1.24032693e+00  2.63604693e-02 
 1.24809244e+00  2.63764300e-02 
 1.25585794e+00  2.63923906e-02 
 1.26362345e+00  2.64083513e-02 
 1.27138896e+00  2.64243120e-02 
 1.27915446e+00  2.64402726e-02 
 1.28691997e+00  2.64562333e-02 
 1.29468548e+00  2.64721940e-02 
 1.30245098e+00  2.64881546e-02 
 1.31021649e+00  2.65041153e-02 
 1.31798199e+00  2.65200760e-02 
 1.32574750e+00  2.65360367e-02 
 1.33351301e+00  2.65519973e-02 
 1.34127851e+00  2.65679580e-02 
 1.34904402e+00  2.65839187e-02 
 1.35680953e+00  2.65998793e-02 
 1.36457503e+00  2.66158400e-02 
 1.37234054e+00  2.66318007e-02 
 1.38010604e+00  2.66477613e-02 
 1.38787155e+00  2.66637220e-02 
 1.39563706e+00  2.66796827e-02 
 1.40340256e+00  2.66956434e-02 
 1.41116807e+00  2.67116040e-02 
 1.41893358e+00  2.67275647e-02 
 1.42669908e+00  2.67435254e-02 
 1.43446459e+00  2.67594860e-02 
 1.44223009e+00  2.67754467e-02 
 1.44999560e+00  2.67914074e-02 
 1.45776111e+00  2.68073680e-02 
 1.46552661e+00  2.68233287e-02 
 1.47329212e+00  2.68392894e-02 
 1.48105763e+00  2.68552501e-02 
 1.48882313e+00  2.68712107e-02 
 1.49658864e+00  2.68871714e-02 
 1.50435414e+00  2.69031321e-02 
 1.51211965e+00  2.69190927e-02 
 1.51988516e+00  2.69350534e-02 
 1.52765066e+00  2.69510141e-02 
 1.53541617e+00  2.69669747e-02 
 1.54318168e+00  2.69829354e-02 
 1.55094718e+00  2.69988961e-02 
 1.55871269e+00  2.70148567e-02 
 1.56647819e+00  2.70308174e-02 
 1.57424370e+00  2.70467781e-02 
 1.58200921e+00  2.70627388e-02 
 1.58977471e+00  2.70786994e-02 
 1.59754022e+00  2.70946601e-02 
 1.60530573e+00  2.71106208e-02 
 1.61307123e+00  2.71265814e-02 
 1.62083674e+00  2.71425421e-02 
 1.62860224e+00  2.71585028e-02 
 1.63636775e+00  2.71744634e-02 
 1.64413326e+00  2.71904241e-02 
 1.65189876e+00  2.72063848e-02 
 1.65966427e+00  2.72223455e-02 
 1.66742978e+00  2.72383061e-02 
 1.67519528e+00  2.72542668e-02 
 1.68296079e+00  2.72702275e-02 
 1.69072629e+00  2.72861881e-02 
 1.69849180e+00  2.73021488e-02 
 1.70625731e+00  2.73181095e-02 
 1.71402281e+00  2.73340701e-02 
 1.72178832e+00  2.73500308e-02 
 1.72955383e+00  2.73659915e-02 
 1.73731933e+00  2.73819522e-02 
 1.74508484e+00  2.73979128e-02 
 1.75285034e+00  2.74138735e-02 
 1.76061585e+00  2.74298342e-02 
 1.76838136e+00  2.74457948e-02 
 1.77614686e+00  2.74617555e-02 
 1.78391237e+00  2.74777162e-02 
 1.79167788e+00  2.74936768e-02 
 1.79944338e+00  2.75096375e-02 
 1.80720889e+00  2.75255982e-02 
 1.81497439e+00  2.75415589e-02 
 1.82273990e+00  2.75575195e-02 
 1.83050541e+00  2.75734802e-02 
 1.83827091e+00  2.75894409e-02 
 1.84603642e+00  2.76054015e-02 
 1.85380193e+00  2.76213622e-02 
 1.86156743e+00  2.76373229e-02 
 1.86933294e+00  2.76532835e-02 
 1.87709844e+00  2.76692442e-02 
 1.88486395e+00  2.76852049e-02 
 1.89262946e+00  2.77011655e-02 
 1.90039496e+00  2.77171262e-02 
 1.90816047e+00  2.77330869e-02 
 1.91592597e+00  2.77490476e-02 
 1.92369148e+00  2.77650082e-02 
 1.93145699e+00  2.77809689e-02 
 1.93922249e+00  2.77969296e-02 
 1.94698800e+00  2.78128902e-02 
 1.95475351e+00  2.78288509e-02 
 1.96251901e+00  2.78448116e-02 
 1.97028452e+00  2.78607722e-02 
 1.97805002e+00  2.78767329e-02 
 1.98581553e+00  2.78926936e-02 
 1.99358104e+00  2.79086543e-02 
 2.00134654e+00  2.79246149e-02 
 2.00911205e+00  2.79405756e-02 
 2.01687756e+00  2.79565363e-02 
 2.02464306e+00  2.79724969e-02 
 2.03240857e+00  2.79884576e-02 
 2.04017407e+00  2.80044183e-02 
 2.04793958e+00  2.80203789e-02 
 2.05570509e+00  2.80363396e-02 
 2.06347059e+00  2.80523003e-02 
 2.07123610e+00  2.80682610e-02 
 2.07900161e+00  2.80842216e-02 
 2.08676711e+00  2.81001823e-02 
 2.09453262e+00  2.81161430e-02 
 2.10229812e+00  2.81321036e-02 
 2.11006363e+00  2.81480643e-02 
 2.11782914e+00  2.81640250e-02 
 2.12559464e+00  2.81799856e-02 
 2.13336015e+00  2.81959463e-02 
 2.14112566e+00  2.82119070e-02 
 2.14889116e+00  2.82278676e-02 
 2.15665667e+00  2.82438283e-02 
 2.16442217e+00  2.82597890e-02 
 2.17218768e+00  2.82757497e-02 
 2.17995319e+00  2.82917103e-02 
 2.18771869e+00  2.83076710e-02 
 2.19548420e+00  2.83236317e-02 
 2.20324971e+00  2.83395923e-02 
 2.21101521e+00  2.83555530e-02 
 2.21878072e+00  2.83715137e-02 
 2.22654622e+00  2.83874743e-02 
 2.23431173e+00  2.84034350e-02 
 2.24207724e+00  2.84193957e-02 
 2.24984274e+00  2.84353564e-02 
 2.25760825e+00  2.84513170e-02 
 2.26537376e+00  2.84672777e-02 
 2.27313926e+00  2.84832384e-02 
 2.28090477e+00  2.84991990e-02 
 2.28867027e+00  2.85151597e-02 
 2.29643578e+00  2.85311204e-02 
 2.30420129e+00  2.85470810e-02 
 2.31196679e+00  2.85630417e-02 
 2.31973230e+00  2.85790024e-02 
 2.32749781e+00  2.85949631e-02 
 2.33526331e+00  2.86109237e-02 
 2.34302882e+00  2.86268844e-02 
 2.35079432e+00  2.86428451e-02 
 2.35855983e+00  2.86588057e-02 
 2.36632534e+00  2.86747664e-02 
 2.37409084e+00  2.86907271e-02 
 2.38185635e+00  2.87066877e-02 
 2.38962186e+00  2.87226484e-02 
 2.39738736e+00  2.87386091e-02 
 2.40515287e+00  2.87545698e-02 
 2.41291837e+00  2.87705304e-02 
 2.42068388e+00  2.87864911e-02 
 2.42844939e+00  2.88024518e-02 
 2.43621489e+00  2.88184124e-02 
 2.44398040e+00  2.88343731e-02 
 2.45174591e+00  2.88503338e-02 
 2.45951141e+00  2.88662944e-02 
 2.46727692e+00  2.88822551e-02 
 2.47504242e+00  2.88982158e-02 
 2.48280793e+00  2.89141764e-02 
 2.49057344e+00  2.89301371e-02 
 2.49833894e+00  2.89460978e-02 
 2.50610445e+00  2.89620585e-02 
 2.51386995e+00  2.89780191e-02 
 2.52163546e+00  2.89939798e-02 
 2.52940097e+00  2.90099405e-02 
 2.53716647e+00  2.90259011e-02 
 2.54493198e+00  2.90418618e-02 
 2.55269749e+00  2.90578225e-02 
 2.56046299e+00  2.90737831e-02 
 2.56822850e+00  2.90897438e-02 
 2.57599400e+00  2.91057045e-02 
 2.58375951e+00  2.91216652e-02 
 2.59152502e+00  2.91376258e-02 
 2.59929052e+00  2.91535865e-02 
 2.60705603e+00  2.91695472e-02 
 2.61482154e+00  2.91855078e-02 
 2.62258704e+00  2.92014685e-02 
 2.63035255e+00  2.92174292e-02 
 2.63811805e+00  2.92333898e-02 
 2.64588356e+00  2.92493505e-02 
 2.65364907e+00  2.92653112e-02 
 2.66141457e+00  2.92812719e-02 
 2.66918008e+00  2.92972325e-02 
 2.67694559e+00  2.93131932e-02 
 2.68471109e+00  2.93291539e-02 
 2.69247660e+00  2.93451145e-02 
 2.70024210e+00  2.93610752e-02 
 2.70800761e+00  2.93770359e-02 
 2.71577312e+00  2.93929965e-02 
 2.72353862e+00  2.94089572e-02 
 2.73130413e+00  2.94249179e-02 
 2.73906964e+00  2.94408786e-02 
 2.74683514e+00  2.94568392e-02 
 2.75460065e+00  2.94727999e-02 
 2.76236615e+00  2.94887606e-02 
 2.77013166e+00  2.95047212e-02 
 2.77789717e+00  2.95206819e-02 
 2.78566267e+00  2.95366426e-02 
 2.79342818e+00  2.95526032e-02 
 2.80119369e+00  2.95685639e-02 
 2.80895919e+00  2.95845246e-02 
 2.81672470e+00  2.96004852e-02 
 2.82449020e+00  2.96164459e-02 
 2.83225571e+00  2.96324066e-02 
 2.84002122e+00  2.96483673e-02 
 2.84778672e+00  2.96643279e-02 
 2.85555223e+00  2.96802886e-02 
 2.86331774e+00  2.96962493e-02 
 2.87108324e+00  2.97122099e-02 
 2.87884875e+00  2.97281706e-02 
 2.88661425e+00  2.97441313e-02 
 2.89437976e+00  2.97600919e-02 
 2.90214527e+00  2.97760526e-02 
 2.90991077e+00  2.97920133e-02 
 2.91767628e+00  2.98079740e-02 
 2.92544179e+00  2.98239346e-02 
 2.93320729e+00  2.98398953e-02 
 2.94097280e+00  2.98558560e-02 
 2.94873830e+00  2.98718166e-02 
 2.95650381e+00  2.98877773e-02 
 2.96426932e+00  2.99037380e-02 
 2.97203482e+00  2.99196986e-02 
 2.97980033e+00  2.99356593e-02 
 2.98756584e+00  2.99516200e-02 
 2.99533134e+00  2.99675807e-02 
 3.00309685e+00  2.99835413e-02 
 3.01086235e+00  2.99995020e-02 
 3.01862786e+00  3.00154627e-02 
 3.02639337e+00  3.00314233e-02 
 3.03415887e+00  3.00473840e-02 
 3.04192438e+00  3.00633447e-02 
 3.04968989e+00  3.00793053e-02 
 3.05745539e+00  3.00952660e-02 
 3.06522090e+00  3.01112267e-02 
 3.07298640e+00  3.01271874e-02 
 3.08075191e+00  3.01431480e-02 
 3.08851742e+00  3.01591087e-02 
 3.09628292e+00  3.01750694e-02 
 3.10404843e+00  3.01910300e-02 
 3.11181394e+00  3.02069907e-02 
 3.11957944e+00  3.02229514e-02 
 3.12734495e+00  3.02389120e-02 
 3.13511045e+00  3.02548727e-02 
 3.14287596e+00  3.02708334e-02 
 3.15064147e+00  3.02867940e-02 
 3.15840697e+00  3.03027547e-02 
 3.16617248e+00  3.03187154e-02 
 3.17393798e+00  3.03346761e-02 
 3.18170349e+00  3.03506367e-02 
 3.18946900e+00  3.03665974e-02 
 3.19723450e+00  3.03825581e-02 
 3.20500001e+00  3.03985187e-02 
 3.21276552e+00  3.04144794e-02 
 3.22053102e+00  3.04304401e-02 
 3.22829653e+00  3.04464007e-02 
 3.23606203e+00  3.04623614e-02 
 3.24382754e+00  3.04783221e-02 
 3.25159305e+00  3.04942828e-02 
 3.25935855e+00  3.05102434e-02 
 3.26712406e+00  3.05262041e-02 
 3.27488957e+00  3.05421648e-02 
 3.28265507e+00  3.05581254e-02 
 3.29042058e+00  3.05740861e-02 
 3.29818608e+00  3.05900468e-02 
 3.30595159e+00  3.06060074e-02 
 3.31371710e+00  3.06219681e-02 
 3.32148260e+00  3.06379288e-02 
 3.32924811e+00  3.06538895e-02 
 3.33701362e+00  3.06698501e-02 
 3.34477912e+00  3.06858108e-02 
 3.35254463e+00  3.07017715e-02 
 3.36031013e+00  3.07177321e-02 
 3.36807564e+00  3.07336928e-02 
 3.37584115e+00  3.07496535e-02 
 3.38360665e+00  3.07656141e-02 
 3.39137216e+00  3.07815748e-02 
 3.39913767e+00  3.07975355e-02 
 3.40690317e+00  3.08134961e-02 
 3.41466868e+00  3.08294568e-02 
 3.42243418e+00  3.08454175e-02 
 3.43019969e+00  3.08613782e-02 
 3.43796520e+00  3.08773388e-02 
 3.44573070e+00  3.08932995e-02 
 3.45349621e+00  3.09092602e-02 
 3.46126172e+00  3.09252208e-02 
 3.46902722e+00  3.09411815e-02 
 3.47679273e+00  3.09571422e-02 
 3.48455823e+00  3.09731028e-02 
 3.49232374e+00  3.09890635e-02 
 3.50008925e+00  3.10050242e-02 
 3.50785475e+00  3.10209849e-02 
 3.51562026e+00  3.10369455e-02 
 3.52338577e+00  3.10529062e-02 
 3.53115127e+00  3.10688669e-02 
 3.53891678e+00  3.10848275e-02 
 3.54668228e+00  3.11007882e-02 
 3.55444779e+00  3.11167489e-02 
 3.56221330e+00  3.11327095e-02 
 3.56997880e+00  3.11486702e-02 
 3.57774431e+00  3.11646309e-02 
 3.58550982e+00  3.11805916e-02 
 3.59327532e+00  3.11965522e-02 
 3.60104083e+00  3.12125129e-02 
 3.60880633e+00  3.12284736e-02 
 3.61657184e+00  3.12444342e-02 
 3.62433735e+00  3.12603949e-02 
 3.63210285e+00  3.12763556e-02 
 3.63986836e+00  3.12923162e-02 
 3.64763387e+00  3.13082769e-02 
 3.65539937e+00  3.13242376e-02 
 3.66316488e+00  3.13401983e-02 
 3.67093038e+00  3.13561589e-02 
 3.67869589e+00  3.13721196e-02 
 3.68646140e+00  3.13880803e-02 
 3.69422690e+00  3.14040409e-02 
 3.70199241e+00  3.14200016e-02 
 3.70975792e+00  3.14359623e-02 
 3.71752342e+00  3.14519229e-02 
 3.72528893e+00  3.14678836e-02 
 3.73305443e+00  3.14838443e-02 
 3.74081994e+00  3.14998049e-02 
 3.74858545e+00  3.15157656e-02 
 3.75635095e+00  3.15317263e-02 
 3.76411646e+00  3.15476870e-02 
 3.77188196e+00  3.15636476e-02 
 3.77964747e+00  3.15796083e-02 
 3.78741298e+00  3.15955690e-02 
 3.79517848e+00  3.16115296e-02 
 3.80294399e+00  3.16274903e-02 
 3.81070950e+00  3.16434510e-02 
 3.81847500e+00  3.16594116e-02 
 3.82624051e+00  3.16753723e-02 
 3.83400601e+00  3.16913330e-02 
 3.84177152e+00  3.17072937e-02 
 3.84953703e+00  3.17232543e-02 
 3.85730253e+00  3.17392150e-02 
 3.86506804e+00  3.17551757e-02 
 3.87283355e+00  3.17711363e-02 
 3.88059905e+00  3.17870970e-02 
 3.88836456e+00  3.18030577e-02 
 3.89613006e+00  3.18190183e-02 
 3.90389557e+00  3.18349790e-02 
 3.91166108e+00  3.18509397e-02 
 3.91942658e+00  3.18669004e-02 
 3.92719209e+00  3.18828610e-02 
 3.93495760e+00  3.18988217e-02 
 3.94272310e+00  3.19147824e-02 
 3.95048861e+00  3.19307430e-02 
 3.95825411e+00  3.19467037e-02 
 3.96601962e+00  3.19626644e-02 
 3.97378513e+00  3.19786250e-02 
 3.98155063e+00  3.19945857e-02 
 3.98931614e+00  3.20105464e-02 
 3.99708165e+00  3.20265071e-02 
 4.00484715e+00  3.20424677e-02 
 4.01261266e+00  3.20584284e-02 
 4.02037816e+00  3.20743891e-02 
 4.02814367e+00  3.20903497e-02 
 4.03590918e+00  3.21063104e-02 
 4.04367468e+00  3.21222711e-02 
 4.05144019e+00  3.21382317e-02 
 4.05920570e+00  3.21541924e-02 
 4.06697120e+00  3.21701531e-02 
 4.07473671e+00  3.21861137e-02 
 4.08250221e+00  3.22020744e-02 
 4.09026772e+00  3.22180351e-02 
 4.09803323e+00  3.22339958e-02 
 4.10579873e+00  3.22499564e-02 
 4.11356424e+00  3.22659171e-02 
 4.12132975e+00  3.22818778e-02 
 4.12909525e+00  3.22978384e-02 
 4.13686076e+00  3.23137991e-02 
 4.14462626e+00  3.23297598e-02 
 4.15239177e+00  3.23457204e-02 
 4.16015728e+00  3.23616811e-02 
 4.16792278e+00  3.23776418e-02 
 4.17568829e+00  3.23936025e-02 
 4.18345380e+00  3.24095631e-02 
 4.19121930e+00  3.24255238e-02 
 4.19898481e+00  3.24414845e-02 
 4.20675031e+00  3.24574451e-02 
 4.21451582e+00  3.24734058e-02 
 4.22228133e+00  3.24893665e-02 
 4.23004683e+00  3.25053271e-02 
 4.23781234e+00  3.25212878e-02 
 4.24557785e+00  3.25372485e-02 
 4.25334335e+00  3.25532092e-02 
 4.26110886e+00  3.25691698e-02 
 4.26887436e+00  3.25851305e-02 
 4.27663987e+00  3.26010912e-02 
 4.28440538e+00  3.26170518e-02 
 4.29217088e+00  3.26330125e-02 
 4.29993639e+00  3.26489732e-02 
 4.30770190e+00  3.26649338e-02 
 4.31546740e+00  3.26808945e-02 
 4.32323291e+00  3.26968552e-02 
 4.33099841e+00  3.27128159e-02 
 4.33876392e+00  3.27287765e-02 
 4.34652943e+00  3.27447372e-02 
 4.35429493e+00  3.27606979e-02 
 4.36206044e+00  3.27766585e-02 
 4.36982594e+00  3.27926192e-02 
 4.37759145e+00  3.28085799e-02 
 4.38535696e+00  3.28245405e-02 
 4.39312246e+00  3.28405012e-02 
 4.40088797e+00  3.28564619e-02 
 4.40865348e+00  3.28724225e-02 
 4.41641898e+00  3.28883832e-02 
 4.42418449e+00  3.29043439e-02 
 4.43194999e+00  3.29203046e-02 
 4.43971550e+00  3.29362652e-02 
 4.44748101e+00  3.29522259e-02 
 4.45524651e+00  3.29681866e-02 
 4.46301202e+00  3.29841472e-02 
 4.47077753e+00  3.30001079e-02 
 4.47854303e+00  3.30160686e-02 
 4.48630854e+00  3.30320292e-02 
 4.49407404e+00  3.30479899e-02 
 4.50183955e+00  3.30639506e-02 
 4.50960506e+00  3.30799113e-02 
 4.51737056e+00  3.30958719e-02 
 4.52513607e+00  3.31118326e-02 
 4.53290158e+00  3.31277933e-02 
 4.54066708e+00  3.31437539e-02 
 4.54843259e+00  3.31597146e-02 
 4.55619809e+00  3.31756753e-02 
 4.56396360e+00  3.31916359e-02 
 4.57172911e+00  3.32075966e-02 
 4.57949461e+00  3.32235573e-02 
 4.58726012e+00  3.32395180e-02 
 4.59502563e+00  3.32554786e-02 
 4.60279113e+00  3.32714393e-02 
 4.61055664e+00  3.32874000e-02 
 4.61832214e+00  3.33033606e-02 
 4.62608765e+00  3.33193213e-02 
 4.63385316e+00  3.33352820e-02 
 4.64161866e+00  3.33512426e-02 
 4.64938417e+00  3.33672033e-02 
 4.65714968e+00  3.33831640e-02 
 4.66491518e+00  3.33991247e-02 
 4.67268069e+00  3.34150853e-02 
 4.68044619e+00  3.34310460e-02 
 4.68821170e+00  3.34470067e-02 
 4.69597721e+00  3.34629673e-02 
 4.70374271e+00  3.34789280e-02 
 4.71150822e+00  3.34948887e-02 
 4.71927373e+00  3.35108493e-02 
 4.72703923e+00  3.35268100e-02 
 4.73480474e+00  3.35427707e-02 
 4.74257024e+00  3.35587313e-02 
 4.75033575e+00  3.35746920e-02 
 4.75810126e+00  3.35906527e-02 
 4.76586676e+00  3.36066134e-02 
 4.77363227e+00  3.36225740e-02 
 4.78139778e+00  3.36385347e-02 
 4.78916328e+00  3.36544954e-02 
 4.79692879e+00  3.36704560e-02 
 4.80469429e+00  3.36864167e-02 
 4.81245980e+00  3.37023774e-02 
 4.82022531e+00  3.37183380e-02 
 4.82799081e+00  3.37342987e-02 
 4.83575632e+00  3.37502594e-02 
 4.84352183e+00  3.37662201e-02 
 4.85128733e+00  3.37821807e-02 
 4.85905284e+00  3.37981414e-02 
 4.86681834e+00  3.38141021e-02 
 4.87458385e+00  3.38300627e-02 
 4.88234936e+00  3.38460234e-02 
 4.89011486e+00  3.38619841e-02 
 4.89788037e+00  3.38779447e-02 
 4.90564588e+00  3.38939054e-02 
 4.91341138e+00  3.39098661e-02 
 4.92117689e+00  3.39258268e-02 
 4.92894239e+00  3.39417874e-02 
 4.93670790e+00  3.39577481e-02 
 4.94447341e+00  3.39737088e-02 
 4.95223891e+00  3.39896694e-02 
 4.96000442e+00  3.40056301e-02 
 4.96776992e+00  3.40215908e-02 
 4.97553543e+00  3.40375514e-02 
 4.98330094e+00  3.40535121e-02 
 4.99106644e+00  3.40694728e-02 
 4.99883195e+00  3.40854335e-02 
 5.00659746e+00  3.41013941e-02 
 5.01436296e+00  3.41173548e-02 
 5.02212847e+00  3.41333155e-02 
 5.02989397e+00  3.41492761e-02 
 5.03765948e+00  3.41652368e-02 
 5.04542499e+00  3.41811975e-02 
 5.05319049e+00  3.41971581e-02 
 5.06095600e+00  3.42131188e-02 
 5.06872151e+00  3.42290795e-02 
 5.07648701e+00  3.42450401e-02 
 5.08425252e+00  3.42610008e-02 
 5.09201802e+00  3.42769615e-02 
 5.09978353e+00  3.42929222e-02 
 5.10754904e+00  3.43088828e-02 
 5.11531454e+00  3.43248435e-02 
 5.12308005e+00  3.43408042e-02 
 5.13084556e+00  3.43567648e-02 
 5.13861106e+00  3.43727255e-02 
 5.14637657e+00  3.43886862e-02 
 5.15414207e+00  3.44046468e-02 
 5.16190758e+00  3.44206075e-02 
 5.16967309e+00  3.44365682e-02 
 5.17743859e+00  3.44525289e-02 
 5.18520410e+00  3.44684895e-02 
 5.19296961e+00  3.44844502e-02 
 5.20073511e+00  3.45004109e-02 
 5.20850062e+00  3.45163715e-02 
 5.21626612e+00  3.45323322e-02 
 5.22403163e+00  3.45482929e-02 
 5.23179714e+00  3.45642535e-02 
 5.23956264e+00  3.45802142e-02 
 5.24732815e+00  3.45961749e-02 
 5.25509366e+00  3.46121356e-02 
 5.26285916e+00  3.46280962e-02 
 5.27062467e+00  3.46440569e-02 
 5.27839017e+00  3.46600176e-02 
 5.28615568e+00  3.46759782e-02 
 5.29392119e+00  3.46919389e-02 
 5.30168669e+00  3.47078996e-02 
 5.30945220e+00  3.47238602e-02 
 5.31721771e+00  3.47398209e-02 
 5.32498321e+00  3.47557816e-02 
 5.33274872e+00  3.47717422e-02 
 5.34051422e+00  3.47877029e-02 
 5.34827973e+00  3.48036636e-02 
 5.35604524e+00  3.48196243e-02 
 5.36381074e+00  3.48355849e-02 
 5.37157625e+00  3.48515456e-02 
 5.37934176e+00  3.48675063e-02 
 5.38710726e+00  3.48834669e-02 
 5.39487277e+00  3.48994276e-02 
 5.40263827e+00  3.49153883e-02 
 5.41040378e+00  3.49313489e-02 
 5.41816929e+00  3.49473096e-02 
 5.42593479e+00  3.49632703e-02 
 5.43370030e+00  3.49792310e-02 
 5.44146581e+00  3.49951916e-02 
 5.44923131e+00  3.50111523e-02 
 5.45699682e+00  3.50271130e-02 
 5.46476232e+00  3.50430736e-02 
 5.47252783e+00  3.50590343e-02 
 5.48029334e+00  3.50749950e-02 
 5.48805884e+00  3.50909556e-02 
 5.49582435e+00  3.51069163e-02 
 5.50358986e+00  3.51228770e-02 
 5.51135536e+00  3.51388377e-02 
 5.51912087e+00  3.51547983e-02 
 5.52688637e+00  3.51707590e-02 
 5.53465188e+00  3.51867197e-02 
 5.54241739e+00  3.52026803e-02 
 5.55018289e+00  3.52186410e-02 
 5.55794840e+00  3.52346017e-02 
 5.56571390e+00  3.52505623e-02 
 5.57347941e+00  3.52665230e-02 
 5.58124492e+00  3.52824837e-02 
 5.58901042e+00  3.52984444e-02 
 5.59677593e+00  3.53144050e-02 
 5.60454144e+00  3.53303657e-02 
 5.61230694e+00  3.53463264e-02 
 5.62007245e+00  3.53622870e-02 
 5.62783795e+00  3.53782477e-02 
 5.63560346e+00  3.53942084e-02 
 5.64336897e+00  3.54101690e-02 
 5.65113447e+00  3.54261297e-02 
 5.65889998e+00  3.54420904e-02 
 5.66666549e+00  3.54580510e-02 
 5.67443099e+00  3.54740117e-02 
 5.68219650e+00  3.54899724e-02 
 5.68996200e+00  3.55059331e-02 
 5.69772751e+00  3.55218937e-02 
 5.70549302e+00  3.55378544e-02 
 5.71325852e+00  3.55538151e-02 
 5.72102403e+00  3.55697757e-02 
 5.72878954e+00  3.55857364e-02 
 5.73655504e+00  3.56016971e-02 
 5.74432055e+00  3.56176577e-02 
 5.75208605e+00  3.56336184e-02 
 5.75985156e+00  3.56495791e-02 
 5.76761707e+00  3.56655398e-02 
 5.77538257e+00  3.56815004e-02 
 5.78314808e+00  3.56974611e-02 
 5.79091359e+00  3.57134218e-02 
 5.79867909e+00  3.57293824e-02 
 5.80644460e+00  3.57453431e-02 
 5.81421010e+00  3.57613038e-02 
 5.82197561e+00  3.57772644e-02 
 5.82974112e+00  3.57932251e-02 
 5.83750662e+00  3.58091858e-02 
 5.84527213e+00  3.58251465e-02 
 5.85303764e+00  3.58411071e-02 
 5.86080314e+00  3.58570678e-02 
 5.86856865e+00  3.58730285e-02 
 5.87633415e+00  3.58889891e-02 
 5.88409966e+00  3.59049498e-02 
 5.89186517e+00  3.59209105e-02 
 5.89963067e+00  3.59368711e-02 
 5.90739618e+00  3.59528318e-02 
 5.91516169e+00  3.59687925e-02 
 5.92292719e+00  3.59847532e-02 
 5.93069270e+00  3.60007138e-02 
 5.93845820e+00  3.60166745e-02 
 5.94622371e+00  3.60326352e-02 
 5.95398922e+00  3.60485958e-02 
 5.96175472e+00  3.60645565e-02 
 5.96952023e+00  3.60805172e-02 
 5.97728574e+00  3.60964778e-02 
 5.98505124e+00  3.61124385e-02 
 5.99281675e+00  3.61283992e-02 
 6.00058225e+00  3.61443598e-02 
 6.00834776e+00  3.61603205e-02 
 6.01611327e+00  3.61762812e-02 
 6.02387877e+00  3.61922419e-02 
 6.03164428e+00  3.62082025e-02 
 6.03940979e+00  3.62241632e-02 
 6.04717529e+00  3.62401239e-02 
 6.05494080e+00  3.62560845e-02 
 6.06270630e+00  3.62720452e-02 
 6.07047181e+00  3.62880059e-02 
 6.07823732e+00  3.63039665e-02 
 6.08600282e+00  3.63199272e-02 
 6.09376833e+00  3.63358879e-02 
 6.10153384e+00  3.63518486e-02 
 6.10929934e+00  3.63678092e-02 
 6.11706485e+00  3.63837699e-02 
 6.12483035e+00  3.63997306e-02 
 6.13259586e+00  3.64156912e-02 
 6.14036137e+00  3.64316519e-02 
 6.14812687e+00  3.64476126e-02 
 6.15589238e+00  3.64635732e-02 
 6.16365788e+00  3.64795339e-02 
 6.17142339e+00  3.64954946e-02 
 6.17918890e+00  3.65114553e-02 
 6.18695440e+00  3.65274159e-02 
 6.19471991e+00  3.65433766e-02 
 6.20248542e+00  3.65593373e-02 
 6.21025092e+00  3.65752979e-02 
 6.21801643e+00  3.65912586e-02 
 6.22578193e+00  3.66072193e-02 
 6.23354744e+00  3.66231799e-02 
 6.24131295e+00  3.66391406e-02 
 6.24907845e+00  3.66551013e-02 
 6.25684396e+00  3.66710620e-02 
 6.26460947e+00  3.66870226e-02 
 6.27237497e+00  3.67029833e-02 
 6.28014048e+00  3.67189440e-02 
 6.28790598e+00  3.67349046e-02 
 6.29567149e+00  3.67508653e-02 
 6.30343700e+00  3.67668260e-02 
 6.31120250e+00  3.67827866e-02 
 6.31896801e+00  3.67987473e-02 
 6.32673352e+00  3.68147080e-02 
 6.33449902e+00  3.68306686e-02 
 6.34226453e+00  3.68466293e-02 
 6.35003003e+00  3.68625900e-02 
 6.35779554e+00  3.68785507e-02 
 6.36556105e+00  3.68945113e-02 
 6.37332655e+00  3.69104720e-02 
 6.38109206e+00  3.69264327e-02 
 6.38885757e+00  3.69423933e-02 
 6.39662307e+00  3.69583540e-02 
 6.40438858e+00  3.69743147e-02 
 6.41215408e+00  3.69902753e-02 
 6.41991959e+00  3.70062360e-02 
 6.42768510e+00  3.70221967e-02 
 6.43545060e+00  3.70381574e-02 
 6.44321611e+00  3.70541180e-02 
 6.45098162e+00  3.70700787e-02 
 6.45874712e+00  3.70860394e-02 
 6.46651263e+00  3.71020000e-02 
 6.47427813e+00  3.71179607e-02 
 6.48204364e+00  3.71339214e-02 
 6.48980915e+00  3.71498820e-02 
 6.49757465e+00  3.71658427e-02 
 6.50534016e+00  3.71818034e-02 
 6.51310567e+00  3.71977641e-02 
 6.52087117e+00  3.72137247e-02 
 6.52863668e+00  3.72296854e-02 
 6.53640218e+00  3.72456461e-02 
 6.54416769e+00  3.72616067e-02 
 6.55193320e+00  3.72775674e-02 
 6.55969870e+00  3.72935281e-02 
 6.56746421e+00  3.73094887e-02 
 6.57522972e+00  3.73254494e-02 
 6.58299522e+00  3.73414101e-02 
 6.59076073e+00  3.73573708e-02 
 6.59852623e+00  3.73733314e-02 
 6.60629174e+00  3.73892921e-02 
 6.61405725e+00  3.74052528e-02 
 6.62182275e+00  3.74212134e-02 
 6.62958826e+00  3.74371741e-02 
 6.63735377e+00  3.74531348e-02 
 6.64511927e+00  3.74690954e-02 
 6.65288478e+00  3.74850561e-02 
 6.66065028e+00  3.75010168e-02 
 6.66841579e+00  3.75169774e-02 
 6.67618130e+00  3.75329381e-02 
 6.68394680e+00  3.75488988e-02 
 6.69171231e+00  3.75648595e-02 
 6.69947782e+00  3.75808201e-02 
 6.70724332e+00  3.75967808e-02 
 6.71500883e+00  3.76127415e-02 
 6.72277433e+00  3.76287021e-02 
 6.73053984e+00  3.76446628e-02 
 6.73830535e+00  3.76606235e-02 
 6.74607085e+00  3.76765841e-02 
 6.75383636e+00  3.76925448e-02 
 6.76160186e+00  3.77085055e-02 
 6.76936737e+00  3.77244662e-02 
 6.77713288e+00  3.77404268e-02 
 6.78489838e+00  3.77563875e-02 
 6.79266389e+00  3.77723482e-02 
 6.80042940e+00  3.77883088e-02 
 6.80819490e+00  3.78042695e-02 
 6.81596041e+00  3.78202302e-02 
 6.82372591e+00  3.78361908e-02 
 6.83149142e+00  3.78521515e-02 
 6.83925693e+00  3.78681122e-02 
 6.84702243e+00  3.78840729e-02 
 6.85478794e+00  3.79000335e-02 
 6.86255345e+00  3.79159942e-02 
 6.87031895e+00  3.79319549e-02 
 6.87808446e+00  3.79479155e-02 
 6.88584996e+00  3.79638762e-02 
 6.89361547e+00  3.79798369e-02 
 6.90138098e+00  3.79957975e-02 
 6.90914648e+00  3.80117582e-02 
 6.91691199e+00  3.80277189e-02 
 6.92467750e+00  3.80436796e-02 
 6.93244300e+00  3.80596402e-02 
 6.94020851e+00  3.80756009e-02 
 6.94797401e+00  3.80915616e-02 
 6.95573952e+00  3.81075222e-02 
 6.96350503e+00  3.81234829e-02 
 6.97127053e+00  3.81394436e-02 
 6.97903604e+00  3.81554042e-02 
 6.98680155e+00  3.81713649e-02 
 6.99456705e+00  3.81873256e-02 
 7.00233256e+00  3.82032862e-02 
 7.01009806e+00  3.82192469e-02 
 7.01786357e+00  3.82352076e-02 
 7.02562908e+00  3.82511683e-02 
 7.03339458e+00  3.82671289e-02 
 7.04116009e+00  3.82830896e-02 
 7.04892560e+00  3.82990503e-02 
 7.05669110e+00  3.83150109e-02 
 7.06445661e+00  3.83309716e-02 
 7.07222211e+00  3.83469323e-02 
 7.07998762e+00  3.83628929e-02 
 7.08775313e+00  3.83788536e-02 
 7.09551863e+00  3.83948143e-02 
 7.10328414e+00  3.84107750e-02 
 7.11104965e+00  3.84267356e-02 
 7.11881515e+00  3.84426963e-02 
 7.12658066e+00  3.84586570e-02 
 7.13434616e+00  3.84746176e-02 
 7.14211167e+00  3.84905783e-02 
 7.14987718e+00  3.85065390e-02 
 7.15764268e+00  3.85224996e-02 
 7.16540819e+00  3.85384603e-02 
 7.17317370e+00  3.85544210e-02 
 7.18093920e+00  3.85703817e-02 
 7.18870471e+00  3.85863423e-02 
 7.19647021e+00  3.86023030e-02 
 7.20423572e+00  3.86182637e-02 
 7.21200123e+00  3.86342243e-02 
 7.21976673e+00  3.86501850e-02 
 7.22753224e+00  3.86661457e-02 
 7.23529775e+00  3.86821063e-02 
 7.24306325e+00  3.86980670e-02 
 7.25082876e+00  3.87140277e-02 
 7.25859426e+00  3.87299884e-02 
 7.26635977e+00  3.87459490e-02 
 7.27412528e+00  3.87619097e-02 
 7.28189078e+00  3.87778704e-02 
 7.28965629e+00  3.87938310e-02 
 7.29742179e+00  3.88097917e-02 
 7.30518730e+00  3.88257524e-02 
 7.31295281e+00  3.88417130e-02 
 7.32071831e+00  3.88576737e-02 
 7.32848382e+00  3.88736344e-02 
 7.33624933e+00  3.88895950e-02 
 7.34401483e+00  3.89055557e-02 
 7.35178034e+00  3.89215164e-02 
 7.35954584e+00  3.89374771e-02 
 7.36731135e+00  3.89534377e-02 
 7.37507686e+00  3.89693984e-02 
 7.38284236e+00  3.89853591e-02 
 7.39060787e+00  3.90013197e-02 
 7.39837338e+00  3.90172804e-02 
 7.40613888e+00  3.90332411e-02 
 7.41390439e+00  3.90492017e-02 
 7.42166989e+00  3.90651624e-02 
 7.42943540e+00  3.90811231e-02 
 7.43720091e+00  3.90970838e-02 
 7.44496641e+00  3.91130444e-02 
 7.45273192e+00  3.91290051e-02 
 7.46049743e+00  3.91449658e-02 
 7.46826293e+00  3.91609264e-02 
 7.47602844e+00  3.91768871e-02 
 7.48379394e+00  3.91928478e-02 
 7.49155945e+00  3.92088084e-02 
 7.49932496e+00  3.92247691e-02 
 7.50709046e+00  3.92407298e-02 
 7.51485597e+00  3.92566905e-02 
 7.52262148e+00  3.92726511e-02 
 7.53038698e+00  3.92886118e-02 
 7.53815249e+00  3.93045725e-02 
 7.54591799e+00  3.93205331e-02 
 7.55368350e+00  3.93364938e-02 
 7.56144901e+00  3.93524545e-02 
 7.56921451e+00  3.93684151e-02 
 7.57698002e+00  3.93843758e-02 
 7.58474553e+00  3.94003365e-02 
 7.59251103e+00  3.94162972e-02 
 7.60027654e+00  3.94322578e-02 
 7.60804204e+00  3.94482185e-02 
 7.61580755e+00  3.94641792e-02 
 7.62357306e+00  3.94801398e-02 
 7.63133856e+00  3.94961005e-02 
 7.63910407e+00  3.95120612e-02 
 7.64686958e+00  3.95280218e-02 
 7.65463508e+00  3.95439825e-02 
 7.66240059e+00  3.95599432e-02 
 7.67016609e+00  3.95759038e-02 
 7.67793160e+00  3.95918645e-02 
 7.68569711e+00  3.96078252e-02 
 7.69346261e+00  3.96237859e-02 
 7.70122812e+00  3.96397465e-02 
 7.70899363e+00  3.96557072e-02 
 7.71675913e+00  3.96716679e-02 
 7.72452464e+00  3.96876285e-02 
 7.73229014e+00  3.97035892e-02 
 7.74005565e+00  3.97195499e-02 
 7.74782116e+00  3.97355105e-02 
 7.75558666e+00  3.97514712e-02 
 7.76335217e+00  3.97674319e-02 
 7.77111768e+00  3.97833926e-02 
 7.77888318e+00  3.97993532e-02 
 7.78664869e+00  3.98153139e-02 
 7.79441419e+00  3.98312746e-02 
 7.80217970e+00  3.98472352e-02 
 7.80994521e+00  3.98631959e-02 
 7.81771071e+00  3.98791566e-02 
 7.82547622e+00  3.98951172e-02 
 7.83324173e+00  3.99110779e-02 
 7.84100723e+00  3.99270386e-02 
 7.84877274e+00  3.99429993e-02 
 7.85653824e+00  3.99589599e-02 
 7.86430375e+00  3.99749206e-02 
 7.87206926e+00  3.99908813e-02 
 7.87983476e+00  4.00068419e-02 
 7.88760027e+00  4.00228026e-02 
 7.89536577e+00  4.00387633e-02 
 7.90313128e+00  4.00547239e-02 
 7.91089679e+00  4.00706846e-02 
 7.91866229e+00  4.00866453e-02 
 7.92642780e+00  4.01026060e-02 
 7.93419331e+00  4.01185666e-02 
 7.94195881e+00  4.01345273e-02 
 7.94972432e+00  4.01504880e-02 
 7.95748982e+00  4.01664486e-02 
 7.96525533e+00  4.01824093e-02 
 7.97302084e+00  4.01983700e-02 
 7.98078634e+00  4.02143306e-02 
 7.98855185e+00  4.02302913e-02 
 7.99631736e+00  4.02462520e-02 
 8.00408286e+00  4.02622126e-02 
 8.01184837e+00  4.02781733e-02 
 8.01961387e+00  4.02941340e-02 
 8.02737938e+00  4.03100947e-02 
 8.03514489e+00  4.03260553e-02 
 8.04291039e+00  4.03420160e-02 
 8.05067590e+00  4.03579767e-02 
 8.05844141e+00  4.03739373e-02 
 8.06620691e+00  4.03898980e-02 
 8.07397242e+00  4.04058587e-02 
 8.08173792e+00  4.04218193e-02 
 8.08950343e+00  4.04377800e-02 
 8.09726894e+00  4.04537407e-02 
 8.10503444e+00  4.04697014e-02 
 8.11279995e+00  4.04856620e-02 
 8.12056546e+00  4.05016227e-02 
 8.12833096e+00  4.05175834e-02 
 8.13609647e+00  4.05335440e-02 
 8.14386197e+00  4.05495047e-02 
 8.15162748e+00  4.05654654e-02 
 8.15939299e+00  4.05814260e-02 
 8.16715849e+00  4.05973867e-02 
 8.17492400e+00  4.06133474e-02 
 8.18268951e+00  4.06293081e-02 
 8.19045501e+00  4.06452687e-02 
 8.19822052e+00  4.06612294e-02 
 8.20598602e+00  4.06771901e-02 
 8.21375153e+00  4.06931507e-02 
 8.22151704e+00  4.07091114e-02 
 8.22928254e+00  4.07250721e-02 
 8.23704805e+00  4.07410327e-02 
 8.24481356e+00  4.07569934e-02 
 8.25257906e+00  4.07729541e-02 
 8.26034457e+00  4.07889148e-02 
 8.26811007e+00  4.08048754e-02 
 8.27587558e+00  4.08208361e-02 
 8.28364109e+00  4.08367968e-02 
 8.29140659e+00  4.08527574e-02 
 8.29917210e+00  4.08687181e-02 
 8.30693761e+00  4.08846788e-02 
 8.31470311e+00  4.09006394e-02 
 8.32246862e+00  4.09166001e-02 
 8.33023412e+00  4.09325608e-02 
 8.33799963e+00  4.09485214e-02 
 8.34576514e+00  4.09644821e-02 
 8.35353064e+00  4.09804428e-02 
 8.36129615e+00  4.09964035e-02 
 8.36906166e+00  4.10123641e-02 
 8.37682716e+00  4.10283248e-02 
 8.38459267e+00  4.10442855e-02 
 8.39235817e+00  4.10602461e-02 
 8.40012368e+00  4.10762068e-02 
 8.40788919e+00  4.10921675e-02 
 8.41565469e+00  4.11081281e-02 
 8.42342020e+00  4.11240888e-02 
 8.43118570e+00  4.11400495e-02 
 8.43895121e+00  4.11560102e-02 
 8.44671672e+00  4.11719708e-02 
 8.45448222e+00  4.11879315e-02 
 8.46224773e+00  4.12038922e-02 
 8.47001324e+00  4.12198528e-02 
 8.47777874e+00  4.12358135e-02 
 8.48554425e+00  4.12517742e-02 
 8.49330975e+00  4.12677348e-02 
 8.50107526e+00  4.12836955e-02 
 8.50884077e+00  4.12996562e-02 
 8.51660627e+00  4.13156169e-02 
 8.52437178e+00  4.13315775e-02 
 8.53213729e+00  4.13475382e-02 
 8.53990279e+00  4.13634989e-02 
 8.54766830e+00  4.13794595e-02 
 8.55543380e+00  4.13954202e-02 
 8.56319931e+00  4.14113809e-02 
 8.57096482e+00  4.14273415e-02 
 8.57873032e+00  4.14433022e-02 
 8.58649583e+00  4.14592629e-02 
 8.59426134e+00  4.14752236e-02 
 8.60202684e+00  4.14911842e-02 
 8.60979235e+00  4.15071449e-02 
 8.61755785e+00  4.15231056e-02 
 8.62532336e+00  4.15390662e-02 
 8.63308887e+00  4.15550269e-02 
 8.64085437e+00  4.15709876e-02 
 8.64861988e+00  4.15869482e-02 
 8.65638539e+00  4.16029089e-02 
 8.66415089e+00  4.16188696e-02 
 8.67191640e+00  4.16348302e-02 
 8.67968190e+00  4.16507909e-02 
 8.68744741e+00  4.16667516e-02 
 8.69521292e+00  4.16827123e-02 
 8.70297842e+00  4.16986729e-02 
 8.71074393e+00  4.17146336e-02 
 8.71850944e+00  4.17305943e-02 
 8.72627494e+00  4.17465549e-02 
 8.73404045e+00  4.17625156e-02 
 8.74180595e+00  4.17784763e-02 
 8.74957146e+00  4.17944369e-02 
 8.75733697e+00  4.18103976e-02 
 8.76510247e+00  4.18263583e-02 
 8.77286798e+00  4.18423190e-02 
 8.78063349e+00  4.18582796e-02 
 8.78839899e+00  4.18742403e-02 
 8.79616450e+00  4.18902010e-02 
 8.80393000e+00  4.19061616e-02 
 8.81169551e+00  4.19221223e-02 
 8.81946102e+00  4.19380830e-02 
 8.82722652e+00  4.19540436e-02 
 8.83499203e+00  4.19700043e-02 
 8.84275754e+00  4.19859650e-02 
 8.85052304e+00  4.20019257e-02 
 8.85828855e+00  4.20178863e-02 
 8.86605405e+00  4.20338470e-02 
 8.87381956e+00  4.20498077e-02 
 8.88158507e+00  4.20657683e-02 
 8.88935057e+00  4.20817290e-02 
 8.89711608e+00  4.20976897e-02 
 8.90488159e+00  4.21136503e-02 
 8.91264709e+00  4.21296110e-02 
 8.92041260e+00  4.21455717e-02 
 8.92817810e+00  4.21615324e-02 
 8.93594361e+00  4.21774930e-02 
 8.94370912e+00  4.21934537e-02 
 8.95147462e+00  4.22094144e-02 
 8.95924013e+00  4.22253750e-02 
 8.96700563e+00  4.22413357e-02 
 8.97477114e+00  4.22572964e-02 
 8.98253665e+00  4.22732570e-02 
 8.99030215e+00  4.22892177e-02 
 8.99806766e+00  4.23051784e-02 
 9.00583317e+00  4.23211390e-02 
 9.01359867e+00  4.23370997e-02 
 9.02136418e+00  4.23530604e-02 
 9.02912968e+00  4.23690211e-02 
 9.03689519e+00  4.23849817e-02 
 9.04466070e+00  4.24009424e-02 
 9.05242620e+00  4.24169031e-02 
 9.06019171e+00  4.24328637e-02 
 9.06795722e+00  4.24488244e-02 
 9.07572272e+00  4.24647851e-02 
 9.08348823e+00  4.24807457e-02 
 9.09125373e+00  4.24967064e-02 
 9.09901924e+00  4.25126671e-02 
 9.10678475e+00  4.25286278e-02 
 9.11455025e+00  4.25445884e-02 
 9.12231576e+00  4.25605491e-02 
 9.13008127e+00  4.25765098e-02 
 9.13784677e+00  4.25924704e-02 
 9.14561228e+00  4.26084311e-02 
 9.15337778e+00  4.26243918e-02 
 9.16114329e+00  4.26403524e-02 
 9.16890880e+00  4.26563131e-02 
 9.17667430e+00  4.26722738e-02 
 9.18443981e+00  4.26882345e-02 
 9.19220532e+00  4.27041951e-02 
 9.19997082e+00  4.27201558e-02 
 9.20773633e+00  4.27361165e-02 
 9.21550183e+00  4.27520771e-02 
 9.22326734e+00  4.27680378e-02 
 9.23103285e+00  4.27839985e-02 
 9.23879835e+00  4.27999591e-02 
 9.24656386e+00  4.28159198e-02 
 9.25432937e+00  4.28318805e-02 
 9.26209487e+00  4.28478412e-02 
 9.26986038e+00  4.28638018e-02 
 9.27762588e+00  4.28797625e-02 
 9.28539139e+00  4.28957232e-02 
 9.29315690e+00  4.29116838e-02 
 9.30092240e+00  4.29276445e-02 
