-2.75449871e+00 -1.60511331e-02 
-2.75436908e+00 -1.59806128e-02 
-2.75424199e+00 -1.59101156e-02 
-2.75411486e+00 -1.58396187e-02 
-2.75398764e+00 -1.57691225e-02 
-2.75386032e+00 -1.56986270e-02 
-2.75373291e+00 -1.56281322e-02 
-2.75360539e+00 -1.55576380e-02 
-2.75347779e+00 -1.54871445e-02 
-2.75335008e+00 -1.54166518e-02 
-2.75322228e+00 -1.53461596e-02 
-2.75309437e+00 -1.52756682e-02 
-2.75296637e+00 -1.52051775e-02 
-2.75283827e+00 -1.51346875e-02 
-2.75271008e+00 -1.50641981e-02 
-2.75258178e+00 -1.49937095e-02 
-2.75245338e+00 -1.49232215e-02 
-2.75232488e+00 -1.48527343e-02 
-2.75219628e+00 -1.47822478e-02 
-2.75206758e+00 -1.47117620e-02 
-2.75193878e+00 -1.46412769e-02 
-2.75180987e+00 -1.45707925e-02 
-2.75168087e+00 -1.45003088e-02 
-2.75155176e+00 -1.44298259e-02 
-2.75142255e+00 -1.43593437e-02 
-2.75129323e+00 -1.42888622e-02 
-2.75116381e+00 -1.42183814e-02 
-2.75103429e+00 -1.41479014e-02 
-2.75090466e+00 -1.40774221e-02 
-2.75077492e+00 -1.40069436e-02 
-2.75064508e+00 -1.39364658e-02 
-2.75051514e+00 -1.38659887e-02 
-2.75038508e+00 -1.37955124e-02 
-2.75025492e+00 -1.37250368e-02 
-2.75012466e+00 -1.36545620e-02 
-2.74999428e+00 -1.35840880e-02 
-2.74986380e+00 -1.35136147e-02 
-2.74973321e+00 -1.34431422e-02 
-2.74960251e+00 -1.33726704e-02 
-2.74947170e+00 -1.33021995e-02 
-2.74934078e+00 -1.32317293e-02 
-2.74920974e+00 -1.31612598e-02 
-2.74907860e+00 -1.30907912e-02 
-2.74894735e+00 -1.30203233e-02 
-2.74881598e+00 -1.29498563e-02 
-2.74868451e+00 -1.28793900e-02 
-2.74855292e+00 -1.28089245e-02 
-2.74842121e+00 -1.27384598e-02 
-2.74828940e+00 -1.26679959e-02 
-2.74815747e+00 -1.25975328e-02 
-2.74802542e+00 -1.25270706e-02 
-2.74789326e+00 -1.24566091e-02 
-2.74776098e+00 -1.23861484e-02 
-2.74762859e+00 -1.23156886e-02 
-2.74749608e+00 -1.22452296e-02 
-2.74736345e+00 -1.21747714e-02 
-2.74723071e+00 -1.21043140e-02 
-2.74709785e+00 -1.20338575e-02 
-2.74696487e+00 -1.19634018e-02 
-2.74683177e+00 -1.18929470e-02 
-2.74669855e+00 -1.18224930e-02 
-2.74656521e+00 -1.17520398e-02 
-2.74643175e+00 -1.16815875e-02 
-2.74629817e+00 -1.16111360e-02 
-2.74616446e+00 -1.15406854e-02 
-2.74603064e+00 -1.14702357e-02 
-2.74589669e+00 -1.13997868e-02 
-2.74576262e+00 -1.13293388e-02 
-2.74562842e+00 -1.12588917e-02 
-2.74549411e+00 -1.11884454e-02 
-2.74535966e+00 -1.11180000e-02 
-2.74522509e+00 -1.10475555e-02 
-2.74509040e+00 -1.09771119e-02 
-2.74495558e+00 -1.09066692e-02 
-2.74482063e+00 -1.08362274e-02 
-2.74468555e+00 -1.07657865e-02 
-2.74455035e+00 -1.06953465e-02 
-2.74441501e+00 -1.06249074e-02 
-2.74427955e+00 -1.05544692e-02 
-2.74414396e+00 -1.04840319e-02 
-2.74400824e+00 -1.04135956e-02 
-2.74387238e+00 -1.03431601e-02 
-2.74373640e+00 -1.02727256e-02 
-2.74360028e+00 -1.02022921e-02 
-2.74346403e+00 -1.01318594e-02 
-2.74332764e+00 -1.00614278e-02 
-2.74319113e+00 -9.99099702e-03 
-2.74305447e+00 -9.92056723e-03 
-2.74291769e+00 -9.85013839e-03 
-2.74278076e+00 -9.77971052e-03 
-2.74264370e+00 -9.70928361e-03 
-2.74250650e+00 -9.63885766e-03 
-2.74236917e+00 -9.56843269e-03 
-2.74223170e+00 -9.49800870e-03 
-2.74209408e+00 -9.42758568e-03 
-2.74195633e+00 -9.35716366e-03 
-2.74181844e+00 -9.28674262e-03 
-2.74168041e+00 -9.21632258e-03 
-2.74154223e+00 -9.14590354e-03 
-2.74140392e+00 -9.07548551e-03 
-2.74126546e+00 -9.00506848e-03 
-2.74112685e+00 -8.93465247e-03 
-2.74098810e+00 -8.86423748e-03 
-2.74084921e+00 -8.79382352e-03 
-2.74071017e+00 -8.72341058e-03 
-2.74057099e+00 -8.65299867e-03 
-2.74043166e+00 -8.58258781e-03 
-2.74029218e+00 -8.51217799e-03 
-2.74015255e+00 -8.44176921e-03 
-2.74001278e+00 -8.37136150e-03 
-2.73987285e+00 -8.30095484e-03 
-2.73973277e+00 -8.23054924e-03 
-2.73959255e+00 -8.16014471e-03 
-2.73945217e+00 -8.08974126e-03 
-2.73931163e+00 -8.01933889e-03 
-2.73917095e+00 -7.94893760e-03 
-2.73903011e+00 -7.87853741e-03 
-2.73888911e+00 -7.80813830e-03 
-2.73874796e+00 -7.73774030e-03 
-2.73860666e+00 -7.66734341e-03 
-2.73846519e+00 -7.59694763e-03 
-2.73832357e+00 -7.52655296e-03 
-2.73818179e+00 -7.45615942e-03 
-2.73803985e+00 -7.38576701e-03 
-2.73789775e+00 -7.31537573e-03 
-2.73775549e+00 -7.24498559e-03 
-2.73761306e+00 -7.17459660e-03 
-2.73747048e+00 -7.10420876e-03 
-2.73732773e+00 -7.03382208e-03 
-2.73718482e+00 -6.96343655e-03 
-2.73704174e+00 -6.89305220e-03 
-2.73689849e+00 -6.82266903e-03 
-2.73675508e+00 -6.75228703e-03 
-2.73661150e+00 -6.68190622e-03 
-2.73646775e+00 -6.61152660e-03 
-2.73632383e+00 -6.54114819e-03 
-2.73617975e+00 -6.47077097e-03 
-2.73603549e+00 -6.40039497e-03 
-2.73589106e+00 -6.33002019e-03 
-2.73574645e+00 -6.25964663e-03 
-2.73560168e+00 -6.18927430e-03 
-2.73545673e+00 -6.11890321e-03 
-2.73531160e+00 -6.04853336e-03 
-2.73516629e+00 -5.97816476e-03 
-2.73502081e+00 -5.90779742e-03 
-2.73487515e+00 -5.83743134e-03 
-2.73472932e+00 -5.76706653e-03 
-2.73458330e+00 -5.69670300e-03 
-2.73443710e+00 -5.62634075e-03 
-2.73429072e+00 -5.55597979e-03 
-2.73414415e+00 -5.48562012e-03 
-2.73399740e+00 -5.41526176e-03 
-2.73385047e+00 -5.34490471e-03 
-2.73370335e+00 -5.27454898e-03 
-2.73355604e+00 -5.20419458e-03 
-2.73340855e+00 -5.13384150e-03 
-2.73326086e+00 -5.06348976e-03 
-2.73311299e+00 -4.99313937e-03 
-2.73296493e+00 -4.92279034e-03 
-2.73281667e+00 -4.85244266e-03 
-2.73266822e+00 -4.78209636e-03 
-2.73251958e+00 -4.71175143e-03 
-2.73237074e+00 -4.64140788e-03 
-2.73222171e+00 -4.57106572e-03 
-2.73207247e+00 -4.50072497e-03 
-2.73192304e+00 -4.43038562e-03 
-2.73177341e+00 -4.36004768e-03 
-2.73162358e+00 -4.28971117e-03 
-2.73147355e+00 -4.21937608e-03 
-2.73132332e+00 -4.14904244e-03 
-2.73117288e+00 -4.07871024e-03 
-2.73102224e+00 -4.00837950e-03 
-2.73087139e+00 -3.93805022e-03 
-2.73072033e+00 -3.86772241e-03 
-2.73056906e+00 -3.79739607e-03 
-2.73041759e+00 -3.72707123e-03 
-2.73026590e+00 -3.65674788e-03 
-2.73011400e+00 -3.58642604e-03 
-2.72996189e+00 -3.51610571e-03 
-2.72980957e+00 -3.44578691e-03 
-2.72965702e+00 -3.37546963e-03 
-2.72950426e+00 -3.30515390e-03 
-2.72935129e+00 -3.23483971e-03 
-2.72919809e+00 -3.16452708e-03 
-2.72904467e+00 -3.09421602e-03 
-2.72889103e+00 -3.02390653e-03 
-2.72873717e+00 -2.95359863e-03 
-2.72858308e+00 -2.88329232e-03 
-2.72842877e+00 -2.81298762e-03 
-2.72827423e+00 -2.74268453e-03 
-2.72811946e+00 -2.67238307e-03 
-2.72796446e+00 -2.60208323e-03 
-2.72780923e+00 -2.53178504e-03 
-2.72765377e+00 -2.46148851e-03 
-2.72749807e+00 -2.39119363e-03 
-2.72734214e+00 -2.32090043e-03 
-2.72718597e+00 -2.25060891e-03 
-2.72702956e+00 -2.18031908e-03 
-2.72687291e+00 -2.11003095e-03 
-2.72671602e+00 -2.03974454e-03 
-2.72655889e+00 -1.96945985e-03 
-2.72640152e+00 -1.89917690e-03 
-2.72624390e+00 -1.82889569e-03 
-2.72608603e+00 -1.75861624e-03 
-2.72592791e+00 -1.68833855e-03 
-2.72576954e+00 -1.61806264e-03 
-2.72561092e+00 -1.54778852e-03 
-2.72545205e+00 -1.47751620e-03 
-2.72529292e+00 -1.40724569e-03 
-2.72513354e+00 -1.33697700e-03 
-2.72497390e+00 -1.26671015e-03 
-2.72481400e+00 -1.19644514e-03 
-2.72465383e+00 -1.12618199e-03 
-2.72449341e+00 -1.05592071e-03 
-2.72433272e+00 -9.85661311e-04 
-2.72417176e+00 -9.15403804e-04 
-2.72401053e+00 -8.45148202e-04 
-2.72384904e+00 -7.74894518e-04 
-2.72368727e+00 -7.04642763e-04 
-2.72352523e+00 -6.34392950e-04 
-2.72336292e+00 -5.64145093e-04 
-2.72320032e+00 -4.93899203e-04 
-2.72303745e+00 -4.23655294e-04 
-2.72287430e+00 -3.53413379e-04 
-2.72271087e+00 -2.83173470e-04 
-2.72254715e+00 -2.12935581e-04 
-2.72238315e+00 -1.42699725e-04 
-2.72221886e+00 -7.24659167e-05 
-2.72205428e+00 -2.23416849e-06 
-2.72188941e+00  6.79955054e-05 
-2.72172424e+00  1.38223091e-04 
-2.72155878e+00  2.08448574e-04 
-2.72139302e+00  2.78671941e-04 
-2.72122696e+00  3.48893177e-04 
-2.72106060e+00  4.19112268e-04 
-2.72089394e+00  4.89329199e-04 
-2.72072697e+00  5.59543955e-04 
-2.72055969e+00  6.29756521e-04 
-2.72039210e+00  6.99966883e-04 
-2.72022420e+00  7.70175024e-04 
-2.72005599e+00  8.40380930e-04 
-2.71988746e+00  9.10584585e-04 
-2.71971861e+00  9.80785973e-04 
-2.71954944e+00  1.05098508e-03 
-2.71937995e+00  1.12118189e-03 
-2.71921013e+00  1.19137638e-03 
-2.71903998e+00  1.26156854e-03 
-2.71886951e+00  1.33175835e-03 
-2.71869870e+00  1.40194580e-03 
-2.71852755e+00  1.47213087e-03 
-2.71835607e+00  1.54231353e-03 
-2.71818425e+00  1.61249379e-03 
-2.71801209e+00  1.68267161e-03 
-2.71783959e+00  1.75284697e-03 
-2.71766673e+00  1.82301987e-03 
-2.71749353e+00  1.89319028e-03 
-2.71731998e+00  1.96335819e-03 
-2.71714607e+00  2.03352357e-03 
-2.71697180e+00  2.10368641e-03 
-2.71679718e+00  2.17384669e-03 
-2.71662219e+00  2.24400439e-03 
-2.71644684e+00  2.31415949e-03 
-2.71627111e+00  2.38431197e-03 
-2.71609502e+00  2.45446181e-03 
-2.71591856e+00  2.52460900e-03 
-2.71574172e+00  2.59475350e-03 
-2.71556449e+00  2.66489531e-03 
-2.71538689e+00  2.73503439e-03 
-2.71520890e+00  2.80517074e-03 
-2.71503053e+00  2.87530432e-03 
-2.71485176e+00  2.94543512e-03 
-2.71467260e+00  3.01556311e-03 
-2.71449305e+00  3.08568828e-03 
-2.71431309e+00  3.15581060e-03 
-2.71413273e+00  3.22593005e-03 
-2.71395196e+00  3.29604661e-03 
-2.71377079e+00  3.36616025e-03 
-2.71358920e+00  3.43627095e-03 
-2.71340719e+00  3.50637869e-03 
-2.71322477e+00  3.57648344e-03 
-2.71304192e+00  3.64658518e-03 
-2.71285865e+00  3.71668388e-03 
-2.71267495e+00  3.78677953e-03 
-2.71249081e+00  3.85687209e-03 
-2.71230624e+00  3.92696155e-03 
-2.71212123e+00  3.99704786e-03 
-2.71193577e+00  4.06713102e-03 
-2.71174987e+00  4.13721099e-03 
-2.71156352e+00  4.20728775e-03 
-2.71137671e+00  4.27736127e-03 
-2.71118944e+00  4.34743152e-03 
-2.71100171e+00  4.41749848e-03 
-2.71081352e+00  4.48756211e-03 
-2.71062485e+00  4.55762240e-03 
-2.71043571e+00  4.62767931e-03 
-2.71024609e+00  4.69773281e-03 
-2.71005599e+00  4.76778287e-03 
-2.70986541e+00  4.83782947e-03 
-2.70967433e+00  4.90787257e-03 
-2.70948276e+00  4.97791214e-03 
-2.70929069e+00  5.04794816e-03 
-2.70909811e+00  5.11798059e-03 
-2.70890503e+00  5.18800940e-03 
-2.70871144e+00  5.25803456e-03 
-2.70851732e+00  5.32805604e-03 
-2.70832269e+00  5.39807380e-03 
-2.70812753e+00  5.46808781e-03 
-2.70793184e+00  5.53809803e-03 
-2.70773562e+00  5.60810444e-03 
-2.70753885e+00  5.67810700e-03 
-2.70734154e+00  5.74810567e-03 
-2.70714368e+00  5.81810041e-03 
-2.70694526e+00  5.88809120e-03 
-2.70674628e+00  5.95807799e-03 
-2.70654674e+00  6.02806075e-03 
-2.70634663e+00  6.09803944e-03 
-2.70614594e+00  6.16801403e-03 
-2.70594467e+00  6.23798446e-03 
-2.70574281e+00  6.30795072e-03 
-2.70554036e+00  6.37791274e-03 
-2.70533731e+00  6.44787051e-03 
-2.70513366e+00  6.51782396e-03 
-2.70492939e+00  6.58777307e-03 
-2.70472452e+00  6.65771779e-03 
-2.70451902e+00  6.72765808e-03 
-2.70431289e+00  6.79759389e-03 
-2.70410613e+00  6.86752519e-03 
-2.70389873e+00  6.93745192e-03 
-2.70369068e+00  7.00737404e-03 
-2.70348198e+00  7.07729151e-03 
-2.70327262e+00  7.14720428e-03 
-2.70306260e+00  7.21711230e-03 
-2.70285190e+00  7.28701553e-03 
-2.70264052e+00  7.35691391e-03 
-2.70242846e+00  7.42680740e-03 
-2.70221571e+00  7.49669594e-03 
-2.70200225e+00  7.56657949e-03 
-2.70178809e+00  7.63645800e-03 
-2.70157321e+00  7.70633141e-03 
-2.70135761e+00  7.77619966e-03 
-2.70114128e+00  7.84606271e-03 
-2.70092421e+00  7.91592050e-03 
-2.70070640e+00  7.98577298e-03 
-2.70048784e+00  8.05562008e-03 
-2.70026851e+00  8.12546175e-03 
-2.70004841e+00  8.19529793e-03 
-2.69982754e+00  8.26512857e-03 
-2.69960588e+00  8.33495360e-03 
-2.69938343e+00  8.40477295e-03 
-2.69916017e+00  8.47458658e-03 
-2.69893610e+00  8.54439441e-03 
-2.69871120e+00  8.61419638e-03 
-2.69848548e+00  8.68399242e-03 
-2.69825892e+00  8.75378247e-03 
-2.69803151e+00  8.82356646e-03 
-2.69780324e+00  8.89334433e-03 
-2.69757410e+00  8.96311599e-03 
-2.69734408e+00  9.03288139e-03 
-2.69711317e+00  9.10264044e-03 
-2.69688137e+00  9.17239308e-03 
-2.69664865e+00  9.24213923e-03 
-2.69641502e+00  9.31187881e-03 
-2.69618045e+00  9.38161175e-03 
-2.69594494e+00  9.45133796e-03 
-2.69570848e+00  9.52105737e-03 
-2.69547105e+00  9.59076989e-03 
-2.69523265e+00  9.66047544e-03 
-2.69499325e+00  9.73017394e-03 
-2.69475286e+00  9.79986530e-03 
-2.69451145e+00  9.86954943e-03 
-2.69426902e+00  9.93922624e-03 
-2.69402555e+00  1.00088956e-02 
-2.69378103e+00  1.00785575e-02 
-2.69353544e+00  1.01482119e-02 
-2.69328878e+00  1.02178585e-02 
-2.69304103e+00  1.02874973e-02 
-2.69279217e+00  1.03571282e-02 
-2.69254219e+00  1.04267512e-02 
-2.69229107e+00  1.04963660e-02 
-2.69203881e+00  1.05659726e-02 
-2.69178538e+00  1.06355710e-02 
-2.69153077e+00  1.07051609e-02 
-2.69127496e+00  1.07747422e-02 
-2.69101795e+00  1.08443149e-02 
-2.69075970e+00  1.09138789e-02 
-2.69050021e+00  1.09834340e-02 
-2.69023946e+00  1.10529800e-02 
-2.68997743e+00  1.11225169e-02 
-2.68971410e+00  1.11920446e-02 
-2.68944946e+00  1.12615629e-02 
-2.68918348e+00  1.13310717e-02 
-2.68891616e+00  1.14005708e-02 
-2.68864746e+00  1.14700601e-02 
-2.68837736e+00  1.15395395e-02 
-2.68810586e+00  1.16090088e-02 
-2.68783292e+00  1.16784678e-02 
-2.68755853e+00  1.17479165e-02 
-2.68728267e+00  1.18173547e-02 
-2.68700531e+00  1.18867822e-02 
-2.68672643e+00  1.19561988e-02 
-2.68644600e+00  1.20256045e-02 
-2.68616402e+00  1.20949989e-02 
-2.68588044e+00  1.21643820e-02 
-2.68559525e+00  1.22337536e-02 
-2.68530842e+00  1.23031135e-02 
-2.68501992e+00  1.23724615e-02 
-2.68472973e+00  1.24417974e-02 
-2.68443783e+00  1.25111210e-02 
-2.68414418e+00  1.25804322e-02 
-2.68384875e+00  1.26497307e-02 
-2.68355152e+00  1.27190164e-02 
-2.68325246e+00  1.27882889e-02 
-2.68295154e+00  1.28575482e-02 
-2.68264872e+00  1.29267939e-02 
-2.68234398e+00  1.29960259e-02 
-2.68203727e+00  1.30652439e-02 
-2.68172858e+00  1.31344477e-02 
-2.68141786e+00  1.32036370e-02 
-2.68110508e+00  1.32728115e-02 
-2.68079019e+00  1.33419711e-02 
-2.68047318e+00  1.34111155e-02 
-2.68015399e+00  1.34802443e-02 
-2.67983259e+00  1.35493574e-02 
-2.67950894e+00  1.36184543e-02 
-2.67918299e+00  1.36875349e-02 
-2.67885470e+00  1.37565988e-02 
-2.67852404e+00  1.38256457e-02 
-2.67819095e+00  1.38946753e-02 
-2.67785540e+00  1.39636873e-02 
-2.67751732e+00  1.40326812e-02 
-2.67717668e+00  1.41016569e-02 
-2.67683342e+00  1.41706138e-02 
-2.67648749e+00  1.42395517e-02 
-2.67613884e+00  1.43084702e-02 
-2.67578742e+00  1.43773688e-02 
-2.67543316e+00  1.44462472e-02 
-2.67507601e+00  1.45151050e-02 
-2.67471591e+00  1.45839417e-02 
-2.67435280e+00  1.46527569e-02 
-2.67398662e+00  1.47215501e-02 
-2.67361729e+00  1.47903209e-02 
-2.67324476e+00  1.48590688e-02 
-2.67286894e+00  1.49277933e-02 
-2.67248978e+00  1.49964938e-02 
-2.67210719e+00  1.50651699e-02 
-2.67172110e+00  1.51338210e-02 
-2.67133142e+00  1.52024465e-02 
-2.67093809e+00  1.52710458e-02 
-2.67054100e+00  1.53396183e-02 
-2.67014008e+00  1.54081635e-02 
-2.66973522e+00  1.54766806e-02 
-2.66932635e+00  1.55451689e-02 
-2.66891335e+00  1.56136279e-02 
-2.66849614e+00  1.56820567e-02 
-2.66807459e+00  1.57504545e-02 
-2.66764862e+00  1.58188207e-02 
-2.66721809e+00  1.58871545e-02 
-2.66678290e+00  1.59554549e-02 
-2.66634292e+00  1.60237211e-02 
-2.66589802e+00  1.60919522e-02 
-2.66544808e+00  1.61601473e-02 
-2.66499296e+00  1.62283054e-02 
-2.66453252e+00  1.62964254e-02 
-2.66406660e+00  1.63645064e-02 
-2.66359506e+00  1.64325471e-02 
-2.66311772e+00  1.65005466e-02 
-2.66263444e+00  1.65685035e-02 
-2.66214502e+00  1.66364166e-02 
-2.66164929e+00  1.67042847e-02 
-2.66114706e+00  1.67721063e-02 
-2.66063813e+00  1.68398801e-02 
-2.66012229e+00  1.69076045e-02 
-2.65959932e+00  1.69752780e-02 
-2.65906900e+00  1.70428989e-02 
-2.65853108e+00  1.71104657e-02 
-2.65798532e+00  1.71779764e-02 
-2.65743145e+00  1.72454292e-02 
-2.65686920e+00  1.73128222e-02 
-2.65629828e+00  1.73801532e-02 
-2.65571838e+00  1.74474201e-02 
-2.65512918e+00  1.75146206e-02 
-2.65453035e+00  1.75817523e-02 
-2.65392154e+00  1.76488126e-02 
-2.65330235e+00  1.77157990e-02 
-2.65267241e+00  1.77827085e-02 
-2.65203130e+00  1.78495382e-02 
-2.65137856e+00  1.79162849e-02 
-2.65071373e+00  1.79829452e-02 
-2.65003632e+00  1.80495157e-02 
-2.64934581e+00  1.81159926e-02 
-2.64864162e+00  1.81823718e-02 
-2.64792318e+00  1.82486492e-02 
-2.64718984e+00  1.83148202e-02 
-2.64644093e+00  1.83808801e-02 
-2.64567574e+00  1.84468237e-02 
-2.64489350e+00  1.85126454e-02 
-2.64409339e+00  1.85783396e-02 
-2.64327453e+00  1.86438999e-02 
-2.64243599e+00  1.87093195e-02 
-2.64157674e+00  1.87745913e-02 
-2.64069571e+00  1.88397076e-02 
-2.63979172e+00  1.89046599e-02 
-2.63886352e+00  1.89694392e-02 
-2.63790973e+00  1.90340359e-02 
-2.63692889e+00  1.90984393e-02 
-2.63591940e+00  1.91626381e-02 
-2.63487952e+00  1.92266199e-02 
-2.63380736e+00  1.92903711e-02 
-2.63270086e+00  1.93538772e-02 
-2.63155779e+00  1.94171220e-02 
-2.63037567e+00  1.94800880e-02 
-2.62915182e+00  1.95427560e-02 
-2.62788328e+00  1.96051048e-02 
-2.62656678e+00  1.96671112e-02 
-2.62519873e+00  1.97287494e-02 
-2.62377517e+00  1.97899911e-02 
-2.62229168e+00  1.98508050e-02 
-2.62074338e+00  1.99111560e-02 
-2.61912485e+00  1.99710054e-02 
-2.61743001e+00  2.00303100e-02 
-2.61565213e+00  2.00890216e-02 
-2.61378364e+00  2.01470861e-02 
-2.61181610e+00  2.02044433e-02 
-2.60974006e+00  2.02610258e-02 
-2.60754495e+00  2.03167579e-02 
-2.60521893e+00  2.03715553e-02 
-2.60274883e+00  2.04253239e-02 
-2.60012003e+00  2.04779592e-02 
-2.59731639e+00  2.05293462e-02 
-2.59432029e+00  2.05793588e-02 
-2.59111274e+00  2.06278617e-02 
-2.58767369e+00  2.06747115e-02 
-2.58398252e+00  2.07197612e-02 
-2.58001893e+00  2.07628657e-02 
-2.57576406e+00  2.08038904e-02 
-2.57120198e+00  2.08427218e-02 
-2.56632150e+00  2.08792798e-02 
-2.56111784e+00  2.09135303e-02 
-2.55559407e+00  2.09454954e-02 
-2.54976175e+00  2.09752575e-02 
-2.54364059e+00  2.10029575e-02 
-2.53725700e+00  2.10287839e-02 
-2.53064189e+00  2.10529574e-02 
-2.52382810e+00  2.10757125e-02 
-2.51684807e+00  2.10972808e-02 
-2.50973194e+00  2.11178776e-02 
-2.50250646e+00  2.11376937e-02 
-2.49519447e+00  2.11568923e-02 
-2.48781489e+00  2.11756084e-02 
-2.48038301e+00  2.11939512e-02 
-2.47291099e+00  2.12120074e-02 
-2.46540833e+00  2.12298450e-02 
-2.45788239e+00  2.12475164e-02 
-2.45033883e+00  2.12650620e-02 
-2.44278196e+00  2.12825126e-02 
-2.43521506e+00  2.12998917e-02 
-2.42764061e+00  2.13172169e-02 
-2.42006048e+00  2.13345015e-02 
-2.41247608e+00  2.13517557e-02 
-2.40488847e+00  2.13689870e-02 
-2.39729845e+00  2.13862011e-02 
-2.38970663e+00  2.14034023e-02 
-2.38211345e+00  2.14205938e-02 
-2.37451924e+00  2.14377780e-02 
-2.36692427e+00  2.14549567e-02 
-2.35932872e+00  2.14721314e-02 
-2.35173274e+00  2.14893029e-02 
-2.34413644e+00  2.15064722e-02 
-2.33653989e+00  2.15236396e-02 
-2.32894315e+00  2.15408058e-02 
-2.32134628e+00  2.15579710e-02 
-2.31374930e+00  2.15751354e-02 
-2.30615224e+00  2.15922993e-02 
-2.29855512e+00  2.16094627e-02 
-2.29095796e+00  2.16266258e-02 
-2.28336076e+00  2.16437887e-02 
-2.27576354e+00  2.16609514e-02 
-2.26816630e+00  2.16781140e-02 
-2.26056905e+00  2.16952765e-02 
-2.25297178e+00  2.17124388e-02 
-2.24537450e+00  2.17296012e-02 
-2.23777722e+00  2.17467634e-02 
-2.23017994e+00  2.17639257e-02 
-2.22258265e+00  2.17810879e-02 
-2.21498535e+00  2.17982501e-02 
-2.20738806e+00  2.18154123e-02 
-2.19979076e+00  2.18325744e-02 
-2.19219346e+00  2.18497366e-02 
-2.18459617e+00  2.18668987e-02 
-2.17699887e+00  2.18840609e-02 
-2.16940157e+00  2.19012230e-02 
-2.16180427e+00  2.19183852e-02 
-2.15420697e+00  2.19355473e-02 
-2.14660967e+00  2.19527094e-02 
-2.13901236e+00  2.19698716e-02 
-2.13141506e+00  2.19870337e-02 
-2.12381776e+00  2.20041959e-02 
-2.11622046e+00  2.20213580e-02 
-2.10862316e+00  2.20385201e-02 
-2.10102586e+00  2.20556822e-02 
-2.09342856e+00  2.20728444e-02 
-2.08583125e+00  2.20900065e-02 
-2.07823395e+00  2.21071686e-02 
-2.07063665e+00  2.21243308e-02 
-2.06303935e+00  2.21414929e-02 
-2.05544205e+00  2.21586550e-02 
-2.04784475e+00  2.21758172e-02 
-2.04024744e+00  2.21929793e-02 
-2.03265014e+00  2.22101414e-02 
-2.02505284e+00  2.22273036e-02 
-2.01745554e+00  2.22444657e-02 
-2.00985824e+00  2.22616278e-02 
-2.00226094e+00  2.22787900e-02 
-1.99466363e+00  2.22959521e-02 
-1.98706633e+00  2.23131142e-02 
-1.97946903e+00  2.23302763e-02 
-1.97187173e+00  2.23474385e-02 
-1.96427443e+00  2.23646006e-02 
-1.95667713e+00  2.23817627e-02 
-1.94907982e+00  2.23989249e-02 
-1.94148252e+00  2.24160870e-02 
-1.93388522e+00  2.24332491e-02 
-1.92628792e+00  2.24504113e-02 
-1.91869062e+00  2.24675734e-02 
-1.91109332e+00  2.24847355e-02 
-1.90349601e+00  2.25018977e-02 
-1.89589871e+00  2.25190598e-02 
-1.88830141e+00  2.25362219e-02 
-1.88070411e+00  2.25533840e-02 
-1.87310681e+00  2.25705462e-02 
-1.86550951e+00  2.25877083e-02 
-1.85791220e+00  2.26048704e-02 
-1.85031490e+00  2.26220326e-02 
-1.84271760e+00  2.26391947e-02 
-1.83512030e+00  2.26563568e-02 
-1.82752300e+00  2.26735190e-02 
-1.81992570e+00  2.26906811e-02 
-1.81232839e+00  2.27078432e-02 
-1.80473109e+00  2.27250054e-02 
-1.79713379e+00  2.27421675e-02 
-1.78953649e+00  2.27593296e-02 
-1.78193919e+00  2.27764918e-02 
-1.77434189e+00  2.27936539e-02 
-1.76674458e+00  2.28108160e-02 
-1.75914728e+00  2.28279781e-02 
-1.75154998e+00  2.28451403e-02 
-1.74395268e+00  2.28623024e-02 
-1.73635538e+00  2.28794645e-02 
-1.72875808e+00  2.28966267e-02 
-1.72116077e+00  2.29137888e-02 
-1.71356347e+00  2.29309509e-02 
-1.70596617e+00  2.29481131e-02 
-1.69836887e+00  2.29652752e-02 
-1.69077157e+00  2.29824373e-02 
-1.68317427e+00  2.29995995e-02 
-1.67557696e+00  2.30167616e-02 
-1.66797966e+00  2.30339237e-02 
-1.66038236e+00  2.30510858e-02 
-1.65278506e+00  2.30682480e-02 
-1.64518776e+00  2.30854101e-02 
-1.63759046e+00  2.31025722e-02 
-1.62999315e+00  2.31197344e-02 
-1.62239585e+00  2.31368965e-02 
-1.61479855e+00  2.31540586e-02 
-1.60720125e+00  2.31712208e-02 
-1.59960395e+00  2.31883829e-02 
-1.59200665e+00  2.32055450e-02 
-1.58440934e+00  2.32227072e-02 
-1.57681204e+00  2.32398693e-02 
-1.56921474e+00  2.32570314e-02 
-1.56161744e+00  2.32741935e-02 
-1.55402014e+00  2.32913557e-02 
-1.54642284e+00  2.33085178e-02 
-1.53882553e+00  2.33256799e-02 
-1.53122823e+00  2.33428421e-02 
-1.52363093e+00  2.33600042e-02 
-1.51603363e+00  2.33771663e-02 
-1.50843633e+00  2.33943285e-02 
-1.50083903e+00  2.34114906e-02 
-1.49324172e+00  2.34286527e-02 
-1.48564442e+00  2.34458149e-02 
-1.47804712e+00  2.34629770e-02 
-1.47044982e+00  2.34801391e-02 
-1.46285252e+00  2.34973012e-02 
-1.45525522e+00  2.35144634e-02 
-1.44765791e+00  2.35316255e-02 
-1.44006061e+00  2.35487876e-02 
-1.43246331e+00  2.35659498e-02 
-1.42486601e+00  2.35831119e-02 
-1.41726871e+00  2.36002740e-02 
-1.40967141e+00  2.36174362e-02 
-1.40207410e+00  2.36345983e-02 
-1.39447680e+00  2.36517604e-02 
-1.38687950e+00  2.36689226e-02 
-1.37928220e+00  2.36860847e-02 
-1.37168490e+00  2.37032468e-02 
-1.36408760e+00  2.37204089e-02 
-1.35649029e+00  2.37375711e-02 
-1.34889299e+00  2.37547332e-02 
-1.34129569e+00  2.37718953e-02 
-1.33369839e+00  2.37890575e-02 
-1.32610109e+00  2.38062196e-02 
-1.31850379e+00  2.38233817e-02 
-1.31090648e+00  2.38405439e-02 
-1.30330918e+00  2.38577060e-02 
-1.29571188e+00  2.38748681e-02 
-1.28811458e+00  2.38920303e-02 
-1.28051728e+00  2.39091924e-02 
-1.27291998e+00  2.39263545e-02 
-1.26532267e+00  2.39435166e-02 
-1.25772537e+00  2.39606788e-02 
-1.25012807e+00  2.39778409e-02 
-1.24253077e+00  2.39950030e-02 
-1.23493347e+00  2.40121652e-02 
-1.22733616e+00  2.40293273e-02 
-1.21973886e+00  2.40464894e-02 
-1.21214156e+00  2.40636516e-02 
-1.20454426e+00  2.40808137e-02 
-1.19694696e+00  2.40979758e-02 
-1.18934966e+00  2.41151380e-02 
-1.18175235e+00  2.41323001e-02 
-1.17415505e+00  2.41494622e-02 
-1.16655775e+00  2.41666244e-02 
-1.15896045e+00  2.41837865e-02 
-1.15136315e+00  2.42009486e-02 
-1.14376585e+00  2.42181107e-02 
-1.13616854e+00  2.42352729e-02 
-1.12857124e+00  2.42524350e-02 
-1.12097394e+00  2.42695971e-02 
-1.11337664e+00  2.42867593e-02 
-1.10577934e+00  2.43039214e-02 
-1.09818204e+00  2.43210835e-02 
-1.09058473e+00  2.43382457e-02 
-1.08298743e+00  2.43554078e-02 
-1.07539013e+00  2.43725699e-02 
-1.06779283e+00  2.43897321e-02 
-1.06019553e+00  2.44068942e-02 
-1.05259823e+00  2.44240563e-02 
-1.04500092e+00  2.44412184e-02 
-1.03740362e+00  2.44583806e-02 
-1.02980632e+00  2.44755427e-02 
-1.02220902e+00  2.44927048e-02 
-1.01461172e+00  2.45098670e-02 
-1.00701442e+00  2.45270291e-02 
-9.99417115e-01  2.45441912e-02 
-9.91819813e-01  2.45613534e-02 
-9.84222511e-01  2.45785155e-02 
-9.76625210e-01  2.45956776e-02 
-9.69027908e-01  2.46128398e-02 
-9.61430606e-01  2.46300019e-02 
-9.53833305e-01  2.46471640e-02 
-9.46236003e-01  2.46643261e-02 
-9.38638701e-01  2.46814883e-02 
-9.31041400e-01  2.46986504e-02 
-9.23444098e-01  2.47158125e-02 
-9.15846796e-01  2.47329747e-02 
-9.08249494e-01  2.47501368e-02 
-9.00652193e-01  2.47672989e-02 
-8.93054891e-01  2.47844611e-02 
-8.85457589e-01  2.48016232e-02 
-8.77860288e-01  2.48187853e-02 
-8.70262986e-01  2.48359475e-02 
-8.62665684e-01  2.48531096e-02 
-8.55068383e-01  2.48702717e-02 
-8.47471081e-01  2.48874338e-02 
-8.39873779e-01  2.49045960e-02 
-8.32276478e-01  2.49217581e-02 
-8.24679176e-01  2.49389202e-02 
-8.17081874e-01  2.49560824e-02 
-8.09484573e-01  2.49732445e-02 
-8.01887271e-01  2.49904066e-02 
-7.94289969e-01  2.50075688e-02 
-7.86692668e-01  2.50247309e-02 
-7.79095366e-01  2.50418930e-02 
-7.71498064e-01  2.50590552e-02 
-7.63900763e-01  2.50762173e-02 
-7.56303461e-01  2.50933794e-02 
-7.48706159e-01  2.51105415e-02 
-7.41108858e-01  2.51277037e-02 
-7.33511556e-01  2.51448658e-02 
-7.25914254e-01  2.51620279e-02 
-7.18316952e-01  2.51791901e-02 
-7.10719651e-01  2.51963522e-02 
-7.03122349e-01  2.52135143e-02 
-6.95525047e-01  2.52306765e-02 
-6.87927746e-01  2.52478386e-02 
-6.80330444e-01  2.52650007e-02 
-6.72733142e-01  2.52821629e-02 
-6.65135841e-01  2.52993250e-02 
-6.57538539e-01  2.53164871e-02 
-6.49941237e-01  2.53336492e-02 
-6.42343936e-01  2.53508114e-02 
-6.34746634e-01  2.53679735e-02 
-6.27149332e-01  2.53851356e-02 
-6.19552031e-01  2.54022978e-02 
-6.11954729e-01  2.54194599e-02 
-6.04357427e-01  2.54366220e-02 
-5.96760126e-01  2.54537842e-02 
-5.89162824e-01  2.54709463e-02 
-5.81565522e-01  2.54881084e-02 
-5.73968221e-01  2.55052706e-02 
-5.66370919e-01  2.55224327e-02 
-5.58773617e-01  2.55395948e-02 
-5.51176316e-01  2.55567570e-02 
-5.43579014e-01  2.55739191e-02 
-5.35981712e-01  2.55910812e-02 
-5.28384411e-01  2.56082433e-02 
-5.20787109e-01  2.56254055e-02 
-5.13189807e-01  2.56425676e-02 
-5.05592506e-01  2.56597297e-02 
-4.97995204e-01  2.56768919e-02 
-4.90397902e-01  2.56940540e-02 
-4.82800600e-01  2.57112161e-02 
-4.75203299e-01  2.57283783e-02 
-4.67605997e-01  2.57455404e-02 
-4.60008695e-01  2.57627025e-02 
-4.52411394e-01  2.57798647e-02 
-4.44814092e-01  2.57970268e-02 
-4.37216790e-01  2.58141889e-02 
-4.29619489e-01  2.58313510e-02 
-4.22022187e-01  2.58485132e-02 
-4.14424885e-01  2.58656753e-02 
-4.06827584e-01  2.58828374e-02 
-3.99230282e-01  2.58999996e-02 
-3.91632980e-01  2.59171617e-02 
-3.84035679e-01  2.59343238e-02 
-3.76438377e-01  2.59514860e-02 
-3.68841075e-01  2.59686481e-02 
-3.61243774e-01  2.59858102e-02 
-3.53646472e-01  2.60029724e-02 
-3.46049170e-01  2.60201345e-02 
-3.38451869e-01  2.60372966e-02 
-3.30854567e-01  2.60544587e-02 
-3.23257265e-01  2.60716209e-02 
-3.15659964e-01  2.60887830e-02 
-3.08062662e-01  2.61059451e-02 
-3.00465360e-01  2.61231073e-02 
-2.92868059e-01  2.61402694e-02 
-2.85270757e-01  2.61574315e-02 
-2.77673455e-01  2.61745937e-02 
-2.70076153e-01  2.61917558e-02 
-2.62478852e-01  2.62089179e-02 
-2.54881550e-01  2.62260801e-02 
-2.47284248e-01  2.62432422e-02 
-2.39686947e-01  2.62604043e-02 
-2.32089645e-01  2.62775664e-02 
-2.24492343e-01  2.62947286e-02 
-2.16895042e-01  2.63118907e-02 
-2.09297740e-01  2.63290528e-02 
-2.01700438e-01  2.63462150e-02 
-1.94103137e-01  2.63633771e-02 
-1.86505835e-01  2.63805392e-02 
-1.78908533e-01  2.63977014e-02 
-1.71311232e-01  2.64148635e-02 
-1.63713930e-01  2.64320256e-02 
-1.56116628e-01  2.64491878e-02 
-1.48519327e-01  2.64663499e-02 
-1.40922025e-01  2.64835120e-02 
-1.33324723e-01  2.65006741e-02 
-1.25727422e-01  2.65178363e-02 
-1.18130120e-01  2.65349984e-02 
-1.10532818e-01  2.65521605e-02 
-1.02935517e-01  2.65693227e-02 
-9.53382149e-02  2.65864848e-02 
-8.77409132e-02  2.66036469e-02 
-8.01436115e-02  2.66208091e-02 
-7.25463098e-02  2.66379712e-02 
-6.49490082e-02  2.66551333e-02 
-5.73517065e-02  2.66722955e-02 
-4.97544048e-02  2.66894576e-02 
-4.21571031e-02  2.67066197e-02 
-3.45598014e-02  2.67237818e-02 
-2.69624998e-02  2.67409440e-02 
-1.93651981e-02  2.67581061e-02 
-1.17678964e-02  2.67752682e-02 
-4.17059473e-03  2.67924304e-02 
 3.42670695e-03  2.68095925e-02 
 1.10240086e-02  2.68267546e-02 
 1.86213103e-02  2.68439168e-02 
 2.62186120e-02  2.68610789e-02 
 3.38159137e-02  2.68782410e-02 
 4.14132153e-02  2.68954032e-02 
 4.90105170e-02  2.69125653e-02 
 5.66078187e-02  2.69297274e-02 
 6.42051204e-02  2.69468896e-02 
 7.18024221e-02  2.69640517e-02 
 7.93997237e-02  2.69812138e-02 
 8.69970254e-02  2.69983759e-02 
 9.45943271e-02  2.70155381e-02 
 1.02191629e-01  2.70327002e-02 
 1.09788930e-01  2.70498623e-02 
 1.17386232e-01  2.70670245e-02 
 1.24983534e-01  2.70841866e-02 
 1.32580835e-01  2.71013487e-02 
 1.40178137e-01  2.71185109e-02 
 1.47775439e-01  2.71356730e-02 
 1.55372741e-01  2.71528351e-02 
 1.62970042e-01  2.71699973e-02 
 1.70567344e-01  2.71871594e-02 
 1.78164646e-01  2.72043215e-02 
 1.85761947e-01  2.72214836e-02 
 1.93359249e-01  2.72386458e-02 
 2.00956551e-01  2.72558079e-02 
 2.08553852e-01  2.72729700e-02 
 2.16151154e-01  2.72901322e-02 
 2.23748456e-01  2.73072943e-02 
 2.31345757e-01  2.73244564e-02 
 2.38943059e-01  2.73416186e-02 
 2.46540361e-01  2.73587807e-02 
 2.54137662e-01  2.73759428e-02 
 2.61734964e-01  2.73931050e-02 
 2.69332266e-01  2.74102671e-02 
 2.76929567e-01  2.74274292e-02 
 2.84526869e-01  2.74445913e-02 
 2.92124171e-01  2.74617535e-02 
 2.99721472e-01  2.74789156e-02 
 3.07318774e-01  2.74960777e-02 
 3.14916076e-01  2.75132399e-02 
 3.22513377e-01  2.75304020e-02 
 3.30110679e-01  2.75475641e-02 
 3.37707981e-01  2.75647263e-02 
 3.45305282e-01  2.75818884e-02 
 3.52902584e-01  2.75990505e-02 
 3.60499886e-01  2.76162127e-02 
 3.68097188e-01  2.76333748e-02 
 3.75694489e-01  2.76505369e-02 
 3.83291791e-01  2.76676990e-02 
 3.90889093e-01  2.76848612e-02 
 3.98486394e-01  2.77020233e-02 
 4.06083696e-01  2.77191854e-02 
 4.13680998e-01  2.77363476e-02 
 4.21278299e-01  2.77535097e-02 
 4.28875601e-01  2.77706718e-02 
 4.36472903e-01  2.77878340e-02 
 4.44070204e-01  2.78049961e-02 
 4.51667506e-01  2.78221582e-02 
 4.59264808e-01  2.78393204e-02 
 4.66862109e-01  2.78564825e-02 
 4.74459411e-01  2.78736446e-02 
 4.82056713e-01  2.78908067e-02 
 4.89654014e-01  2.79079689e-02 
 4.97251316e-01  2.79251310e-02 
 5.04848618e-01  2.79422931e-02 
 5.12445919e-01  2.79594553e-02 
 5.20043221e-01  2.79766174e-02 
 5.27640523e-01  2.79937795e-02 
 5.35237824e-01  2.80109417e-02 
 5.42835126e-01  2.80281038e-02 
 5.50432428e-01  2.80452659e-02 
 5.58029729e-01  2.80624281e-02 
 5.65627031e-01  2.80795902e-02 
 5.73224333e-01  2.80967523e-02 
 5.80821634e-01  2.81139144e-02 
 5.88418936e-01  2.81310766e-02 
 5.96016238e-01  2.81482387e-02 
 6.03613540e-01  2.81654008e-02 
 6.11210841e-01  2.81825630e-02 
 6.18808143e-01  2.81997251e-02 
 6.26405445e-01  2.82168872e-02 
 6.34002746e-01  2.82340494e-02 
 6.41600048e-01  2.82512115e-02 
 6.49197350e-01  2.82683736e-02 
 6.56794651e-01  2.82855358e-02 
 6.64391953e-01  2.83026979e-02 
 6.71989255e-01  2.83198600e-02 
 6.79586556e-01  2.83370222e-02 
 6.87183858e-01  2.83541843e-02 
 6.94781160e-01  2.83713464e-02 
 7.02378461e-01  2.83885085e-02 
 7.09975763e-01  2.84056707e-02 
 7.17573065e-01  2.84228328e-02 
 7.25170366e-01  2.84399949e-02 
 7.32767668e-01  2.84571571e-02 
 7.40364970e-01  2.84743192e-02 
 7.47962271e-01  2.84914813e-02 
 7.55559573e-01  2.85086435e-02 
 7.63156875e-01  2.85258056e-02 
 7.70754176e-01  2.85429677e-02 
 7.78351478e-01  2.85601299e-02 
 7.85948780e-01  2.85772920e-02 
 7.93546081e-01  2.85944541e-02 
 8.01143383e-01  2.86116162e-02 
 8.08740685e-01  2.86287784e-02 
 8.16337987e-01  2.86459405e-02 
 8.23935288e-01  2.86631026e-02 
 8.31532590e-01  2.86802648e-02 
 8.39129892e-01  2.86974269e-02 
 8.46727193e-01  2.87145890e-02 
 8.54324495e-01  2.87317512e-02 
 8.61921797e-01  2.87489133e-02 
 8.69519098e-01  2.87660754e-02 
 8.77116400e-01  2.87832376e-02 
 8.84713702e-01  2.88003997e-02 
 8.92311003e-01  2.88175618e-02 
 8.99908305e-01  2.88347239e-02 
 9.07505607e-01  2.88518861e-02 
 9.15102908e-01  2.88690482e-02 
 9.22700210e-01  2.88862103e-02 
 9.30297512e-01  2.89033725e-02 
 9.37894813e-01  2.89205346e-02 
 9.45492115e-01  2.89376967e-02 
 9.53089417e-01  2.89548589e-02 
 9.60686718e-01  2.89720210e-02 
 9.68284020e-01  2.89891831e-02 
 9.75881322e-01  2.90063453e-02 
 9.83478623e-01  2.90235074e-02 
 9.91075925e-01  2.90406695e-02 
 9.98673227e-01  2.90578316e-02 
 1.00627053e+00  2.90749938e-02 
 1.01386783e+00  2.90921559e-02 
 1.02146513e+00  2.91093180e-02 
 1.02906243e+00  2.91264802e-02 
 1.03665974e+00  2.91436423e-02 
 1.04425704e+00  2.91608044e-02 
 1.05185434e+00  2.91779666e-02 
 1.05945164e+00  2.91951287e-02 
 1.06704894e+00  2.92122908e-02 
 1.07464624e+00  2.92294530e-02 
 1.08224355e+00  2.92466151e-02 
 1.08984085e+00  2.92637772e-02 
 1.09743815e+00  2.92809393e-02 
 1.10503545e+00  2.92981015e-02 
 1.11263275e+00  2.93152636e-02 
 1.12023005e+00  2.93324257e-02 
 1.12782736e+00  2.93495879e-02 
 1.13542466e+00  2.93667500e-02 
 1.14302196e+00  2.93839121e-02 
 1.15061926e+00  2.94010743e-02 
 1.15821656e+00  2.94182364e-02 
 1.16581386e+00  2.94353985e-02 
 1.17341117e+00  2.94525607e-02 
 1.18100847e+00  2.94697228e-02 
 1.18860577e+00  2.94868849e-02 
 1.19620307e+00  2.95040471e-02 
 1.20380037e+00  2.95212092e-02 
 1.21139767e+00  2.95383713e-02 
 1.21899498e+00  2.95555334e-02 
 1.22659228e+00  2.95726956e-02 
 1.23418958e+00  2.95898577e-02 
 1.24178688e+00  2.96070198e-02 
 1.24938418e+00  2.96241820e-02 
 1.25698148e+00  2.96413441e-02 
 1.26457879e+00  2.96585062e-02 
 1.27217609e+00  2.96756684e-02 
 1.27977339e+00  2.96928305e-02 
 1.28737069e+00  2.97099926e-02 
 1.29496799e+00  2.97271548e-02 
 1.30256529e+00  2.97443169e-02 
 1.31016260e+00  2.97614790e-02 
 1.31775990e+00  2.97786411e-02 
 1.32535720e+00  2.97958033e-02 
 1.33295450e+00  2.98129654e-02 
 1.34055180e+00  2.98301275e-02 
 1.34814910e+00  2.98472897e-02 
 1.35574641e+00  2.98644518e-02 
 1.36334371e+00  2.98816139e-02 
 1.37094101e+00  2.98987761e-02 
 1.37853831e+00  2.99159382e-02 
 1.38613561e+00  2.99331003e-02 
 1.39373291e+00  2.99502625e-02 
 1.40133022e+00  2.99674246e-02 
 1.40892752e+00  2.99845867e-02 
 1.41652482e+00  3.00017488e-02 
 1.42412212e+00  3.00189110e-02 
 1.43171942e+00  3.00360731e-02 
 1.43931672e+00  3.00532352e-02 
 1.44691403e+00  3.00703974e-02 
 1.45451133e+00  3.00875595e-02 
 1.46210863e+00  3.01047216e-02 
 1.46970593e+00  3.01218838e-02 
 1.47730323e+00  3.01390459e-02 
 1.48490053e+00  3.01562080e-02 
 1.49249784e+00  3.01733702e-02 
 1.50009514e+00  3.01905323e-02 
 1.50769244e+00  3.02076944e-02 
 1.51528974e+00  3.02248565e-02 
 1.52288704e+00  3.02420187e-02 
 1.53048434e+00  3.02591808e-02 
 1.53808165e+00  3.02763429e-02 
 1.54567895e+00  3.02935051e-02 
 1.55327625e+00  3.03106672e-02 
 1.56087355e+00  3.03278293e-02 
 1.56847085e+00  3.03449915e-02 
 1.57606815e+00  3.03621536e-02 
 1.58366546e+00  3.03793157e-02 
 1.59126276e+00  3.03964779e-02 
 1.59886006e+00  3.04136400e-02 
 1.60645736e+00  3.04308021e-02 
 1.61405466e+00  3.04479642e-02 
 1.62165196e+00  3.04651264e-02 
 1.62924927e+00  3.04822885e-02 
 1.63684657e+00  3.04994506e-02 
 1.64444387e+00  3.05166128e-02 
 1.65204117e+00  3.05337749e-02 
 1.65963847e+00  3.05509370e-02 
 1.66723577e+00  3.05680992e-02 
 1.67483308e+00  3.05852613e-02 
 1.68243038e+00  3.06024234e-02 
 1.69002768e+00  3.06195856e-02 
 1.69762498e+00  3.06367477e-02 
 1.70522228e+00  3.06539098e-02 
 1.71281958e+00  3.06710719e-02 
 1.72041689e+00  3.06882341e-02 
 1.72801419e+00  3.07053962e-02 
 1.73561149e+00  3.07225583e-02 
 1.74320879e+00  3.07397205e-02 
 1.75080609e+00  3.07568826e-02 
 1.75840339e+00  3.07740447e-02 
 1.76600070e+00  3.07912069e-02 
 1.77359800e+00  3.08083690e-02 
 1.78119530e+00  3.08255311e-02 
 1.78879260e+00  3.08426933e-02 
 1.79638990e+00  3.08598554e-02 
 1.80398720e+00  3.08770175e-02 
 1.81158451e+00  3.08941797e-02 
 1.81918181e+00  3.09113418e-02 
 1.82677911e+00  3.09285039e-02 
 1.83437641e+00  3.09456660e-02 
 1.84197371e+00  3.09628282e-02 
 1.84957101e+00  3.09799903e-02 
 1.85716832e+00  3.09971524e-02 
 1.86476562e+00  3.10143146e-02 
 1.87236292e+00  3.10314767e-02 
 1.87996022e+00  3.10486388e-02 
 1.88755752e+00  3.10658010e-02 
 1.89515482e+00  3.10829631e-02 
 1.90275213e+00  3.11001252e-02 
 1.91034943e+00  3.11172874e-02 
 1.91794673e+00  3.11344495e-02 
 1.92554403e+00  3.11516116e-02 
 1.93314133e+00  3.11687737e-02 
 1.94073863e+00  3.11859359e-02 
 1.94833594e+00  3.12030980e-02 
 1.95593324e+00  3.12202601e-02 
 1.96353054e+00  3.12374223e-02 
 1.97112784e+00  3.12545844e-02 
 1.97872514e+00  3.12717465e-02 
 1.98632244e+00  3.12889087e-02 
 1.99391975e+00  3.13060708e-02 
 2.00151705e+00  3.13232329e-02 
 2.00911435e+00  3.13403951e-02 
 2.01671165e+00  3.13575572e-02 
 2.02430895e+00  3.13747193e-02 
 2.03190625e+00  3.13918814e-02 
 2.03950356e+00  3.14090436e-02 
 2.04710086e+00  3.14262057e-02 
 2.05469816e+00  3.14433678e-02 
 2.06229546e+00  3.14605300e-02 
 2.06989276e+00  3.14776921e-02 
 2.07749007e+00  3.14948542e-02 
 2.08508737e+00  3.15120164e-02 
 2.09268467e+00  3.15291785e-02 
 2.10028197e+00  3.15463406e-02 
 2.10787927e+00  3.15635028e-02 
 2.11547657e+00  3.15806649e-02 
 2.12307388e+00  3.15978270e-02 
 2.13067118e+00  3.16149891e-02 
 2.13826848e+00  3.16321513e-02 
 2.14586578e+00  3.16493134e-02 
 2.15346308e+00  3.16664755e-02 
 2.16106038e+00  3.16836377e-02 
 2.16865769e+00  3.17007998e-02 
 2.17625499e+00  3.17179619e-02 
 2.18385229e+00  3.17351241e-02 
 2.19144959e+00  3.17522862e-02 
 2.19904689e+00  3.17694483e-02 
 2.20664419e+00  3.17866105e-02 
 2.21424150e+00  3.18037726e-02 
 2.22183880e+00  3.18209347e-02 
 2.22943610e+00  3.18380968e-02 
 2.23703340e+00  3.18552590e-02 
 2.24463070e+00  3.18724211e-02 
 2.25222800e+00  3.18895832e-02 
 2.25982531e+00  3.19067454e-02 
 2.26742261e+00  3.19239075e-02 
 2.27501991e+00  3.19410696e-02 
 2.28261721e+00  3.19582318e-02 
 2.29021451e+00  3.19753939e-02 
 2.29781181e+00  3.19925560e-02 
 2.30540912e+00  3.20097182e-02 
 2.31300642e+00  3.20268803e-02 
 2.32060372e+00  3.20440424e-02 
 2.32820102e+00  3.20612046e-02 
 2.33579832e+00  3.20783667e-02 
 2.34339562e+00  3.20955288e-02 
 2.35099293e+00  3.21126909e-02 
 2.35859023e+00  3.21298531e-02 
 2.36618753e+00  3.21470152e-02 
 2.37378483e+00  3.21641773e-02 
 2.38138213e+00  3.21813395e-02 
 2.38897943e+00  3.21985016e-02 
 2.39657674e+00  3.22156637e-02 
 2.40417404e+00  3.22328259e-02 
 2.41177134e+00  3.22499880e-02 
 2.41936864e+00  3.22671501e-02 
 2.42696594e+00  3.22843123e-02 
 2.43456324e+00  3.23014744e-02 
 2.44216055e+00  3.23186365e-02 
 2.44975785e+00  3.23357986e-02 
 2.45735515e+00  3.23529608e-02 
 2.46495245e+00  3.23701229e-02 
 2.47254975e+00  3.23872850e-02 
 2.48014705e+00  3.24044472e-02 
 2.48774436e+00  3.24216093e-02 
 2.49534166e+00  3.24387714e-02 
 2.50293896e+00  3.24559336e-02 
 2.51053626e+00  3.24730957e-02 
 2.51813356e+00  3.24902578e-02 
 2.52573086e+00  3.25074200e-02 
 2.53332817e+00  3.25245821e-02 
 2.54092547e+00  3.25417442e-02 
 2.54852277e+00  3.25589063e-02 
 2.55612007e+00  3.25760685e-02 
 2.56371737e+00  3.25932306e-02 
 2.57131467e+00  3.26103927e-02 
 2.57891198e+00  3.26275549e-02 
 2.58650928e+00  3.26447170e-02 
 2.59410658e+00  3.26618791e-02 
 2.60170388e+00  3.26790413e-02 
 2.60930118e+00  3.26962034e-02 
 2.61689848e+00  3.27133655e-02 
 2.62449579e+00  3.27305277e-02 
 2.63209309e+00  3.27476898e-02 
 2.63969039e+00  3.27648519e-02 
 2.64728769e+00  3.27820140e-02 
 2.65488499e+00  3.27991762e-02 
 2.66248229e+00  3.28163383e-02 
 2.67007960e+00  3.28335004e-02 
 2.67767690e+00  3.28506626e-02 
 2.68527420e+00  3.28678247e-02 
 2.69287150e+00  3.28849868e-02 
 2.70046880e+00  3.29021490e-02 
 2.70806610e+00  3.29193111e-02 
 2.71566341e+00  3.29364732e-02 
 2.72326071e+00  3.29536354e-02 
 2.73085801e+00  3.29707975e-02 
 2.73845531e+00  3.29879596e-02 
 2.74605261e+00  3.30051217e-02 
 2.75364991e+00  3.30222839e-02 
 2.76124722e+00  3.30394460e-02 
 2.76884452e+00  3.30566081e-02 
 2.77644182e+00  3.30737703e-02 
 2.78403912e+00  3.30909324e-02 
 2.79163642e+00  3.31080945e-02 
 2.79923372e+00  3.31252567e-02 
 2.80683103e+00  3.31424188e-02 
 2.81442833e+00  3.31595809e-02 
 2.82202563e+00  3.31767431e-02 
 2.82962293e+00  3.31939052e-02 
 2.83722023e+00  3.32110673e-02 
 2.84481753e+00  3.32282294e-02 
 2.85241484e+00  3.32453916e-02 
 2.86001214e+00  3.32625537e-02 
 2.86760944e+00  3.32797158e-02 
 2.87520674e+00  3.32968780e-02 
 2.88280404e+00  3.33140401e-02 
 2.89040134e+00  3.33312022e-02 
 2.89799865e+00  3.33483644e-02 
 2.90559595e+00  3.33655265e-02 
 2.91319325e+00  3.33826886e-02 
 2.92079055e+00  3.33998508e-02 
 2.92838785e+00  3.34170129e-02 
 2.93598515e+00  3.34341750e-02 
 2.94358246e+00  3.34513372e-02 
 2.95117976e+00  3.34684993e-02 
 2.95877706e+00  3.34856614e-02 
 2.96637436e+00  3.35028235e-02 
 2.97397166e+00  3.35199857e-02 
 2.98156896e+00  3.35371478e-02 
 2.98916627e+00  3.35543099e-02 
 2.99676357e+00  3.35714721e-02 
 3.00436087e+00  3.35886342e-02 
 3.01195817e+00  3.36057963e-02 
 3.01955547e+00  3.36229585e-02 
 3.02715277e+00  3.36401206e-02 
 3.03475008e+00  3.36572827e-02 
 3.04234738e+00  3.36744449e-02 
 3.04994468e+00  3.36916070e-02 
 3.05754198e+00  3.37087691e-02 
 3.06513928e+00  3.37259312e-02 
 3.07273658e+00  3.37430934e-02 
 3.08033389e+00  3.37602555e-02 
 3.08793119e+00  3.37774176e-02 
 3.09552849e+00  3.37945798e-02 
 3.10312579e+00  3.38117419e-02 
 3.11072309e+00  3.38289040e-02 
 3.11832039e+00  3.38460662e-02 
 3.12591770e+00  3.38632283e-02 
 3.13351500e+00  3.38803904e-02 
 3.14111230e+00  3.38975526e-02 
 3.14870960e+00  3.39147147e-02 
 3.15630690e+00  3.39318768e-02 
 3.16390420e+00  3.39490389e-02 
 3.17150151e+00  3.39662011e-02 
 3.17909881e+00  3.39833632e-02 
 3.18669611e+00  3.40005253e-02 
 3.19429341e+00  3.40176875e-02 
 3.20189071e+00  3.40348496e-02 
 3.20948801e+00  3.40520117e-02 
 3.21708532e+00  3.40691739e-02 
 3.22468262e+00  3.40863360e-02 
 3.23227992e+00  3.41034981e-02 
 3.23987722e+00  3.41206603e-02 
 3.24747452e+00  3.41378224e-02 
 3.25507183e+00  3.41549845e-02 
 3.26266913e+00  3.41721466e-02 
 3.27026643e+00  3.41893088e-02 
 3.27786373e+00  3.42064709e-02 
 3.28546103e+00  3.42236330e-02 
 3.29305833e+00  3.42407952e-02 
 3.30065564e+00  3.42579573e-02 
 3.30825294e+00  3.42751194e-02 
 3.31585024e+00  3.42922816e-02 
 3.32344754e+00  3.43094437e-02 
 3.33104484e+00  3.43266058e-02 
 3.33864214e+00  3.43437680e-02 
 3.34623945e+00  3.43609301e-02 
 3.35383675e+00  3.43780922e-02 
 3.36143405e+00  3.43952543e-02 
 3.36903135e+00  3.44124165e-02 
 3.37662865e+00  3.44295786e-02 
 3.38422595e+00  3.44467407e-02 
 3.39182326e+00  3.44639029e-02 
 3.39942056e+00  3.44810650e-02 
 3.40701786e+00  3.44982271e-02 
 3.41461516e+00  3.45153893e-02 
 3.42221246e+00  3.45325514e-02 
 3.42980976e+00  3.45497135e-02 
 3.43740707e+00  3.45668757e-02 
 3.44500437e+00  3.45840378e-02 
 3.45260167e+00  3.46011999e-02 
 3.46019897e+00  3.46183621e-02 
 3.46779627e+00  3.46355242e-02 
 3.47539357e+00  3.46526863e-02 
 3.48299088e+00  3.46698484e-02 
 3.49058818e+00  3.46870106e-02 
 3.49818548e+00  3.47041727e-02 
 3.50578278e+00  3.47213348e-02 
 3.51338008e+00  3.47384970e-02 
 3.52097738e+00  3.47556591e-02 
 3.52857469e+00  3.47728212e-02 
 3.53617199e+00  3.47899834e-02 
 3.54376929e+00  3.48071455e-02 
 3.55136659e+00  3.48243076e-02 
 3.55896389e+00  3.48414698e-02 
 3.56656119e+00  3.48586319e-02 
 3.57415850e+00  3.48757940e-02 
 3.58175580e+00  3.48929561e-02 
 3.58935310e+00  3.49101183e-02 
 3.59695040e+00  3.49272804e-02 
 3.60454770e+00  3.49444425e-02 
 3.61214500e+00  3.49616047e-02 
 3.61974231e+00  3.49787668e-02 
 3.62733961e+00  3.49959289e-02 
 3.63493691e+00  3.50130911e-02 
 3.64253421e+00  3.50302532e-02 
 3.65013151e+00  3.50474153e-02 
 3.65772881e+00  3.50645775e-02 
 3.66532612e+00  3.50817396e-02 
 3.67292342e+00  3.50989017e-02 
 3.68052072e+00  3.51160638e-02 
 3.68811802e+00  3.51332260e-02 
 3.69571532e+00  3.51503881e-02 
 3.70331262e+00  3.51675502e-02 
 3.71090993e+00  3.51847124e-02 
 3.71850723e+00  3.52018745e-02 
 3.72610453e+00  3.52190366e-02 
 3.73370183e+00  3.52361988e-02 
 3.74129913e+00  3.52533609e-02 
 3.74889643e+00  3.52705230e-02 
 3.75649374e+00  3.52876852e-02 
 3.76409104e+00  3.53048473e-02 
 3.77168834e+00  3.53220094e-02 
 3.77928564e+00  3.53391715e-02 
 3.78688294e+00  3.53563337e-02 
 3.79448024e+00  3.53734958e-02 
 3.80207755e+00  3.53906579e-02 
 3.80967485e+00  3.54078201e-02 
 3.81727215e+00  3.54249822e-02 
 3.82486945e+00  3.54421443e-02 
 3.83246675e+00  3.54593065e-02 
 3.84006405e+00  3.54764686e-02 
 3.84766136e+00  3.54936307e-02 
 3.85525866e+00  3.55107929e-02 
 3.86285596e+00  3.55279550e-02 
 3.87045326e+00  3.55451171e-02 
 3.87805056e+00  3.55622792e-02 
 3.88564786e+00  3.55794414e-02 
 3.89324517e+00  3.55966035e-02 
 3.90084247e+00  3.56137656e-02 
 3.90843977e+00  3.56309278e-02 
 3.91603707e+00  3.56480899e-02 
 3.92363437e+00  3.56652520e-02 
 3.93123167e+00  3.56824142e-02 
 3.93882898e+00  3.56995763e-02 
 3.94642628e+00  3.57167384e-02 
 3.95402358e+00  3.57339006e-02 
 3.96162088e+00  3.57510627e-02 
 3.96921818e+00  3.57682248e-02 
 3.97681548e+00  3.57853870e-02 
 3.98441279e+00  3.58025491e-02 
 3.99201009e+00  3.58197112e-02 
 3.99960739e+00  3.58368733e-02 
 4.00720469e+00  3.58540355e-02 
 4.01480199e+00  3.58711976e-02 
 4.02239929e+00  3.58883597e-02 
 4.02999660e+00  3.59055219e-02 
 4.03759390e+00  3.59226840e-02 
 4.04519120e+00  3.59398461e-02 
 4.05278850e+00  3.59570083e-02 
 4.06038580e+00  3.59741704e-02 
 4.06798310e+00  3.59913325e-02 
 4.07558041e+00  3.60084947e-02 
 4.08317771e+00  3.60256568e-02 
 4.09077501e+00  3.60428189e-02 
 4.09837231e+00  3.60599810e-02 
 4.10596961e+00  3.60771432e-02 
 4.11356691e+00  3.60943053e-02 
 4.12116422e+00  3.61114674e-02 
 4.12876152e+00  3.61286296e-02 
 4.13635882e+00  3.61457917e-02 
 4.14395612e+00  3.61629538e-02 
 4.15155342e+00  3.61801160e-02 
 4.15915072e+00  3.61972781e-02 
 4.16674803e+00  3.62144402e-02 
 4.17434533e+00  3.62316024e-02 
 4.18194263e+00  3.62487645e-02 
 4.18953993e+00  3.62659266e-02 
 4.19713723e+00  3.62830887e-02 
 4.20473453e+00  3.63002509e-02 
 4.21233184e+00  3.63174130e-02 
 4.21992914e+00  3.63345751e-02 
 4.22752644e+00  3.63517373e-02 
 4.23512374e+00  3.63688994e-02 
 4.24272104e+00  3.63860615e-02 
 4.25031834e+00  3.64032237e-02 
 4.25791565e+00  3.64203858e-02 
 4.26551295e+00  3.64375479e-02 
 4.27311025e+00  3.64547101e-02 
 4.28070755e+00  3.64718722e-02 
 4.28830485e+00  3.64890343e-02 
 4.29590215e+00  3.65061964e-02 
 4.30349946e+00  3.65233586e-02 
 4.31109676e+00  3.65405207e-02 
 4.31869406e+00  3.65576828e-02 
 4.32629136e+00  3.65748450e-02 
 4.33388866e+00  3.65920071e-02 
 4.34148596e+00  3.66091692e-02 
 4.34908327e+00  3.66263314e-02 
 4.35668057e+00  3.66434935e-02 
 4.36427787e+00  3.66606556e-02 
 4.37187517e+00  3.66778178e-02 
 4.37947247e+00  3.66949799e-02 
 4.38706977e+00  3.67121420e-02 
 4.39466708e+00  3.67293041e-02 
 4.40226438e+00  3.67464663e-02 
 4.40986168e+00  3.67636284e-02 
 4.41745898e+00  3.67807905e-02 
 4.42505628e+00  3.67979527e-02 
 4.43265359e+00  3.68151148e-02 
 4.44025089e+00  3.68322769e-02 
 4.44784819e+00  3.68494391e-02 
 4.45544549e+00  3.68666012e-02 
 4.46304279e+00  3.68837633e-02 
 4.47064009e+00  3.69009255e-02 
 4.47823740e+00  3.69180876e-02 
 4.48583470e+00  3.69352497e-02 
 4.49343200e+00  3.69524119e-02 
 4.50102930e+00  3.69695740e-02 
 4.50862660e+00  3.69867361e-02 
 4.51622390e+00  3.70038982e-02 
 4.52382121e+00  3.70210604e-02 
 4.53141851e+00  3.70382225e-02 
 4.53901581e+00  3.70553846e-02 
 4.54661311e+00  3.70725468e-02 
 4.55421041e+00  3.70897089e-02 
 4.56180771e+00  3.71068710e-02 
 4.56940502e+00  3.71240332e-02 
 4.57700232e+00  3.71411953e-02 
 4.58459962e+00  3.71583574e-02 
 4.59219692e+00  3.71755196e-02 
 4.59979422e+00  3.71926817e-02 
 4.60739152e+00  3.72098438e-02 
 4.61498883e+00  3.72270059e-02 
 4.62258613e+00  3.72441681e-02 
 4.63018343e+00  3.72613302e-02 
 4.63778073e+00  3.72784923e-02 
 4.64537803e+00  3.72956545e-02 
 4.65297533e+00  3.73128166e-02 
 4.66057264e+00  3.73299787e-02 
 4.66816994e+00  3.73471409e-02 
 4.67576724e+00  3.73643030e-02 
 4.68336454e+00  3.73814651e-02 
 4.69096184e+00  3.73986273e-02 
 4.69855914e+00  3.74157894e-02 
 4.70615645e+00  3.74329515e-02 
 4.71375375e+00  3.74501136e-02 
 4.72135105e+00  3.74672758e-02 
 4.72894835e+00  3.74844379e-02 
 4.73654565e+00  3.75016000e-02 
 4.74414295e+00  3.75187622e-02 
 4.75174026e+00  3.75359243e-02 
 4.75933756e+00  3.75530864e-02 
 4.76693486e+00  3.75702486e-02 
 4.77453216e+00  3.75874107e-02 
 4.78212946e+00  3.76045728e-02 
 4.78972676e+00  3.76217350e-02 
 4.79732407e+00  3.76388971e-02 
 4.80492137e+00  3.76560592e-02 
 4.81251867e+00  3.76732213e-02 
 4.82011597e+00  3.76903835e-02 
 4.82771327e+00  3.77075456e-02 
 4.83531057e+00  3.77247077e-02 
 4.84290788e+00  3.77418699e-02 
 4.85050518e+00  3.77590320e-02 
 4.85810248e+00  3.77761941e-02 
 4.86569978e+00  3.77933563e-02 
 4.87329708e+00  3.78105184e-02 
 4.88089438e+00  3.78276805e-02 
 4.88849169e+00  3.78448427e-02 
 4.89608899e+00  3.78620048e-02 
 4.90368629e+00  3.78791669e-02 
 4.91128359e+00  3.78963290e-02 
 4.91888089e+00  3.79134912e-02 
 4.92647819e+00  3.79306533e-02 
 4.93407550e+00  3.79478154e-02 
 4.94167280e+00  3.79649776e-02 
 4.94927010e+00  3.79821397e-02 
 4.95686740e+00  3.79993018e-02 
 4.96446470e+00  3.80164640e-02 
 4.97206200e+00  3.80336261e-02 
 4.97965931e+00  3.80507882e-02 
 4.98725661e+00  3.80679504e-02 
 4.99485391e+00  3.80851125e-02 
 5.00245121e+00  3.81022746e-02 
 5.01004851e+00  3.81194368e-02 
 5.01764581e+00  3.81365989e-02 
 5.02524312e+00  3.81537610e-02 
 5.03284042e+00  3.81709231e-02 
 5.04043772e+00  3.81880853e-02 
 5.04803502e+00  3.82052474e-02 
 5.05563232e+00  3.82224095e-02 
 5.06322962e+00  3.82395717e-02 
 5.07082693e+00  3.82567338e-02 
 5.07842423e+00  3.82738959e-02 
 5.08602153e+00  3.82910581e-02 
 5.09361883e+00  3.83082202e-02 
 5.10121613e+00  3.83253823e-02 
 5.10881343e+00  3.83425445e-02 
 5.11641074e+00  3.83597066e-02 
 5.12400804e+00  3.83768687e-02 
 5.13160534e+00  3.83940308e-02 
 5.13920264e+00  3.84111930e-02 
 5.14679994e+00  3.84283551e-02 
 5.15439724e+00  3.84455172e-02 
 5.16199455e+00  3.84626794e-02 
 5.16959185e+00  3.84798415e-02 
 5.17718915e+00  3.84970036e-02 
 5.18478645e+00  3.85141658e-02 
 5.19238375e+00  3.85313279e-02 
 5.19998105e+00  3.85484900e-02 
 5.20757836e+00  3.85656522e-02 
 5.21517566e+00  3.85828143e-02 
 5.22277296e+00  3.85999764e-02 
 5.23037026e+00  3.86171385e-02 
 5.23796756e+00  3.86343007e-02 
 5.24556486e+00  3.86514628e-02 
 5.25316217e+00  3.86686249e-02 
 5.26075947e+00  3.86857871e-02 
 5.26835677e+00  3.87029492e-02 
 5.27595407e+00  3.87201113e-02 
 5.28355137e+00  3.87372735e-02 
 5.29114867e+00  3.87544356e-02 
 5.29874598e+00  3.87715977e-02 
 5.30634328e+00  3.87887599e-02 
 5.31394058e+00  3.88059220e-02 
 5.32153788e+00  3.88230841e-02 
 5.32913518e+00  3.88402462e-02 
 5.33673248e+00  3.88574084e-02 
 5.34432979e+00  3.88745705e-02 
 5.35192709e+00  3.88917326e-02 
 5.35952439e+00  3.89088948e-02 
 5.36712169e+00  3.89260569e-02 
 5.37471899e+00  3.89432190e-02 
 5.38231629e+00  3.89603812e-02 
 5.38991360e+00  3.89775433e-02 
 5.39751090e+00  3.89947054e-02 
 5.40510820e+00  3.90118676e-02 
 5.41270550e+00  3.90290297e-02 
 5.42030280e+00  3.90461918e-02 
 5.42790010e+00  3.90633539e-02 
 5.43549741e+00  3.90805161e-02 
 5.44309471e+00  3.90976782e-02 
 5.45069201e+00  3.91148403e-02 
 5.45828931e+00  3.91320025e-02 
 5.46588661e+00  3.91491646e-02 
 5.47348391e+00  3.91663267e-02 
 5.48108122e+00  3.91834889e-02 
 5.48867852e+00  3.92006510e-02 
 5.49627582e+00  3.92178131e-02 
 5.50387312e+00  3.92349753e-02 
 5.51147042e+00  3.92521374e-02 
 5.51906772e+00  3.92692995e-02 
 5.52666503e+00  3.92864617e-02 
 5.53426233e+00  3.93036238e-02 
 5.54185963e+00  3.93207859e-02 
 5.54945693e+00  3.93379480e-02 
 5.55705423e+00  3.93551102e-02 
 5.56465153e+00  3.93722723e-02 
 5.57224884e+00  3.93894344e-02 
 5.57984614e+00  3.94065966e-02 
 5.58744344e+00  3.94237587e-02 
 5.59504074e+00  3.94409208e-02 
 5.60263804e+00  3.94580830e-02 
 5.61023534e+00  3.94752451e-02 
 5.61783265e+00  3.94924072e-02 
 5.62542995e+00  3.95095694e-02 
 5.63302725e+00  3.95267315e-02 
 5.64062455e+00  3.95438936e-02 
 5.64822185e+00  3.95610557e-02 
 5.65581915e+00  3.95782179e-02 
 5.66341646e+00  3.95953800e-02 
 5.67101376e+00  3.96125421e-02 
 5.67861106e+00  3.96297043e-02 
 5.68620836e+00  3.96468664e-02 
 5.69380566e+00  3.96640285e-02 
 5.70140297e+00  3.96811907e-02 
 5.70900027e+00  3.96983528e-02 
 5.71659757e+00  3.97155149e-02 
 5.72419487e+00  3.97326771e-02 
 5.73179217e+00  3.97498392e-02 
 5.73938947e+00  3.97670013e-02 
 5.74698678e+00  3.97841634e-02 
 5.75458408e+00  3.98013256e-02 
 5.76218138e+00  3.98184877e-02 
 5.76977868e+00  3.98356498e-02 
 5.77737598e+00  3.98528120e-02 
 5.78497328e+00  3.98699741e-02 
 5.79257059e+00  3.98871362e-02 
 5.80016789e+00  3.99042984e-02 
 5.80776519e+00  3.99214605e-02 
 5.81536249e+00  3.99386226e-02 
 5.82295979e+00  3.99557848e-02 
 5.83055709e+00  3.99729469e-02 
 5.83815440e+00  3.99901090e-02 
 5.84575170e+00  4.00072711e-02 
 5.85334900e+00  4.00244333e-02 
 5.86094630e+00  4.00415954e-02 
 5.86854360e+00  4.00587575e-02 
 5.87614090e+00  4.00759197e-02 
 5.88373821e+00  4.00930818e-02 
 5.89133551e+00  4.01102439e-02 
 5.89893281e+00  4.01274061e-02 
 5.90653011e+00  4.01445682e-02 
 5.91412741e+00  4.01617303e-02 
 5.92172471e+00  4.01788925e-02 
 5.92932202e+00  4.01960546e-02 
 5.93691932e+00  4.02132167e-02 
 5.94451662e+00  4.02303788e-02 
 5.95211392e+00  4.02475410e-02 
 5.95971122e+00  4.02647031e-02 
 5.96730852e+00  4.02818652e-02 
 5.97490583e+00  4.02990274e-02 
 5.98250313e+00  4.03161895e-02 
 5.99010043e+00  4.03333516e-02 
 5.99769773e+00  4.03505138e-02 
 6.00529503e+00  4.03676759e-02 
 6.01289233e+00  4.03848380e-02 
 6.02048964e+00  4.04020002e-02 
 6.02808694e+00  4.04191623e-02 
 6.03568424e+00  4.04363244e-02 
 6.04328154e+00  4.04534866e-02 
 6.05087884e+00  4.04706487e-02 
 6.05847614e+00  4.04878108e-02 
 6.06607345e+00  4.05049729e-02 
 6.07367075e+00  4.05221351e-02 
 6.08126805e+00  4.05392972e-02 
 6.08886535e+00  4.05564593e-02 
 6.09646265e+00  4.05736215e-02 
 6.10405995e+00  4.05907836e-02 
 6.11165726e+00  4.06079457e-02 
 6.11925456e+00  4.06251079e-02 
 6.12685186e+00  4.06422700e-02 
 6.13444916e+00  4.06594321e-02 
 6.14204646e+00  4.06765943e-02 
 6.14964376e+00  4.06937564e-02 
 6.15724107e+00  4.07109185e-02 
 6.16483837e+00  4.07280806e-02 
 6.17243567e+00  4.07452428e-02 
 6.18003297e+00  4.07624049e-02 
 6.18763027e+00  4.07795670e-02 
 6.19522757e+00  4.07967292e-02 
 6.20282488e+00  4.08138913e-02 
 6.21042218e+00  4.08310534e-02 
 6.21801948e+00  4.08482156e-02 
 6.22561678e+00  4.08653777e-02 
 6.23321408e+00  4.08825398e-02 
 6.24081138e+00  4.08997020e-02 
 6.24840869e+00  4.09168641e-02 
 6.25600599e+00  4.09340262e-02 
 6.26360329e+00  4.09511883e-02 
 6.27120059e+00  4.09683505e-02 
 6.27879789e+00  4.09855126e-02 
 6.28639519e+00  4.10026747e-02 
 6.29399250e+00  4.10198369e-02 
 6.30158980e+00  4.10369990e-02 
 6.30918710e+00  4.10541611e-02 
 6.31678440e+00  4.10713233e-02 
 6.32438170e+00  4.10884854e-02 
 6.33197900e+00  4.11056475e-02 
 6.33957631e+00  4.11228097e-02 
 6.34717361e+00  4.11399718e-02 
 6.35477091e+00  4.11571339e-02 
 6.36236821e+00  4.11742960e-02 
 6.36996551e+00  4.11914582e-02 
 6.37756281e+00  4.12086203e-02 
 6.38516012e+00  4.12257824e-02 
 6.39275742e+00  4.12429446e-02 
 6.40035472e+00  4.12601067e-02 
 6.40795202e+00  4.12772688e-02 
 6.41554932e+00  4.12944310e-02 
 6.42314662e+00  4.13115931e-02 
 6.43074393e+00  4.13287552e-02 
 6.43834123e+00  4.13459174e-02 
 6.44593853e+00  4.13630795e-02 
 6.45353583e+00  4.13802416e-02 
 6.46113313e+00  4.13974037e-02 
 6.46873043e+00  4.14145659e-02 
 6.47632774e+00  4.14317280e-02 
 6.48392504e+00  4.14488901e-02 
 6.49152234e+00  4.14660523e-02 
 6.49911964e+00  4.14832144e-02 
 6.50671694e+00  4.15003765e-02 
 6.51431424e+00  4.15175387e-02 
 6.52191155e+00  4.15347008e-02 
 6.52950885e+00  4.15518629e-02 
 6.53710615e+00  4.15690251e-02 
 6.54470345e+00  4.15861872e-02 
 6.55230075e+00  4.16033493e-02 
 6.55989805e+00  4.16205115e-02 
 6.56749536e+00  4.16376736e-02 
 6.57509266e+00  4.16548357e-02 
 6.58268996e+00  4.16719978e-02 
 6.59028726e+00  4.16891600e-02 
 6.59788456e+00  4.17063221e-02 
 6.60548186e+00  4.17234842e-02 
 6.61307917e+00  4.17406464e-02 
 6.62067647e+00  4.17578085e-02 
 6.62827377e+00  4.17749706e-02 
 6.63587107e+00  4.17921328e-02 
 6.64346837e+00  4.18092949e-02 
 6.65106567e+00  4.18264570e-02 
 6.65866298e+00  4.18436192e-02 
 6.66626028e+00  4.18607813e-02 
 6.67385758e+00  4.18779434e-02 
 6.68145488e+00  4.18951055e-02 
 6.68905218e+00  4.19122677e-02 
 6.69664948e+00  4.19294298e-02 
 6.70424679e+00  4.19465919e-02 
 6.71184409e+00  4.19637541e-02 
 6.71944139e+00  4.19809162e-02 
 6.72703869e+00  4.19980783e-02 
 6.73463599e+00  4.20152405e-02 
 6.74223329e+00  4.20324026e-02 
 6.74983060e+00  4.20495647e-02 
 6.75742790e+00  4.20667269e-02 
 6.76502520e+00  4.20838890e-02 
 6.77262250e+00  4.21010511e-02 
 6.78021980e+00  4.21182132e-02 
 6.78781710e+00  4.21353754e-02 
 6.79541441e+00  4.21525375e-02 
 6.80301171e+00  4.21696996e-02 
 6.81060901e+00  4.21868618e-02 
 6.81820631e+00  4.22040239e-02 
 6.82580361e+00  4.22211860e-02 
 6.83340091e+00  4.22383482e-02 
 6.84099822e+00  4.22555103e-02 
 6.84859552e+00  4.22726724e-02 
 6.85619282e+00  4.22898346e-02 
 6.86379012e+00  4.23069967e-02 
 6.87138742e+00  4.23241588e-02 
 6.87898472e+00  4.23413209e-02 
 6.88658203e+00  4.23584831e-02 
 6.89417933e+00  4.23756452e-02 
 6.90177663e+00  4.23928073e-02 
 6.90937393e+00  4.24099695e-02 
 6.91697123e+00  4.24271316e-02 
 6.92456853e+00  4.24442937e-02 
 6.93216584e+00  4.24614559e-02 
 6.93976314e+00  4.24786180e-02 
 6.94736044e+00  4.24957801e-02 
 6.95495774e+00  4.25129423e-02 
 6.96255504e+00  4.25301044e-02 
 6.97015234e+00  4.25472665e-02 
 6.97774965e+00  4.25644286e-02 
 6.98534695e+00  4.25815908e-02 
 6.99294425e+00  4.25987529e-02 
 7.00054155e+00  4.26159150e-02 
 7.00813885e+00  4.26330772e-02 
 7.01573616e+00  4.26502393e-02 
 7.02333346e+00  4.26674014e-02 
 7.03093076e+00  4.26845636e-02 
 7.03852806e+00  4.27017257e-02 
 7.04612536e+00  4.27188878e-02 
 7.05372266e+00  4.27360500e-02 
 7.06131997e+00  4.27532121e-02 
 7.06891727e+00  4.27703742e-02 
 7.07651457e+00  4.27875364e-02 
 7.08411187e+00  4.28046985e-02 
 7.09170917e+00  4.28218606e-02 
 7.09930647e+00  4.28390227e-02 
 7.10690378e+00  4.28561849e-02 
 7.11450108e+00  4.28733470e-02 
 7.12209838e+00  4.28905091e-02 
 7.12969568e+00  4.29076713e-02 
 7.13729298e+00  4.29248334e-02 
 7.14489028e+00  4.29419955e-02 
 7.15248759e+00  4.29591577e-02 
 7.16008489e+00  4.29763198e-02 
 7.16768219e+00  4.29934819e-02 
 7.17527949e+00  4.30106441e-02 
 7.18287679e+00  4.30278062e-02 
 7.19047409e+00  4.30449683e-02 
 7.19807140e+00  4.30621304e-02 
 7.20566870e+00  4.30792926e-02 
 7.21326600e+00  4.30964547e-02 
 7.22086330e+00  4.31136168e-02 
 7.22846060e+00  4.31307790e-02 
 7.23605790e+00  4.31479411e-02 
 7.24365521e+00  4.31651032e-02 
 7.25125251e+00  4.31822654e-02 
 7.25884981e+00  4.31994275e-02 
 7.26644711e+00  4.32165896e-02 
 7.27404441e+00  4.32337518e-02 
 7.28164171e+00  4.32509139e-02 
 7.28923902e+00  4.32680760e-02 
 7.29683632e+00  4.32852381e-02 
 7.30443362e+00  4.33024003e-02 
 7.31203092e+00  4.33195624e-02 
 7.31962822e+00  4.33367245e-02 
 7.32722552e+00  4.33538867e-02 
 7.33482283e+00  4.33710488e-02 
 7.34242013e+00  4.33882109e-02 
 7.35001743e+00  4.34053731e-02 
 7.35761473e+00  4.34225352e-02 
 7.36521203e+00  4.34396973e-02 
 7.37280933e+00  4.34568595e-02 
 7.38040664e+00  4.34740216e-02 
 7.38800394e+00  4.34911837e-02 
 7.39560124e+00  4.35083458e-02 
 7.40319854e+00  4.35255080e-02 
 7.41079584e+00  4.35426701e-02 
 7.41839314e+00  4.35598322e-02 
 7.42599045e+00  4.35769944e-02 
 7.43358775e+00  4.35941565e-02 
 7.44118505e+00  4.36113186e-02 
 7.44878235e+00  4.36284808e-02 
 7.45637965e+00  4.36456429e-02 
 7.46397695e+00  4.36628050e-02 
 7.47157426e+00  4.36799672e-02 
 7.47917156e+00  4.36971293e-02 
 7.48676886e+00  4.37142914e-02 
 7.49436616e+00  4.37314535e-02 
 7.50196346e+00  4.37486157e-02 
 7.50956076e+00  4.37657778e-02 
 7.51715807e+00  4.37829399e-02 
 7.52475537e+00  4.38001021e-02 
 7.53235267e+00  4.38172642e-02 
 7.53994997e+00  4.38344263e-02 
 7.54754727e+00  4.38515885e-02 
 7.55514457e+00  4.38687506e-02 
 7.56274188e+00  4.38859127e-02 
 7.57033918e+00  4.39030749e-02 
 7.57793648e+00  4.39202370e-02 
 7.58553378e+00  4.39373991e-02 
 7.59313108e+00  4.39545613e-02 
 7.60072838e+00  4.39717234e-02 
 7.60832569e+00  4.39888855e-02 
 7.61592299e+00  4.40060476e-02 
 7.62352029e+00  4.40232098e-02 
 7.63111759e+00  4.40403719e-02 
 7.63871489e+00  4.40575340e-02 
 7.64631219e+00  4.40746962e-02 
 7.65390950e+00  4.40918583e-02 
 7.66150680e+00  4.41090204e-02 
 7.66910410e+00  4.41261826e-02 
 7.67670140e+00  4.41433447e-02 
 7.68429870e+00  4.41605068e-02 
 7.69189600e+00  4.41776690e-02 
 7.69949331e+00  4.41948311e-02 
 7.70709061e+00  4.42119932e-02 
 7.71468791e+00  4.42291553e-02 
 7.72228521e+00  4.42463175e-02 
 7.72988251e+00  4.42634796e-02 
 7.73747981e+00  4.42806417e-02 
 7.74507712e+00  4.42978039e-02 
 7.75267442e+00  4.43149660e-02 
 7.76027172e+00  4.43321281e-02 
 7.76786902e+00  4.43492903e-02 
 7.77546632e+00  4.43664524e-02 
 7.78306362e+00  4.43836145e-02 
 7.79066093e+00  4.44007767e-02 
 7.79825823e+00  4.44179388e-02 
 7.80585553e+00  4.44351009e-02 
 7.81345283e+00  4.44522630e-02 
 7.82105013e+00  4.44694252e-02 
 7.82864743e+00  4.44865873e-02 
 7.83624474e+00  4.45037494e-02 
 7.84384204e+00  4.45209116e-02 
 7.85143934e+00  4.45380737e-02 
 7.85903664e+00  4.45552358e-02 
 7.86663394e+00  4.45723980e-02 
 7.87423124e+00  4.45895601e-02 
 7.88182855e+00  4.46067222e-02 
 7.88942585e+00  4.46238844e-02 
 7.89702315e+00  4.46410465e-02 
 7.90462045e+00  4.46582086e-02 
 7.91221775e+00  4.46753707e-02 
 7.91981505e+00  4.46925329e-02 
 7.92741236e+00  4.47096950e-02 
 7.93500966e+00  4.47268571e-02 
 7.94260696e+00  4.47440193e-02 
 7.95020426e+00  4.47611814e-02 
 7.95780156e+00  4.47783435e-02 
 7.96539886e+00  4.47955057e-02 
 7.97299617e+00  4.48126678e-02 
 7.98059347e+00  4.48298299e-02 
 7.98819077e+00  4.48469921e-02 
 7.99578807e+00  4.48641542e-02 
 8.00338537e+00  4.48813163e-02 
 8.01098267e+00  4.48984784e-02 
 8.01857998e+00  4.49156406e-02 
 8.02617728e+00  4.49328027e-02 
 8.03377458e+00  4.49499648e-02 
 8.04137188e+00  4.49671270e-02 
 8.04896918e+00  4.49842891e-02 
 8.05656648e+00  4.50014512e-02 
 8.06416379e+00  4.50186134e-02 
 8.07176109e+00  4.50357755e-02 
 8.07935839e+00  4.50529376e-02 
 8.08695569e+00  4.50700998e-02 
 8.09455299e+00  4.50872619e-02 
 8.10215029e+00  4.51044240e-02 
 8.10974760e+00  4.51215862e-02 
 8.11734490e+00  4.51387483e-02 
 8.12494220e+00  4.51559104e-02 
 8.13253950e+00  4.51730725e-02 
 8.14013680e+00  4.51902347e-02 
 8.14773410e+00  4.52073968e-02 
 8.15533141e+00  4.52245589e-02 
 8.16292871e+00  4.52417211e-02 
 8.17052601e+00  4.52588832e-02 
 8.17812331e+00  4.52760453e-02 
 8.18572061e+00  4.52932075e-02 
 8.19331791e+00  4.53103696e-02 
 8.20091522e+00  4.53275317e-02 
 8.20851252e+00  4.53446939e-02 
 8.21610982e+00  4.53618560e-02 
 8.22370712e+00  4.53790181e-02 
 8.23130442e+00  4.53961802e-02 
 8.23890172e+00  4.54133424e-02 
 8.24649903e+00  4.54305045e-02 
 8.25409633e+00  4.54476666e-02 
 8.26169363e+00  4.54648288e-02 
 8.26929093e+00  4.54819909e-02 
 8.27688823e+00  4.54991530e-02 
 8.28448553e+00  4.55163152e-02 
 8.29208284e+00  4.55334773e-02 
 8.29968014e+00  4.55506394e-02 
 8.30727744e+00  4.55678016e-02 
 8.31487474e+00  4.55849637e-02 
 8.32247204e+00  4.56021258e-02 
 8.33006934e+00  4.56192879e-02 
 8.33766665e+00  4.56364501e-02 
 8.34526395e+00  4.56536122e-02 
 8.35286125e+00  4.56707743e-02 
 8.36045855e+00  4.56879365e-02 
 8.36805585e+00  4.57050986e-02 
 8.37565316e+00  4.57222607e-02 
 8.38325046e+00  4.57394229e-02 
 8.39084776e+00  4.57565850e-02 
 8.39844506e+00  4.57737471e-02 
 8.40604236e+00  4.57909093e-02 
 8.41363966e+00  4.58080714e-02 
 8.42123697e+00  4.58252335e-02 
 8.42883427e+00  4.58423956e-02 
 8.43643157e+00  4.58595578e-02 
 8.44402887e+00  4.58767199e-02 
 8.45162617e+00  4.58938820e-02 
 8.45922347e+00  4.59110442e-02 
 8.46682078e+00  4.59282063e-02 
 8.47441808e+00  4.59453684e-02 
 8.48201538e+00  4.59625306e-02 
 8.48961268e+00  4.59796927e-02 
 8.49720998e+00  4.59968548e-02 
 8.50480728e+00  4.60140170e-02 
 8.51240459e+00  4.60311791e-02 
 8.52000189e+00  4.60483412e-02 
 8.52759919e+00  4.60655033e-02 
 8.53519649e+00  4.60826655e-02 
