-3.03749822e+00 -1.63407128e-02 
-3.03737131e+00 -1.62701689e-02 
-3.03724722e+00 -1.61996483e-02 
-3.03712308e+00 -1.61291280e-02 
-3.03699887e+00 -1.60586083e-02 
-3.03687456e+00 -1.59880892e-02 
-3.03675017e+00 -1.59175707e-02 
-3.03662569e+00 -1.58470528e-02 
-3.03650113e+00 -1.57765355e-02 
-3.03637647e+00 -1.57060188e-02 
-3.03625173e+00 -1.56355028e-02 
-3.03612691e+00 -1.55649873e-02 
-3.03600199e+00 -1.54944725e-02 
-3.03587699e+00 -1.54239583e-02 
-3.03575189e+00 -1.53534447e-02 
-3.03562671e+00 -1.52829318e-02 
-3.03550144e+00 -1.52124195e-02 
-3.03537607e+00 -1.51419078e-02 
-3.03525062e+00 -1.50713967e-02 
-3.03512508e+00 -1.50008863e-02 
-3.03499944e+00 -1.49303766e-02 
-3.03487372e+00 -1.48598674e-02 
-3.03474790e+00 -1.47893590e-02 
-3.03462199e+00 -1.47188511e-02 
-3.03449599e+00 -1.46483439e-02 
-3.03436990e+00 -1.45778374e-02 
-3.03424371e+00 -1.45073315e-02 
-3.03411743e+00 -1.44368263e-02 
-3.03399106e+00 -1.43663217e-02 
-3.03386459e+00 -1.42958178e-02 
-3.03373803e+00 -1.42253146e-02 
-3.03361137e+00 -1.41548120e-02 
-3.03348462e+00 -1.40843101e-02 
-3.03335777e+00 -1.40138089e-02 
-3.03323083e+00 -1.39433083e-02 
-3.03310379e+00 -1.38728084e-02 
-3.03297665e+00 -1.38023092e-02 
-3.03284942e+00 -1.37318107e-02 
-3.03272209e+00 -1.36613129e-02 
-3.03259466e+00 -1.35908157e-02 
-3.03246713e+00 -1.35203193e-02 
-3.03233951e+00 -1.34498235e-02 
-3.03221178e+00 -1.33793285e-02 
-3.03208396e+00 -1.33088341e-02 
-3.03195604e+00 -1.32383404e-02 
-3.03182802e+00 -1.31678475e-02 
-3.03169989e+00 -1.30973552e-02 
-3.03157167e+00 -1.30268637e-02 
-3.03144335e+00 -1.29563729e-02 
-3.03131492e+00 -1.28858827e-02 
-3.03118639e+00 -1.28153933e-02 
-3.03105776e+00 -1.27449047e-02 
-3.03092903e+00 -1.26744167e-02 
-3.03080019e+00 -1.26039295e-02 
-3.03067125e+00 -1.25334430e-02 
-3.03054221e+00 -1.24629572e-02 
-3.03041306e+00 -1.23924722e-02 
-3.03028381e+00 -1.23219879e-02 
-3.03015445e+00 -1.22515044e-02 
-3.03002498e+00 -1.21810216e-02 
-3.02989541e+00 -1.21105395e-02 
-3.02976574e+00 -1.20400583e-02 
-3.02963595e+00 -1.19695777e-02 
-3.02950606e+00 -1.18990979e-02 
-3.02937606e+00 -1.18286189e-02 
-3.02924595e+00 -1.17581406e-02 
-3.02911574e+00 -1.16876631e-02 
-3.02898541e+00 -1.16171864e-02 
-3.02885498e+00 -1.15467105e-02 
-3.02872443e+00 -1.14762353e-02 
-3.02859378e+00 -1.14057609e-02 
-3.02846301e+00 -1.13352873e-02 
-3.02833214e+00 -1.12648144e-02 
-3.02820115e+00 -1.11943424e-02 
-3.02807004e+00 -1.11238712e-02 
-3.02793883e+00 -1.10534007e-02 
-3.02780750e+00 -1.09829311e-02 
-3.02767606e+00 -1.09124622e-02 
-3.02754451e+00 -1.08419942e-02 
-3.02741283e+00 -1.07715269e-02 
-3.02728105e+00 -1.07010605e-02 
-3.02714915e+00 -1.06305949e-02 
-3.02701713e+00 -1.05601301e-02 
-3.02688500e+00 -1.04896662e-02 
-3.02675275e+00 -1.04192030e-02 
-3.02662038e+00 -1.03487407e-02 
-3.02648789e+00 -1.02782793e-02 
-3.02635529e+00 -1.02078186e-02 
-3.02622256e+00 -1.01373588e-02 
-3.02608972e+00 -1.00668999e-02 
-3.02595675e+00 -9.99644180e-03 
-3.02582367e+00 -9.92598456e-03 
-3.02569046e+00 -9.85552817e-03 
-3.02555714e+00 -9.78507264e-03 
-3.02542369e+00 -9.71461797e-03 
-3.02529011e+00 -9.64416418e-03 
-3.02515642e+00 -9.57371125e-03 
-3.02502260e+00 -9.50325920e-03 
-3.02488866e+00 -9.43280802e-03 
-3.02475459e+00 -9.36235773e-03 
-3.02462039e+00 -9.29190833e-03 
-3.02448607e+00 -9.22145981e-03 
-3.02435163e+00 -9.15101219e-03 
-3.02421705e+00 -9.08056547e-03 
-3.02408235e+00 -9.01011965e-03 
-3.02394752e+00 -8.93967473e-03 
-3.02381257e+00 -8.86923073e-03 
-3.02367748e+00 -8.79878764e-03 
-3.02354226e+00 -8.72834547e-03 
-3.02340691e+00 -8.65790423e-03 
-3.02327143e+00 -8.58746391e-03 
-3.02313582e+00 -8.51702452e-03 
-3.02300008e+00 -8.44658606e-03 
-3.02286421e+00 -8.37614855e-03 
-3.02272820e+00 -8.30571198e-03 
-3.02259205e+00 -8.23527636e-03 
-3.02245578e+00 -8.16484169e-03 
-3.02231936e+00 -8.09440797e-03 
-3.02218281e+00 -8.02397522e-03 
-3.02204613e+00 -7.95354344e-03 
-3.02190931e+00 -7.88311262e-03 
-3.02177235e+00 -7.81268278e-03 
-3.02163525e+00 -7.74225392e-03 
-3.02149801e+00 -7.67182604e-03 
-3.02136063e+00 -7.60139915e-03 
-3.02122311e+00 -7.53097325e-03 
-3.02108546e+00 -7.46054835e-03 
-3.02094766e+00 -7.39012446e-03 
-3.02080971e+00 -7.31970157e-03 
-3.02067163e+00 -7.24927969e-03 
-3.02053340e+00 -7.17885883e-03 
-3.02039503e+00 -7.10843899e-03 
-3.02025651e+00 -7.03802018e-03 
-3.02011784e+00 -6.96760239e-03 
-3.01997903e+00 -6.89718565e-03 
-3.01984008e+00 -6.82676994e-03 
-3.01970097e+00 -6.75635528e-03 
-3.01956172e+00 -6.68594167e-03 
-3.01942232e+00 -6.61552912e-03 
-3.01928276e+00 -6.54511763e-03 
-3.01914306e+00 -6.47470720e-03 
-3.01900321e+00 -6.40429785e-03 
-3.01886320e+00 -6.33388957e-03 
-3.01872304e+00 -6.26348238e-03 
-3.01858273e+00 -6.19307627e-03 
-3.01844227e+00 -6.12267125e-03 
-3.01830164e+00 -6.05226733e-03 
-3.01816087e+00 -5.98186452e-03 
-3.01801993e+00 -5.91146281e-03 
-3.01787884e+00 -5.84106222e-03 
-3.01773760e+00 -5.77066275e-03 
-3.01759619e+00 -5.70026440e-03 
-3.01745462e+00 -5.62986718e-03 
-3.01731289e+00 -5.55947110e-03 
-3.01717101e+00 -5.48907617e-03 
-3.01702895e+00 -5.41868238e-03 
-3.01688674e+00 -5.34828974e-03 
-3.01674436e+00 -5.27789826e-03 
-3.01660182e+00 -5.20750795e-03 
-3.01645912e+00 -5.13711881e-03 
-3.01631625e+00 -5.06673085e-03 
-3.01617321e+00 -4.99634407e-03 
-3.01603000e+00 -4.92595848e-03 
-3.01588662e+00 -4.85557408e-03 
-3.01574308e+00 -4.78519088e-03 
-3.01559936e+00 -4.71480890e-03 
-3.01545548e+00 -4.64442812e-03 
-3.01531142e+00 -4.57404857e-03 
-3.01516719e+00 -4.50367024e-03 
-3.01502278e+00 -4.43329315e-03 
-3.01487820e+00 -4.36291729e-03 
-3.01473345e+00 -4.29254268e-03 
-3.01458852e+00 -4.22216933e-03 
-3.01444341e+00 -4.15179723e-03 
-3.01429812e+00 -4.08142639e-03 
-3.01415265e+00 -4.01105683e-03 
-3.01400701e+00 -3.94068855e-03 
-3.01386118e+00 -3.87032155e-03 
-3.01371517e+00 -3.79995584e-03 
-3.01356897e+00 -3.72959143e-03 
-3.01342260e+00 -3.65922833e-03 
-3.01327603e+00 -3.58886654e-03 
-3.01312929e+00 -3.51850608e-03 
-3.01298235e+00 -3.44814693e-03 
-3.01283523e+00 -3.37778913e-03 
-3.01268791e+00 -3.30743266e-03 
-3.01254041e+00 -3.23707754e-03 
-3.01239272e+00 -3.16672378e-03 
-3.01224483e+00 -3.09637139e-03 
-3.01209675e+00 -3.02602036e-03 
-3.01194848e+00 -2.95567071e-03 
-3.01180001e+00 -2.88532245e-03 
-3.01165135e+00 -2.81497558e-03 
-3.01150249e+00 -2.74463011e-03 
-3.01135343e+00 -2.67428605e-03 
-3.01120417e+00 -2.60394341e-03 
-3.01105471e+00 -2.53360220e-03 
-3.01090505e+00 -2.46326241e-03 
-3.01075518e+00 -2.39292407e-03 
-3.01060511e+00 -2.32258717e-03 
-3.01045484e+00 -2.25225174e-03 
-3.01030436e+00 -2.18191776e-03 
-3.01015367e+00 -2.11158527e-03 
-3.01000277e+00 -2.04125425e-03 
-3.00985167e+00 -1.97092472e-03 
-3.00970035e+00 -1.90059669e-03 
-3.00954882e+00 -1.83027017e-03 
-3.00939708e+00 -1.75994517e-03 
-3.00924512e+00 -1.68962169e-03 
-3.00909294e+00 -1.61929974e-03 
-3.00894055e+00 -1.54897933e-03 
-3.00878795e+00 -1.47866048e-03 
-3.00863512e+00 -1.40834319e-03 
-3.00848207e+00 -1.33802746e-03 
-3.00832880e+00 -1.26771332e-03 
-3.00817530e+00 -1.19740076e-03 
-3.00802158e+00 -1.12708980e-03 
-3.00786764e+00 -1.05678045e-03 
-3.00771346e+00 -9.86472709e-04 
-3.00755906e+00 -9.16166597e-04 
-3.00740443e+00 -8.45862120e-04 
-3.00724956e+00 -7.75559288e-04 
-3.00709447e+00 -7.05258112e-04 
-3.00693914e+00 -6.34958600e-04 
-3.00678357e+00 -5.64660764e-04 
-3.00662777e+00 -4.94364612e-04 
-3.00647173e+00 -4.24070155e-04 
-3.00631545e+00 -3.53777404e-04 
-3.00615892e+00 -2.83486369e-04 
-3.00600216e+00 -2.13197061e-04 
-3.00584515e+00 -1.42909489e-04 
-3.00568789e+00 -7.26236651e-05 
-3.00553039e+00 -2.33959958e-06 
-3.00537263e+00  6.79426967e-05 
-3.00521463e+00  1.38223213e-04 
-3.00505638e+00  2.08501937e-04 
-3.00489787e+00  2.78778859e-04 
-3.00473911e+00  3.49053968e-04 
-3.00458009e+00  4.19327251e-04 
-3.00442081e+00  4.89598697e-04 
-3.00426127e+00  5.59868295e-04 
-3.00410147e+00  6.30136033e-04 
-3.00394141e+00  7.00401899e-04 
-3.00378108e+00  7.70665882e-04 
-3.00362049e+00  8.40927968e-04 
-3.00345963e+00  9.11188147e-04 
-3.00329850e+00  9.81446405e-04 
-3.00313709e+00  1.05170273e-03 
-3.00297542e+00  1.12195711e-03 
-3.00281346e+00  1.19220953e-03 
-3.00265123e+00  1.26245999e-03 
-3.00248873e+00  1.33270846e-03 
-3.00232594e+00  1.40295493e-03 
-3.00216287e+00  1.47319939e-03 
-3.00199951e+00  1.54344183e-03 
-3.00183587e+00  1.61368223e-03 
-3.00167194e+00  1.68392059e-03 
-3.00150772e+00  1.75415688e-03 
-3.00134321e+00  1.82439109e-03 
-3.00117840e+00  1.89462321e-03 
-3.00101330e+00  1.96485323e-03 
-3.00084790e+00  2.03508113e-03 
-3.00068221e+00  2.10530689e-03 
-3.00051620e+00  2.17553051e-03 
-3.00034990e+00  2.24575196e-03 
-3.00018329e+00  2.31597123e-03 
-3.00001637e+00  2.38618831e-03 
-2.99984914e+00  2.45640319e-03 
-2.99968160e+00  2.52661584e-03 
-2.99951375e+00  2.59682625e-03 
-2.99934557e+00  2.66703441e-03 
-2.99917708e+00  2.73724030e-03 
-2.99900827e+00  2.80744390e-03 
-2.99883914e+00  2.87764520e-03 
-2.99866968e+00  2.94784418e-03 
-2.99849989e+00  3.01804083e-03 
-2.99832977e+00  3.08823512e-03 
-2.99815932e+00  3.15842705e-03 
-2.99798853e+00  3.22861660e-03 
-2.99781741e+00  3.29880374e-03 
-2.99764594e+00  3.36898846e-03 
-2.99747414e+00  3.43917075e-03 
-2.99730199e+00  3.50935058e-03 
-2.99712949e+00  3.57952794e-03 
-2.99695664e+00  3.64970281e-03 
-2.99678344e+00  3.71987517e-03 
-2.99660989e+00  3.79004501e-03 
-2.99643598e+00  3.86021229e-03 
-2.99626171e+00  3.93037702e-03 
-2.99608707e+00  4.00053916e-03 
-2.99591207e+00  4.07069869e-03 
-2.99573670e+00  4.14085561e-03 
-2.99556096e+00  4.21100988e-03 
-2.99538485e+00  4.28116149e-03 
-2.99520836e+00  4.35131042e-03 
-2.99503149e+00  4.42145665e-03 
-2.99485424e+00  4.49160015e-03 
-2.99467661e+00  4.56174090e-03 
-2.99449858e+00  4.63187890e-03 
-2.99432017e+00  4.70201410e-03 
-2.99414136e+00  4.77214650e-03 
-2.99396215e+00  4.84227607e-03 
-2.99378254e+00  4.91240278e-03 
-2.99360253e+00  4.98252662e-03 
-2.99342212e+00  5.05264757e-03 
-2.99324129e+00  5.12276559e-03 
-2.99306005e+00  5.19288067e-03 
-2.99287839e+00  5.26299279e-03 
-2.99269632e+00  5.33310191e-03 
-2.99251382e+00  5.40320802e-03 
-2.99233089e+00  5.47331109e-03 
-2.99214754e+00  5.54341110e-03 
-2.99196375e+00  5.61350802e-03 
-2.99177952e+00  5.68360182e-03 
-2.99159486e+00  5.75369249e-03 
-2.99140975e+00  5.82377999e-03 
-2.99122419e+00  5.89386431e-03 
-2.99103818e+00  5.96394540e-03 
-2.99085172e+00  6.03402325e-03 
-2.99066480e+00  6.10409784e-03 
-2.99047741e+00  6.17416912e-03 
-2.99028956e+00  6.24423707e-03 
-2.99010124e+00  6.31430168e-03 
-2.98991244e+00  6.38436290e-03 
-2.98972316e+00  6.45442071e-03 
-2.98953341e+00  6.52447507e-03 
-2.98934316e+00  6.59452597e-03 
-2.98915243e+00  6.66457337e-03 
-2.98896119e+00  6.73461724e-03 
-2.98876946e+00  6.80465754e-03 
-2.98857723e+00  6.87469426e-03 
-2.98838449e+00  6.94472735e-03 
-2.98819123e+00  7.01475678e-03 
-2.98799746e+00  7.08478252e-03 
-2.98780316e+00  7.15480455e-03 
-2.98760834e+00  7.22482282e-03 
-2.98741299e+00  7.29483730e-03 
-2.98721710e+00  7.36484796e-03 
-2.98702067e+00  7.43485477e-03 
-2.98682370e+00  7.50485768e-03 
-2.98662617e+00  7.57485666e-03 
-2.98642809e+00  7.64485168e-03 
-2.98622945e+00  7.71484270e-03 
-2.98603024e+00  7.78482969e-03 
-2.98583046e+00  7.85481260e-03 
-2.98563010e+00  7.92479140e-03 
-2.98542916e+00  7.99476604e-03 
-2.98522764e+00  8.06473650e-03 
-2.98502552e+00  8.13470273e-03 
-2.98482280e+00  8.20466468e-03 
-2.98461948e+00  8.27462233e-03 
-2.98441555e+00  8.34457562e-03 
-2.98421100e+00  8.41452452e-03 
-2.98400583e+00  8.48446898e-03 
-2.98380003e+00  8.55440897e-03 
-2.98359359e+00  8.62434442e-03 
-2.98338652e+00  8.69427531e-03 
-2.98317880e+00  8.76420159e-03 
-2.98297043e+00  8.83412321e-03 
-2.98276139e+00  8.90404012e-03 
-2.98255170e+00  8.97395228e-03 
-2.98234132e+00  9.04385964e-03 
-2.98213027e+00  9.11376214e-03 
-2.98191853e+00  9.18365975e-03 
-2.98170610e+00  9.25355241e-03 
-2.98149297e+00  9.32344007e-03 
-2.98127913e+00  9.39332268e-03 
-2.98106457e+00  9.46320019e-03 
-2.98084929e+00  9.53307253e-03 
-2.98063328e+00  9.60293967e-03 
-2.98041653e+00  9.67280154e-03 
-2.98019904e+00  9.74265809e-03 
-2.97998079e+00  9.81250926e-03 
-2.97976178e+00  9.88235499e-03 
-2.97954200e+00  9.95219523e-03 
-2.97932144e+00  1.00220299e-02 
-2.97910010e+00  1.00918590e-02 
-2.97887796e+00  1.01616824e-02 
-2.97865501e+00  1.02315000e-02 
-2.97843125e+00  1.03013119e-02 
-2.97820667e+00  1.03711179e-02 
-2.97798126e+00  1.04409179e-02 
-2.97775501e+00  1.05107120e-02 
-2.97752791e+00  1.05805000e-02 
-2.97729995e+00  1.06502818e-02 
-2.97707112e+00  1.07200575e-02 
-2.97684141e+00  1.07898269e-02 
-2.97661081e+00  1.08595899e-02 
-2.97637931e+00  1.09293465e-02 
-2.97614690e+00  1.09990966e-02 
-2.97591356e+00  1.10688401e-02 
-2.97567930e+00  1.11385770e-02 
-2.97544409e+00  1.12083072e-02 
-2.97520793e+00  1.12780305e-02 
-2.97497081e+00  1.13477469e-02 
-2.97473270e+00  1.14174564e-02 
-2.97449361e+00  1.14871588e-02 
-2.97425351e+00  1.15568541e-02 
-2.97401240e+00  1.16265421e-02 
-2.97377027e+00  1.16962228e-02 
-2.97352709e+00  1.17658961e-02 
-2.97328287e+00  1.18355618e-02 
-2.97303758e+00  1.19052200e-02 
-2.97279120e+00  1.19748705e-02 
-2.97254374e+00  1.20445131e-02 
-2.97229517e+00  1.21141479e-02 
-2.97204548e+00  1.21837747e-02 
-2.97179465e+00  1.22533933e-02 
-2.97154268e+00  1.23230038e-02 
-2.97128953e+00  1.23926059e-02 
-2.97103521e+00  1.24621996e-02 
-2.97077969e+00  1.25317847e-02 
-2.97052296e+00  1.26013612e-02 
-2.97026500e+00  1.26709289e-02 
-2.97000579e+00  1.27404878e-02 
-2.96974532e+00  1.28100376e-02 
-2.96948356e+00  1.28795782e-02 
-2.96922052e+00  1.29491096e-02 
-2.96895615e+00  1.30186316e-02 
-2.96869045e+00  1.30881441e-02 
-2.96842339e+00  1.31576469e-02 
-2.96815497e+00  1.32271399e-02 
-2.96788515e+00  1.32966230e-02 
-2.96761391e+00  1.33660960e-02 
-2.96734125e+00  1.34355587e-02 
-2.96706712e+00  1.35050110e-02 
-2.96679153e+00  1.35744529e-02 
-2.96651443e+00  1.36438840e-02 
-2.96623581e+00  1.37133042e-02 
-2.96595565e+00  1.37827135e-02 
-2.96567393e+00  1.38521115e-02 
-2.96539061e+00  1.39214982e-02 
-2.96510568e+00  1.39908734e-02 
-2.96481910e+00  1.40602368e-02 
-2.96453086e+00  1.41295884e-02 
-2.96424093e+00  1.41989278e-02 
-2.96394928e+00  1.42682550e-02 
-2.96365588e+00  1.43375697e-02 
-2.96336070e+00  1.44068717e-02 
-2.96306372e+00  1.44761609e-02 
-2.96276491e+00  1.45454369e-02 
-2.96246423e+00  1.46146997e-02 
-2.96216166e+00  1.46839489e-02 
-2.96185716e+00  1.47531843e-02 
-2.96155069e+00  1.48224057e-02 
-2.96124224e+00  1.48916129e-02 
-2.96093176e+00  1.49608056e-02 
-2.96061921e+00  1.50299836e-02 
-2.96030456e+00  1.50991466e-02 
-2.95998778e+00  1.51682943e-02 
-2.95966882e+00  1.52374265e-02 
-2.95934765e+00  1.53065429e-02 
-2.95902422e+00  1.53756432e-02 
-2.95869850e+00  1.54447271e-02 
-2.95837044e+00  1.55137943e-02 
-2.95804000e+00  1.55828445e-02 
-2.95770714e+00  1.56518774e-02 
-2.95737180e+00  1.57208926e-02 
-2.95703394e+00  1.57898899e-02 
-2.95669351e+00  1.58588687e-02 
-2.95635047e+00  1.59278289e-02 
-2.95600475e+00  1.59967700e-02 
-2.95565631e+00  1.60656917e-02 
-2.95530509e+00  1.61345935e-02 
-2.95495104e+00  1.62034751e-02 
-2.95459410e+00  1.62723360e-02 
-2.95423420e+00  1.63411759e-02 
-2.95387129e+00  1.64099942e-02 
-2.95350530e+00  1.64787905e-02 
-2.95313617e+00  1.65475644e-02 
-2.95276383e+00  1.66163154e-02 
-2.95238821e+00  1.66850430e-02 
-2.95200924e+00  1.67537466e-02 
-2.95162684e+00  1.68224257e-02 
-2.95124093e+00  1.68910798e-02 
-2.95085144e+00  1.69597083e-02 
-2.95045829e+00  1.70283106e-02 
-2.95006138e+00  1.70968861e-02 
-2.94966064e+00  1.71654342e-02 
-2.94925597e+00  1.72339543e-02 
-2.94884727e+00  1.73024456e-02 
-2.94843445e+00  1.73709075e-02 
-2.94801740e+00  1.74393392e-02 
-2.94759603e+00  1.75077400e-02 
-2.94717022e+00  1.75761091e-02 
-2.94673986e+00  1.76444457e-02 
-2.94630484e+00  1.77127489e-02 
-2.94586502e+00  1.77810180e-02 
-2.94542029e+00  1.78492520e-02 
-2.94497052e+00  1.79174499e-02 
-2.94451556e+00  1.79856108e-02 
-2.94405527e+00  1.80537337e-02 
-2.94358951e+00  1.81218175e-02 
-2.94311813e+00  1.81898611e-02 
-2.94264096e+00  1.82578633e-02 
-2.94215783e+00  1.83258231e-02 
-2.94166857e+00  1.83937390e-02 
-2.94117300e+00  1.84616099e-02 
-2.94067093e+00  1.85294343e-02 
-2.94016216e+00  1.85972109e-02 
-2.93964648e+00  1.86649381e-02 
-2.93912368e+00  1.87326145e-02 
-2.93859352e+00  1.88002383e-02 
-2.93805577e+00  1.88678079e-02 
-2.93751018e+00  1.89353215e-02 
-2.93695648e+00  1.90027773e-02 
-2.93639441e+00  1.90701731e-02 
-2.93582367e+00  1.91375071e-02 
-2.93524396e+00  1.92047770e-02 
-2.93465496e+00  1.92719806e-02 
-2.93405633e+00  1.93391154e-02 
-2.93344772e+00  1.94061790e-02 
-2.93282876e+00  1.94731685e-02 
-2.93219905e+00  1.95400813e-02 
-2.93155817e+00  1.96069144e-02 
-2.93090569e+00  1.96736646e-02 
-2.93024113e+00  1.97403285e-02 
-2.92956401e+00  1.98069027e-02 
-2.92887380e+00  1.98733834e-02 
-2.92816994e+00  1.99397667e-02 
-2.92745185e+00  2.00060483e-02 
-2.92671889e+00  2.00722236e-02 
-2.92597039e+00  2.01382881e-02 
-2.92520565e+00  2.02042365e-02 
-2.92442389e+00  2.02700634e-02 
-2.92362430e+00  2.03357629e-02 
-2.92280602e+00  2.04013290e-02 
-2.92196810e+00  2.04667548e-02 
-2.92110955e+00  2.05320332e-02 
-2.92022928e+00  2.05971565e-02 
-2.91932613e+00  2.06621164e-02 
-2.91839885e+00  2.07269040e-02 
-2.91744609e+00  2.07915097e-02 
-2.91646639e+00  2.08559229e-02 
-2.91545816e+00  2.09201324e-02 
-2.91441969e+00  2.09841259e-02 
-2.91334911e+00  2.10478901e-02 
-2.91224438e+00  2.11114104e-02 
-2.91110329e+00  2.11746710e-02 
-2.90992340e+00  2.12376546e-02 
-2.90870206e+00  2.13003421e-02 
-2.90743635e+00  2.13627128e-02 
-2.90612307e+00  2.14247437e-02 
-2.90475867e+00  2.14864096e-02 
-2.90333925e+00  2.15476826e-02 
-2.90186050e+00  2.16085319e-02 
-2.90031762e+00  2.16689232e-02 
-2.89870529e+00  2.17288186e-02 
-2.89701761e+00  2.17881758e-02 
-2.89524798e+00  2.18469478e-02 
-2.89338904e+00  2.19050821e-02 
-2.89143259e+00  2.19625201e-02 
-2.88936947e+00  2.20191964e-02 
-2.88718944e+00  2.20750378e-02 
-2.88488110e+00  2.21299630e-02 
-2.88243179e+00  2.21838815e-02 
-2.87982746e+00  2.22366931e-02 
-2.87705272e+00  2.22882878e-02 
-2.87409076e+00  2.23385457e-02 
-2.87092357e+00  2.23873382e-02 
-2.86753220e+00  2.24345298e-02 
-2.86389723e+00  2.24799821e-02 
-2.85999959e+00  2.25235588e-02 
-2.85582160e+00  2.25651338e-02 
-2.85134837e+00  2.26046007e-02 
-2.84656936e+00  2.26418843e-02 
-2.84147996e+00  2.26769517e-02 
-2.83608276e+00  2.27098215e-02 
-2.83038820e+00  2.27405682e-02 
-2.82441429e+00  2.27693204e-02 
-2.81818536e+00  2.27962519e-02 
-2.81173016e+00  2.28215679e-02 
-2.80507950e+00  2.28454885e-02 
-2.79826411e+00  2.28682329e-02 
-2.79131285e+00  2.28900074e-02 
-2.78425158e+00  2.29109966e-02 
-2.77710262e+00  2.29313597e-02 
-2.76988460e+00  2.29512299e-02 
-2.76261278e+00  2.29707159e-02 
-2.75529936e+00  2.29899050e-02 
-2.74795396e+00  2.30088659e-02 
-2.74058411e+00  2.30276522e-02 
-2.73319562e+00  2.30463055e-02 
-2.72579296e+00  2.30648577e-02 
-2.71837957e+00  2.30833332e-02 
-2.71095803e+00  2.31017506e-02 
-2.70353034e+00  2.31201241e-02 
-2.69609799e+00  2.31384644e-02 
-2.68866213e+00  2.31567795e-02 
-2.68122361e+00  2.31750757e-02 
-2.67378308e+00  2.31933576e-02 
-2.66634103e+00  2.32116287e-02 
-2.65889784e+00  2.32298916e-02 
-2.65145379e+00  2.32481483e-02 
-2.64400908e+00  2.32664003e-02 
-2.63656388e+00  2.32846489e-02 
-2.62911830e+00  2.33028947e-02 
-2.62167244e+00  2.33211386e-02 
-2.61422637e+00  2.33393809e-02 
-2.60678013e+00  2.33576221e-02 
-2.59933377e+00  2.33758624e-02 
-2.59188732e+00  2.33941020e-02 
-2.58444080e+00  2.34123411e-02 
-2.57699422e+00  2.34305799e-02 
-2.56954761e+00  2.34488183e-02 
-2.56210096e+00  2.34670566e-02 
-2.55465429e+00  2.34852946e-02 
-2.54720761e+00  2.35035326e-02 
-2.53976090e+00  2.35217704e-02 
-2.53231419e+00  2.35400082e-02 
-2.52486747e+00  2.35582459e-02 
-2.51742075e+00  2.35764836e-02 
-2.50997402e+00  2.35947213e-02 
-2.50252729e+00  2.36129589e-02 
-2.49508055e+00  2.36311965e-02 
-2.48763381e+00  2.36494341e-02 
-2.48018707e+00  2.36676716e-02 
-2.47274033e+00  2.36859092e-02 
-2.46529359e+00  2.37041468e-02 
-2.45784685e+00  2.37223843e-02 
-2.45040011e+00  2.37406219e-02 
-2.44295336e+00  2.37588594e-02 
-2.43550662e+00  2.37770970e-02 
-2.42805988e+00  2.37953345e-02 
-2.42061313e+00  2.38135721e-02 
-2.41316639e+00  2.38318096e-02 
-2.40571965e+00  2.38500472e-02 
-2.39827290e+00  2.38682847e-02 
-2.39082616e+00  2.38865222e-02 
-2.38337941e+00  2.39047598e-02 
-2.37593267e+00  2.39229973e-02 
-2.36848592e+00  2.39412349e-02 
-2.36103918e+00  2.39594724e-02 
-2.35359244e+00  2.39777099e-02 
-2.34614569e+00  2.39959475e-02 
-2.33869895e+00  2.40141850e-02 
-2.33125220e+00  2.40324226e-02 
-2.32380546e+00  2.40506601e-02 
-2.31635871e+00  2.40688976e-02 
-2.30891197e+00  2.40871352e-02 
-2.30146522e+00  2.41053727e-02 
-2.29401848e+00  2.41236103e-02 
-2.28657174e+00  2.41418478e-02 
-2.27912499e+00  2.41600853e-02 
-2.27167825e+00  2.41783229e-02 
-2.26423150e+00  2.41965604e-02 
-2.25678476e+00  2.42147980e-02 
-2.24933801e+00  2.42330355e-02 
-2.24189127e+00  2.42512730e-02 
-2.23444452e+00  2.42695106e-02 
-2.22699778e+00  2.42877481e-02 
-2.21955104e+00  2.43059857e-02 
-2.21210429e+00  2.43242232e-02 
-2.20465755e+00  2.43424607e-02 
-2.19721080e+00  2.43606983e-02 
-2.18976406e+00  2.43789358e-02 
-2.18231731e+00  2.43971734e-02 
-2.17487057e+00  2.44154109e-02 
-2.16742382e+00  2.44336484e-02 
-2.15997708e+00  2.44518860e-02 
-2.15253034e+00  2.44701235e-02 
-2.14508359e+00  2.44883610e-02 
-2.13763685e+00  2.45065986e-02 
-2.13019010e+00  2.45248361e-02 
-2.12274336e+00  2.45430737e-02 
-2.11529661e+00  2.45613112e-02 
-2.10784987e+00  2.45795487e-02 
-2.10040312e+00  2.45977863e-02 
-2.09295638e+00  2.46160238e-02 
-2.08550963e+00  2.46342614e-02 
-2.07806289e+00  2.46524989e-02 
-2.07061615e+00  2.46707364e-02 
-2.06316940e+00  2.46889740e-02 
-2.05572266e+00  2.47072115e-02 
-2.04827591e+00  2.47254491e-02 
-2.04082917e+00  2.47436866e-02 
-2.03338242e+00  2.47619241e-02 
-2.02593568e+00  2.47801617e-02 
-2.01848893e+00  2.47983992e-02 
-2.01104219e+00  2.48166368e-02 
-2.00359545e+00  2.48348743e-02 
-1.99614870e+00  2.48531118e-02 
-1.98870196e+00  2.48713494e-02 
-1.98125521e+00  2.48895869e-02 
-1.97380847e+00  2.49078245e-02 
-1.96636172e+00  2.49260620e-02 
-1.95891498e+00  2.49442995e-02 
-1.95146823e+00  2.49625371e-02 
-1.94402149e+00  2.49807746e-02 
-1.93657475e+00  2.49990122e-02 
-1.92912800e+00  2.50172497e-02 
-1.92168126e+00  2.50354872e-02 
-1.91423451e+00  2.50537248e-02 
-1.90678777e+00  2.50719623e-02 
-1.89934102e+00  2.50901999e-02 
-1.89189428e+00  2.51084374e-02 
-1.88444753e+00  2.51266749e-02 
-1.87700079e+00  2.51449125e-02 
-1.86955405e+00  2.51631500e-02 
-1.86210730e+00  2.51813876e-02 
-1.85466056e+00  2.51996251e-02 
-1.84721381e+00  2.52178626e-02 
-1.83976707e+00  2.52361002e-02 
-1.83232032e+00  2.52543377e-02 
-1.82487358e+00  2.52725752e-02 
-1.81742683e+00  2.52908128e-02 
-1.80998009e+00  2.53090503e-02 
-1.80253335e+00  2.53272879e-02 
-1.79508660e+00  2.53455254e-02 
-1.78763986e+00  2.53637629e-02 
-1.78019311e+00  2.53820005e-02 
-1.77274637e+00  2.54002380e-02 
-1.76529962e+00  2.54184756e-02 
-1.75785288e+00  2.54367131e-02 
-1.75040613e+00  2.54549506e-02 
-1.74295939e+00  2.54731882e-02 
-1.73551265e+00  2.54914257e-02 
-1.72806590e+00  2.55096633e-02 
-1.72061916e+00  2.55279008e-02 
-1.71317241e+00  2.55461383e-02 
-1.70572567e+00  2.55643759e-02 
-1.69827892e+00  2.55826134e-02 
-1.69083218e+00  2.56008510e-02 
-1.68338543e+00  2.56190885e-02 
-1.67593869e+00  2.56373260e-02 
-1.66849194e+00  2.56555636e-02 
-1.66104520e+00  2.56738011e-02 
-1.65359846e+00  2.56920387e-02 
-1.64615171e+00  2.57102762e-02 
-1.63870497e+00  2.57285137e-02 
-1.63125822e+00  2.57467513e-02 
-1.62381148e+00  2.57649888e-02 
-1.61636473e+00  2.57832264e-02 
-1.60891799e+00  2.58014639e-02 
-1.60147124e+00  2.58197014e-02 
-1.59402450e+00  2.58379390e-02 
-1.58657776e+00  2.58561765e-02 
-1.57913101e+00  2.58744141e-02 
-1.57168427e+00  2.58926516e-02 
-1.56423752e+00  2.59108891e-02 
-1.55679078e+00  2.59291267e-02 
-1.54934403e+00  2.59473642e-02 
-1.54189729e+00  2.59656018e-02 
-1.53445054e+00  2.59838393e-02 
-1.52700380e+00  2.60020768e-02 
-1.51955706e+00  2.60203144e-02 
-1.51211031e+00  2.60385519e-02 
-1.50466357e+00  2.60567894e-02 
-1.49721682e+00  2.60750270e-02 
-1.48977008e+00  2.60932645e-02 
-1.48232333e+00  2.61115021e-02 
-1.47487659e+00  2.61297396e-02 
-1.46742984e+00  2.61479771e-02 
-1.45998310e+00  2.61662147e-02 
-1.45253636e+00  2.61844522e-02 
-1.44508961e+00  2.62026898e-02 
-1.43764287e+00  2.62209273e-02 
-1.43019612e+00  2.62391648e-02 
-1.42274938e+00  2.62574024e-02 
-1.41530263e+00  2.62756399e-02 
-1.40785589e+00  2.62938775e-02 
-1.40040914e+00  2.63121150e-02 
-1.39296240e+00  2.63303525e-02 
-1.38551566e+00  2.63485901e-02 
-1.37806891e+00  2.63668276e-02 
-1.37062217e+00  2.63850652e-02 
-1.36317542e+00  2.64033027e-02 
-1.35572868e+00  2.64215402e-02 
-1.34828193e+00  2.64397778e-02 
-1.34083519e+00  2.64580153e-02 
-1.33338844e+00  2.64762529e-02 
-1.32594170e+00  2.64944904e-02 
-1.31849496e+00  2.65127279e-02 
-1.31104821e+00  2.65309655e-02 
-1.30360147e+00  2.65492030e-02 
-1.29615472e+00  2.65674406e-02 
-1.28870798e+00  2.65856781e-02 
-1.28126123e+00  2.66039156e-02 
-1.27381449e+00  2.66221532e-02 
-1.26636774e+00  2.66403907e-02 
-1.25892100e+00  2.66586283e-02 
-1.25147425e+00  2.66768658e-02 
-1.24402751e+00  2.66951033e-02 
-1.23658077e+00  2.67133409e-02 
-1.22913402e+00  2.67315784e-02 
-1.22168728e+00  2.67498160e-02 
-1.21424053e+00  2.67680535e-02 
-1.20679379e+00  2.67862910e-02 
-1.19934704e+00  2.68045286e-02 
-1.19190030e+00  2.68227661e-02 
-1.18445355e+00  2.68410036e-02 
-1.17700681e+00  2.68592412e-02 
-1.16956007e+00  2.68774787e-02 
-1.16211332e+00  2.68957163e-02 
-1.15466658e+00  2.69139538e-02 
-1.14721983e+00  2.69321913e-02 
-1.13977309e+00  2.69504289e-02 
-1.13232634e+00  2.69686664e-02 
-1.12487960e+00  2.69869040e-02 
-1.11743285e+00  2.70051415e-02 
-1.10998611e+00  2.70233790e-02 
-1.10253937e+00  2.70416166e-02 
-1.09509262e+00  2.70598541e-02 
-1.08764588e+00  2.70780917e-02 
-1.08019913e+00  2.70963292e-02 
-1.07275239e+00  2.71145667e-02 
-1.06530564e+00  2.71328043e-02 
-1.05785890e+00  2.71510418e-02 
-1.05041215e+00  2.71692794e-02 
-1.04296541e+00  2.71875169e-02 
-1.03551867e+00  2.72057544e-02 
-1.02807192e+00  2.72239920e-02 
-1.02062518e+00  2.72422295e-02 
-1.01317843e+00  2.72604671e-02 
-1.00573169e+00  2.72787046e-02 
-9.98284943e-01  2.72969421e-02 
-9.90838199e-01  2.73151797e-02 
-9.83391454e-01  2.73334172e-02 
-9.75944710e-01  2.73516548e-02 
-9.68497965e-01  2.73698923e-02 
-9.61051221e-01  2.73881298e-02 
-9.53604476e-01  2.74063674e-02 
-9.46157732e-01  2.74246049e-02 
-9.38710987e-01  2.74428425e-02 
-9.31264243e-01  2.74610800e-02 
-9.23817499e-01  2.74793175e-02 
-9.16370754e-01  2.74975551e-02 
-9.08924010e-01  2.75157926e-02 
-9.01477265e-01  2.75340302e-02 
-8.94030521e-01  2.75522677e-02 
-8.86583776e-01  2.75705052e-02 
-8.79137032e-01  2.75887428e-02 
-8.71690287e-01  2.76069803e-02 
-8.64243543e-01  2.76252178e-02 
-8.56796798e-01  2.76434554e-02 
-8.49350054e-01  2.76616929e-02 
-8.41903309e-01  2.76799305e-02 
-8.34456565e-01  2.76981680e-02 
-8.27009820e-01  2.77164055e-02 
-8.19563076e-01  2.77346431e-02 
-8.12116332e-01  2.77528806e-02 
-8.04669587e-01  2.77711182e-02 
-7.97222843e-01  2.77893557e-02 
-7.89776098e-01  2.78075932e-02 
-7.82329354e-01  2.78258308e-02 
-7.74882609e-01  2.78440683e-02 
-7.67435865e-01  2.78623059e-02 
-7.59989120e-01  2.78805434e-02 
-7.52542376e-01  2.78987809e-02 
-7.45095631e-01  2.79170185e-02 
-7.37648887e-01  2.79352560e-02 
-7.30202142e-01  2.79534936e-02 
-7.22755398e-01  2.79717311e-02 
-7.15308654e-01  2.79899686e-02 
-7.07861909e-01  2.80082062e-02 
-7.00415165e-01  2.80264437e-02 
-6.92968420e-01  2.80446813e-02 
-6.85521676e-01  2.80629188e-02 
-6.78074931e-01  2.80811563e-02 
-6.70628187e-01  2.80993939e-02 
-6.63181442e-01  2.81176314e-02 
-6.55734698e-01  2.81358690e-02 
-6.48287953e-01  2.81541065e-02 
-6.40841209e-01  2.81723440e-02 
-6.33394464e-01  2.81905816e-02 
-6.25947720e-01  2.82088191e-02 
-6.18500976e-01  2.82270567e-02 
-6.11054231e-01  2.82452942e-02 
-6.03607487e-01  2.82635317e-02 
-5.96160742e-01  2.82817693e-02 
-5.88713998e-01  2.83000068e-02 
-5.81267253e-01  2.83182444e-02 
-5.73820509e-01  2.83364819e-02 
-5.66373764e-01  2.83547194e-02 
-5.58927020e-01  2.83729570e-02 
-5.51480275e-01  2.83911945e-02 
-5.44033531e-01  2.84094321e-02 
-5.36586786e-01  2.84276696e-02 
-5.29140042e-01  2.84459071e-02 
-5.21693297e-01  2.84641447e-02 
-5.14246553e-01  2.84823822e-02 
-5.06799809e-01  2.85006197e-02 
-4.99353064e-01  2.85188573e-02 
-4.91906320e-01  2.85370948e-02 
-4.84459575e-01  2.85553324e-02 
-4.77012831e-01  2.85735699e-02 
-4.69566086e-01  2.85918074e-02 
-4.62119342e-01  2.86100450e-02 
-4.54672597e-01  2.86282825e-02 
-4.47225853e-01  2.86465201e-02 
-4.39779108e-01  2.86647576e-02 
-4.32332364e-01  2.86829951e-02 
-4.24885619e-01  2.87012327e-02 
-4.17438875e-01  2.87194702e-02 
-4.09992131e-01  2.87377078e-02 
-4.02545386e-01  2.87559453e-02 
-3.95098642e-01  2.87741828e-02 
-3.87651897e-01  2.87924204e-02 
-3.80205153e-01  2.88106579e-02 
-3.72758408e-01  2.88288955e-02 
-3.65311664e-01  2.88471330e-02 
-3.57864919e-01  2.88653705e-02 
-3.50418175e-01  2.88836081e-02 
-3.42971430e-01  2.89018456e-02 
-3.35524686e-01  2.89200832e-02 
-3.28077941e-01  2.89383207e-02 
-3.20631197e-01  2.89565582e-02 
-3.13184453e-01  2.89747958e-02 
-3.05737708e-01  2.89930333e-02 
-2.98290964e-01  2.90112709e-02 
-2.90844219e-01  2.90295084e-02 
-2.83397475e-01  2.90477459e-02 
-2.75950730e-01  2.90659835e-02 
-2.68503986e-01  2.90842210e-02 
-2.61057241e-01  2.91024586e-02 
-2.53610497e-01  2.91206961e-02 
-2.46163752e-01  2.91389336e-02 
-2.38717008e-01  2.91571712e-02 
-2.31270263e-01  2.91754087e-02 
-2.23823519e-01  2.91936463e-02 
-2.16376774e-01  2.92118838e-02 
-2.08930030e-01  2.92301213e-02 
-2.01483286e-01  2.92483589e-02 
-1.94036541e-01  2.92665964e-02 
-1.86589797e-01  2.92848339e-02 
-1.79143052e-01  2.93030715e-02 
-1.71696308e-01  2.93213090e-02 
-1.64249563e-01  2.93395466e-02 
-1.56802819e-01  2.93577841e-02 
-1.49356074e-01  2.93760216e-02 
-1.41909330e-01  2.93942592e-02 
-1.34462585e-01  2.94124967e-02 
-1.27015841e-01  2.94307343e-02 
-1.19569096e-01  2.94489718e-02 
-1.12122352e-01  2.94672093e-02 
-1.04675608e-01  2.94854469e-02 
-9.72288631e-02  2.95036844e-02 
-8.97821186e-02  2.95219220e-02 
-8.23353741e-02  2.95401595e-02 
-7.48886297e-02  2.95583970e-02 
-6.74418852e-02  2.95766346e-02 
-5.99951407e-02  2.95948721e-02 
-5.25483963e-02  2.96131097e-02 
-4.51016518e-02  2.96313472e-02 
-3.76549074e-02  2.96495847e-02 
-3.02081629e-02  2.96678223e-02 
-2.27614184e-02  2.96860598e-02 
-1.53146740e-02  2.97042974e-02 
-7.86792951e-03  2.97225349e-02 
-4.21185042e-04  2.97407724e-02 
 7.02555942e-03  2.97590100e-02 
 1.44723039e-02  2.97772475e-02 
 2.19190483e-02  2.97954851e-02 
 2.93657928e-02  2.98137226e-02 
 3.68125373e-02  2.98319601e-02 
 4.42592817e-02  2.98501977e-02 
 5.17060262e-02  2.98684352e-02 
 5.91527707e-02  2.98866728e-02 
 6.65995151e-02  2.99049103e-02 
 7.40462596e-02  2.99231478e-02 
 8.14930041e-02  2.99413854e-02 
 8.89397485e-02  2.99596229e-02 
 9.63864930e-02  2.99778605e-02 
 1.03833237e-01  2.99960980e-02 
 1.11279982e-01  3.00143355e-02 
 1.18726726e-01  3.00325731e-02 
 1.26173471e-01  3.00508106e-02 
 1.33620215e-01  3.00690481e-02 
 1.41066960e-01  3.00872857e-02 
 1.48513704e-01  3.01055232e-02 
 1.55960449e-01  3.01237608e-02 
 1.63407193e-01  3.01419983e-02 
 1.70853938e-01  3.01602358e-02 
 1.78300682e-01  3.01784734e-02 
 1.85747427e-01  3.01967109e-02 
 1.93194171e-01  3.02149485e-02 
 2.00640915e-01  3.02331860e-02 
 2.08087660e-01  3.02514235e-02 
 2.15534404e-01  3.02696611e-02 
 2.22981149e-01  3.02878986e-02 
 2.30427893e-01  3.03061362e-02 
 2.37874638e-01  3.03243737e-02 
 2.45321382e-01  3.03426112e-02 
 2.52768127e-01  3.03608488e-02 
 2.60214871e-01  3.03790863e-02 
 2.67661616e-01  3.03973239e-02 
 2.75108360e-01  3.04155614e-02 
 2.82555105e-01  3.04337989e-02 
 2.90001849e-01  3.04520365e-02 
 2.97448593e-01  3.04702740e-02 
 3.04895338e-01  3.04885116e-02 
 3.12342082e-01  3.05067491e-02 
 3.19788827e-01  3.05249866e-02 
 3.27235571e-01  3.05432242e-02 
 3.34682316e-01  3.05614617e-02 
 3.42129060e-01  3.05796993e-02 
 3.49575805e-01  3.05979368e-02 
 3.57022549e-01  3.06161743e-02 
 3.64469294e-01  3.06344119e-02 
 3.71916038e-01  3.06526494e-02 
 3.79362783e-01  3.06708870e-02 
 3.86809527e-01  3.06891245e-02 
 3.94256272e-01  3.07073620e-02 
 4.01703016e-01  3.07255996e-02 
 4.09149760e-01  3.07438371e-02 
 4.16596505e-01  3.07620747e-02 
 4.24043249e-01  3.07803122e-02 
 4.31489994e-01  3.07985497e-02 
 4.38936738e-01  3.08167873e-02 
 4.46383483e-01  3.08350248e-02 
 4.53830227e-01  3.08532623e-02 
 4.61276972e-01  3.08714999e-02 
 4.68723716e-01  3.08897374e-02 
 4.76170461e-01  3.09079750e-02 
 4.83617205e-01  3.09262125e-02 
 4.91063950e-01  3.09444500e-02 
 4.98510694e-01  3.09626876e-02 
 5.05957438e-01  3.09809251e-02 
 5.13404183e-01  3.09991627e-02 
 5.20850927e-01  3.10174002e-02 
 5.28297672e-01  3.10356377e-02 
 5.35744416e-01  3.10538753e-02 
 5.43191161e-01  3.10721128e-02 
 5.50637905e-01  3.10903504e-02 
 5.58084650e-01  3.11085879e-02 
 5.65531394e-01  3.11268254e-02 
 5.72978139e-01  3.11450630e-02 
 5.80424883e-01  3.11633005e-02 
 5.87871628e-01  3.11815381e-02 
 5.95318372e-01  3.11997756e-02 
 6.02765116e-01  3.12180131e-02 
 6.10211861e-01  3.12362507e-02 
 6.17658605e-01  3.12544882e-02 
 6.25105350e-01  3.12727258e-02 
 6.32552094e-01  3.12909633e-02 
 6.39998839e-01  3.13092008e-02 
 6.47445583e-01  3.13274384e-02 
 6.54892328e-01  3.13456759e-02 
 6.62339072e-01  3.13639135e-02 
 6.69785817e-01  3.13821510e-02 
 6.77232561e-01  3.14003885e-02 
 6.84679306e-01  3.14186261e-02 
 6.92126050e-01  3.14368636e-02 
 6.99572794e-01  3.14551012e-02 
 7.07019539e-01  3.14733387e-02 
 7.14466283e-01  3.14915762e-02 
 7.21913028e-01  3.15098138e-02 
 7.29359772e-01  3.15280513e-02 
 7.36806517e-01  3.15462889e-02 
 7.44253261e-01  3.15645264e-02 
 7.51700006e-01  3.15827639e-02 
 7.59146750e-01  3.16010015e-02 
 7.66593495e-01  3.16192390e-02 
 7.74040239e-01  3.16374766e-02 
 7.81486984e-01  3.16557141e-02 
 7.88933728e-01  3.16739516e-02 
 7.96380473e-01  3.16921892e-02 
 8.03827217e-01  3.17104267e-02 
 8.11273961e-01  3.17286642e-02 
 8.18720706e-01  3.17469018e-02 
 8.26167450e-01  3.17651393e-02 
 8.33614195e-01  3.17833769e-02 
 8.41060939e-01  3.18016144e-02 
 8.48507684e-01  3.18198519e-02 
 8.55954428e-01  3.18380895e-02 
 8.63401173e-01  3.18563270e-02 
 8.70847917e-01  3.18745646e-02 
 8.78294662e-01  3.18928021e-02 
 8.85741406e-01  3.19110396e-02 
 8.93188151e-01  3.19292772e-02 
 9.00634895e-01  3.19475147e-02 
 9.08081639e-01  3.19657523e-02 
 9.15528384e-01  3.19839898e-02 
 9.22975128e-01  3.20022273e-02 
 9.30421873e-01  3.20204649e-02 
 9.37868617e-01  3.20387024e-02 
 9.45315362e-01  3.20569400e-02 
 9.52762106e-01  3.20751775e-02 
 9.60208851e-01  3.20934150e-02 
 9.67655595e-01  3.21116526e-02 
 9.75102340e-01  3.21298901e-02 
 9.82549084e-01  3.21481277e-02 
 9.89995829e-01  3.21663652e-02 
 9.97442573e-01  3.21846027e-02 
 1.00488932e+00  3.22028403e-02 
 1.01233606e+00  3.22210778e-02 
 1.01978281e+00  3.22393154e-02 
 1.02722955e+00  3.22575529e-02 
 1.03467630e+00  3.22757904e-02 
 1.04212304e+00  3.22940280e-02 
 1.04956978e+00  3.23122655e-02 
 1.05701653e+00  3.23305031e-02 
 1.06446327e+00  3.23487406e-02 
 1.07191002e+00  3.23669781e-02 
 1.07935676e+00  3.23852157e-02 
 1.08680351e+00  3.24034532e-02 
 1.09425025e+00  3.24216908e-02 
 1.10169700e+00  3.24399283e-02 
 1.10914374e+00  3.24581658e-02 
 1.11659048e+00  3.24764034e-02 
 1.12403723e+00  3.24946409e-02 
 1.13148397e+00  3.25128784e-02 
 1.13893072e+00  3.25311160e-02 
 1.14637746e+00  3.25493535e-02 
 1.15382421e+00  3.25675911e-02 
 1.16127095e+00  3.25858286e-02 
 1.16871770e+00  3.26040661e-02 
 1.17616444e+00  3.26223037e-02 
 1.18361118e+00  3.26405412e-02 
 1.19105793e+00  3.26587788e-02 
 1.19850467e+00  3.26770163e-02 
 1.20595142e+00  3.26952538e-02 
 1.21339816e+00  3.27134914e-02 
 1.22084491e+00  3.27317289e-02 
 1.22829165e+00  3.27499665e-02 
 1.23573840e+00  3.27682040e-02 
 1.24318514e+00  3.27864415e-02 
 1.25063188e+00  3.28046791e-02 
 1.25807863e+00  3.28229166e-02 
 1.26552537e+00  3.28411542e-02 
 1.27297212e+00  3.28593917e-02 
 1.28041886e+00  3.28776292e-02 
 1.28786561e+00  3.28958668e-02 
 1.29531235e+00  3.29141043e-02 
 1.30275910e+00  3.29323419e-02 
 1.31020584e+00  3.29505794e-02 
 1.31765258e+00  3.29688169e-02 
 1.32509933e+00  3.29870545e-02 
 1.33254607e+00  3.30052920e-02 
 1.33999282e+00  3.30235296e-02 
 1.34743956e+00  3.30417671e-02 
 1.35488631e+00  3.30600046e-02 
 1.36233305e+00  3.30782422e-02 
 1.36977980e+00  3.30964797e-02 
 1.37722654e+00  3.31147173e-02 
 1.38467329e+00  3.31329548e-02 
 1.39212003e+00  3.31511923e-02 
 1.39956677e+00  3.31694299e-02 
 1.40701352e+00  3.31876674e-02 
 1.41446026e+00  3.32059050e-02 
 1.42190701e+00  3.32241425e-02 
 1.42935375e+00  3.32423800e-02 
 1.43680050e+00  3.32606176e-02 
 1.44424724e+00  3.32788551e-02 
 1.45169399e+00  3.32970926e-02 
 1.45914073e+00  3.33153302e-02 
 1.46658747e+00  3.33335677e-02 
 1.47403422e+00  3.33518053e-02 
 1.48148096e+00  3.33700428e-02 
 1.48892771e+00  3.33882803e-02 
 1.49637445e+00  3.34065179e-02 
 1.50382120e+00  3.34247554e-02 
 1.51126794e+00  3.34429930e-02 
 1.51871469e+00  3.34612305e-02 
 1.52616143e+00  3.34794680e-02 
 1.53360817e+00  3.34977056e-02 
 1.54105492e+00  3.35159431e-02 
 1.54850166e+00  3.35341807e-02 
 1.55594841e+00  3.35524182e-02 
 1.56339515e+00  3.35706557e-02 
 1.57084190e+00  3.35888933e-02 
 1.57828864e+00  3.36071308e-02 
 1.58573539e+00  3.36253684e-02 
 1.59318213e+00  3.36436059e-02 
 1.60062887e+00  3.36618434e-02 
 1.60807562e+00  3.36800810e-02 
 1.61552236e+00  3.36983185e-02 
 1.62296911e+00  3.37165561e-02 
 1.63041585e+00  3.37347936e-02 
 1.63786260e+00  3.37530311e-02 
 1.64530934e+00  3.37712687e-02 
 1.65275609e+00  3.37895062e-02 
 1.66020283e+00  3.38077438e-02 
 1.66764957e+00  3.38259813e-02 
 1.67509632e+00  3.38442188e-02 
 1.68254306e+00  3.38624564e-02 
 1.68998981e+00  3.38806939e-02 
 1.69743655e+00  3.38989315e-02 
 1.70488330e+00  3.39171690e-02 
 1.71233004e+00  3.39354065e-02 
 1.71977679e+00  3.39536441e-02 
 1.72722353e+00  3.39718816e-02 
 1.73467027e+00  3.39901192e-02 
 1.74211702e+00  3.40083567e-02 
 1.74956376e+00  3.40265942e-02 
 1.75701051e+00  3.40448318e-02 
 1.76445725e+00  3.40630693e-02 
 1.77190400e+00  3.40813069e-02 
 1.77935074e+00  3.40995444e-02 
 1.78679749e+00  3.41177819e-02 
 1.79424423e+00  3.41360195e-02 
 1.80169098e+00  3.41542570e-02 
 1.80913772e+00  3.41724945e-02 
 1.81658446e+00  3.41907321e-02 
 1.82403121e+00  3.42089696e-02 
 1.83147795e+00  3.42272072e-02 
 1.83892470e+00  3.42454447e-02 
 1.84637144e+00  3.42636822e-02 
 1.85381819e+00  3.42819198e-02 
 1.86126493e+00  3.43001573e-02 
 1.86871168e+00  3.43183949e-02 
 1.87615842e+00  3.43366324e-02 
 1.88360516e+00  3.43548699e-02 
 1.89105191e+00  3.43731075e-02 
 1.89849865e+00  3.43913450e-02 
 1.90594540e+00  3.44095826e-02 
 1.91339214e+00  3.44278201e-02 
 1.92083889e+00  3.44460576e-02 
 1.92828563e+00  3.44642952e-02 
 1.93573238e+00  3.44825327e-02 
 1.94317912e+00  3.45007703e-02 
 1.95062586e+00  3.45190078e-02 
 1.95807261e+00  3.45372453e-02 
 1.96551935e+00  3.45554829e-02 
 1.97296610e+00  3.45737204e-02 
 1.98041284e+00  3.45919580e-02 
 1.98785959e+00  3.46101955e-02 
 1.99530633e+00  3.46284330e-02 
 2.00275308e+00  3.46466706e-02 
 2.01019982e+00  3.46649081e-02 
 2.01764656e+00  3.46831457e-02 
 2.02509331e+00  3.47013832e-02 
 2.03254005e+00  3.47196207e-02 
 2.03998680e+00  3.47378583e-02 
 2.04743354e+00  3.47560958e-02 
 2.05488029e+00  3.47743334e-02 
 2.06232703e+00  3.47925709e-02 
 2.06977378e+00  3.48108084e-02 
 2.07722052e+00  3.48290460e-02 
 2.08466726e+00  3.48472835e-02 
 2.09211401e+00  3.48655211e-02 
 2.09956075e+00  3.48837586e-02 
 2.10700750e+00  3.49019961e-02 
 2.11445424e+00  3.49202337e-02 
 2.12190099e+00  3.49384712e-02 
 2.12934773e+00  3.49567087e-02 
 2.13679448e+00  3.49749463e-02 
 2.14424122e+00  3.49931838e-02 
 2.15168796e+00  3.50114214e-02 
 2.15913471e+00  3.50296589e-02 
 2.16658145e+00  3.50478964e-02 
 2.17402820e+00  3.50661340e-02 
 2.18147494e+00  3.50843715e-02 
 2.18892169e+00  3.51026091e-02 
 2.19636843e+00  3.51208466e-02 
 2.20381518e+00  3.51390841e-02 
 2.21126192e+00  3.51573217e-02 
 2.21870866e+00  3.51755592e-02 
 2.22615541e+00  3.51937968e-02 
 2.23360215e+00  3.52120343e-02 
 2.24104890e+00  3.52302718e-02 
 2.24849564e+00  3.52485094e-02 
 2.25594239e+00  3.52667469e-02 
 2.26338913e+00  3.52849845e-02 
 2.27083588e+00  3.53032220e-02 
 2.27828262e+00  3.53214595e-02 
 2.28572937e+00  3.53396971e-02 
 2.29317611e+00  3.53579346e-02 
 2.30062285e+00  3.53761722e-02 
 2.30806960e+00  3.53944097e-02 
 2.31551634e+00  3.54126472e-02 
 2.32296309e+00  3.54308848e-02 
 2.33040983e+00  3.54491223e-02 
 2.33785658e+00  3.54673599e-02 
 2.34530332e+00  3.54855974e-02 
 2.35275007e+00  3.55038349e-02 
 2.36019681e+00  3.55220725e-02 
 2.36764355e+00  3.55403100e-02 
 2.37509030e+00  3.55585476e-02 
 2.38253704e+00  3.55767851e-02 
 2.38998379e+00  3.55950226e-02 
 2.39743053e+00  3.56132602e-02 
 2.40487728e+00  3.56314977e-02 
 2.41232402e+00  3.56497353e-02 
 2.41977077e+00  3.56679728e-02 
 2.42721751e+00  3.56862103e-02 
 2.43466425e+00  3.57044479e-02 
 2.44211100e+00  3.57226854e-02 
 2.44955774e+00  3.57409229e-02 
 2.45700449e+00  3.57591605e-02 
 2.46445123e+00  3.57773980e-02 
 2.47189798e+00  3.57956356e-02 
 2.47934472e+00  3.58138731e-02 
 2.48679147e+00  3.58321106e-02 
 2.49423821e+00  3.58503482e-02 
 2.50168495e+00  3.58685857e-02 
 2.50913170e+00  3.58868233e-02 
 2.51657844e+00  3.59050608e-02 
 2.52402519e+00  3.59232983e-02 
 2.53147193e+00  3.59415359e-02 
 2.53891868e+00  3.59597734e-02 
 2.54636542e+00  3.59780110e-02 
 2.55381217e+00  3.59962485e-02 
 2.56125891e+00  3.60144860e-02 
 2.56870565e+00  3.60327236e-02 
 2.57615240e+00  3.60509611e-02 
 2.58359914e+00  3.60691987e-02 
 2.59104589e+00  3.60874362e-02 
 2.59849263e+00  3.61056737e-02 
 2.60593938e+00  3.61239113e-02 
 2.61338612e+00  3.61421488e-02 
 2.62083287e+00  3.61603864e-02 
 2.62827961e+00  3.61786239e-02 
 2.63572635e+00  3.61968614e-02 
 2.64317310e+00  3.62150990e-02 
 2.65061984e+00  3.62333365e-02 
 2.65806659e+00  3.62515741e-02 
 2.66551333e+00  3.62698116e-02 
 2.67296008e+00  3.62880491e-02 
 2.68040682e+00  3.63062867e-02 
 2.68785357e+00  3.63245242e-02 
 2.69530031e+00  3.63427618e-02 
 2.70274705e+00  3.63609993e-02 
 2.71019380e+00  3.63792368e-02 
 2.71764054e+00  3.63974744e-02 
 2.72508729e+00  3.64157119e-02 
 2.73253403e+00  3.64339495e-02 
 2.73998078e+00  3.64521870e-02 
 2.74742752e+00  3.64704245e-02 
 2.75487427e+00  3.64886621e-02 
 2.76232101e+00  3.65068996e-02 
 2.76976776e+00  3.65251372e-02 
 2.77721450e+00  3.65433747e-02 
 2.78466124e+00  3.65616122e-02 
 2.79210799e+00  3.65798498e-02 
 2.79955473e+00  3.65980873e-02 
 2.80700148e+00  3.66163248e-02 
 2.81444822e+00  3.66345624e-02 
 2.82189497e+00  3.66527999e-02 
 2.82934171e+00  3.66710375e-02 
 2.83678846e+00  3.66892750e-02 
 2.84423520e+00  3.67075125e-02 
 2.85168194e+00  3.67257501e-02 
 2.85912869e+00  3.67439876e-02 
 2.86657543e+00  3.67622252e-02 
 2.87402218e+00  3.67804627e-02 
 2.88146892e+00  3.67987002e-02 
 2.88891567e+00  3.68169378e-02 
 2.89636241e+00  3.68351753e-02 
 2.90380916e+00  3.68534129e-02 
 2.91125590e+00  3.68716504e-02 
 2.91870264e+00  3.68898879e-02 
 2.92614939e+00  3.69081255e-02 
 2.93359613e+00  3.69263630e-02 
 2.94104288e+00  3.69446006e-02 
 2.94848962e+00  3.69628381e-02 
 2.95593637e+00  3.69810756e-02 
 2.96338311e+00  3.69993132e-02 
 2.97082986e+00  3.70175507e-02 
 2.97827660e+00  3.70357883e-02 
 2.98572334e+00  3.70540258e-02 
 2.99317009e+00  3.70722633e-02 
 3.00061683e+00  3.70905009e-02 
 3.00806358e+00  3.71087384e-02 
 3.01551032e+00  3.71269760e-02 
 3.02295707e+00  3.71452135e-02 
 3.03040381e+00  3.71634510e-02 
 3.03785056e+00  3.71816886e-02 
 3.04529730e+00  3.71999261e-02 
 3.05274404e+00  3.72181637e-02 
 3.06019079e+00  3.72364012e-02 
 3.06763753e+00  3.72546387e-02 
 3.07508428e+00  3.72728763e-02 
 3.08253102e+00  3.72911138e-02 
 3.08997777e+00  3.73093514e-02 
 3.09742451e+00  3.73275889e-02 
 3.10487126e+00  3.73458264e-02 
 3.11231800e+00  3.73640640e-02 
 3.11976474e+00  3.73823015e-02 
 3.12721149e+00  3.74005390e-02 
 3.13465823e+00  3.74187766e-02 
 3.14210498e+00  3.74370141e-02 
 3.14955172e+00  3.74552517e-02 
 3.15699847e+00  3.74734892e-02 
 3.16444521e+00  3.74917267e-02 
 3.17189196e+00  3.75099643e-02 
 3.17933870e+00  3.75282018e-02 
 3.18678545e+00  3.75464394e-02 
 3.19423219e+00  3.75646769e-02 
 3.20167893e+00  3.75829144e-02 
 3.20912568e+00  3.76011520e-02 
 3.21657242e+00  3.76193895e-02 
 3.22401917e+00  3.76376271e-02 
 3.23146591e+00  3.76558646e-02 
 3.23891266e+00  3.76741021e-02 
 3.24635940e+00  3.76923397e-02 
 3.25380615e+00  3.77105772e-02 
 3.26125289e+00  3.77288148e-02 
 3.26869963e+00  3.77470523e-02 
 3.27614638e+00  3.77652898e-02 
 3.28359312e+00  3.77835274e-02 
 3.29103987e+00  3.78017649e-02 
 3.29848661e+00  3.78200025e-02 
 3.30593336e+00  3.78382400e-02 
 3.31338010e+00  3.78564775e-02 
 3.32082685e+00  3.78747151e-02 
 3.32827359e+00  3.78929526e-02 
 3.33572033e+00  3.79111902e-02 
 3.34316708e+00  3.79294277e-02 
 3.35061382e+00  3.79476652e-02 
 3.35806057e+00  3.79659028e-02 
 3.36550731e+00  3.79841403e-02 
 3.37295406e+00  3.80023779e-02 
 3.38040080e+00  3.80206154e-02 
 3.38784755e+00  3.80388529e-02 
 3.39529429e+00  3.80570905e-02 
 3.40274103e+00  3.80753280e-02 
 3.41018778e+00  3.80935656e-02 
 3.41763452e+00  3.81118031e-02 
 3.42508127e+00  3.81300406e-02 
 3.43252801e+00  3.81482782e-02 
 3.43997476e+00  3.81665157e-02 
 3.44742150e+00  3.81847532e-02 
 3.45486825e+00  3.82029908e-02 
 3.46231499e+00  3.82212283e-02 
 3.46976173e+00  3.82394659e-02 
 3.47720848e+00  3.82577034e-02 
 3.48465522e+00  3.82759409e-02 
 3.49210197e+00  3.82941785e-02 
 3.49954871e+00  3.83124160e-02 
 3.50699546e+00  3.83306536e-02 
 3.51444220e+00  3.83488911e-02 
 3.52188895e+00  3.83671286e-02 
 3.52933569e+00  3.83853662e-02 
 3.53678243e+00  3.84036037e-02 
 3.54422918e+00  3.84218413e-02 
 3.55167592e+00  3.84400788e-02 
 3.55912267e+00  3.84583163e-02 
 3.56656941e+00  3.84765539e-02 
 3.57401616e+00  3.84947914e-02 
 3.58146290e+00  3.85130290e-02 
 3.58890965e+00  3.85312665e-02 
 3.59635639e+00  3.85495040e-02 
 3.60380313e+00  3.85677416e-02 
 3.61124988e+00  3.85859791e-02 
 3.61869662e+00  3.86042167e-02 
 3.62614337e+00  3.86224542e-02 
 3.63359011e+00  3.86406917e-02 
 3.64103686e+00  3.86589293e-02 
 3.64848360e+00  3.86771668e-02 
 3.65593035e+00  3.86954044e-02 
 3.66337709e+00  3.87136419e-02 
 3.67082384e+00  3.87318794e-02 
 3.67827058e+00  3.87501170e-02 
 3.68571732e+00  3.87683545e-02 
 3.69316407e+00  3.87865921e-02 
 3.70061081e+00  3.88048296e-02 
 3.70805756e+00  3.88230671e-02 
 3.71550430e+00  3.88413047e-02 
 3.72295105e+00  3.88595422e-02 
 3.73039779e+00  3.88777798e-02 
 3.73784454e+00  3.88960173e-02 
 3.74529128e+00  3.89142548e-02 
 3.75273802e+00  3.89324924e-02 
 3.76018477e+00  3.89507299e-02 
 3.76763151e+00  3.89689675e-02 
 3.77507826e+00  3.89872050e-02 
 3.78252500e+00  3.90054425e-02 
 3.78997175e+00  3.90236801e-02 
 3.79741849e+00  3.90419176e-02 
 3.80486524e+00  3.90601551e-02 
 3.81231198e+00  3.90783927e-02 
 3.81975872e+00  3.90966302e-02 
 3.82720547e+00  3.91148678e-02 
 3.83465221e+00  3.91331053e-02 
 3.84209896e+00  3.91513428e-02 
 3.84954570e+00  3.91695804e-02 
 3.85699245e+00  3.91878179e-02 
 3.86443919e+00  3.92060555e-02 
 3.87188594e+00  3.92242930e-02 
 3.87933268e+00  3.92425305e-02 
 3.88677942e+00  3.92607681e-02 
 3.89422617e+00  3.92790056e-02 
 3.90167291e+00  3.92972432e-02 
 3.90911966e+00  3.93154807e-02 
 3.91656640e+00  3.93337182e-02 
 3.92401315e+00  3.93519558e-02 
 3.93145989e+00  3.93701933e-02 
 3.93890664e+00  3.93884309e-02 
 3.94635338e+00  3.94066684e-02 
 3.95380012e+00  3.94249059e-02 
 3.96124687e+00  3.94431435e-02 
 3.96869361e+00  3.94613810e-02 
 3.97614036e+00  3.94796186e-02 
 3.98358710e+00  3.94978561e-02 
 3.99103385e+00  3.95160936e-02 
 3.99848059e+00  3.95343312e-02 
 4.00592734e+00  3.95525687e-02 
 4.01337408e+00  3.95708063e-02 
 4.02082082e+00  3.95890438e-02 
 4.02826757e+00  3.96072813e-02 
 4.03571431e+00  3.96255189e-02 
 4.04316106e+00  3.96437564e-02 
 4.05060780e+00  3.96619940e-02 
 4.05805455e+00  3.96802315e-02 
 4.06550129e+00  3.96984690e-02 
 4.07294804e+00  3.97167066e-02 
 4.08039478e+00  3.97349441e-02 
 4.08784152e+00  3.97531817e-02 
 4.09528827e+00  3.97714192e-02 
 4.10273501e+00  3.97896567e-02 
 4.11018176e+00  3.98078943e-02 
 4.11762850e+00  3.98261318e-02 
 4.12507525e+00  3.98443693e-02 
 4.13252199e+00  3.98626069e-02 
 4.13996874e+00  3.98808444e-02 
 4.14741548e+00  3.98990820e-02 
 4.15486223e+00  3.99173195e-02 
 4.16230897e+00  3.99355570e-02 
 4.16975571e+00  3.99537946e-02 
 4.17720246e+00  3.99720321e-02 
 4.18464920e+00  3.99902697e-02 
 4.19209595e+00  4.00085072e-02 
 4.19954269e+00  4.00267447e-02 
 4.20698944e+00  4.00449823e-02 
 4.21443618e+00  4.00632198e-02 
 4.22188293e+00  4.00814574e-02 
 4.22932967e+00  4.00996949e-02 
 4.23677641e+00  4.01179324e-02 
 4.24422316e+00  4.01361700e-02 
 4.25166990e+00  4.01544075e-02 
 4.25911665e+00  4.01726451e-02 
 4.26656339e+00  4.01908826e-02 
 4.27401014e+00  4.02091201e-02 
 4.28145688e+00  4.02273577e-02 
 4.28890363e+00  4.02455952e-02 
 4.29635037e+00  4.02638328e-02 
 4.30379711e+00  4.02820703e-02 
 4.31124386e+00  4.03003078e-02 
 4.31869060e+00  4.03185454e-02 
 4.32613735e+00  4.03367829e-02 
 4.33358409e+00  4.03550205e-02 
 4.34103084e+00  4.03732580e-02 
 4.34847758e+00  4.03914955e-02 
 4.35592433e+00  4.04097331e-02 
 4.36337107e+00  4.04279706e-02 
 4.37081781e+00  4.04462082e-02 
 4.37826456e+00  4.04644457e-02 
 4.38571130e+00  4.04826832e-02 
 4.39315805e+00  4.05009208e-02 
 4.40060479e+00  4.05191583e-02 
 4.40805154e+00  4.05373959e-02 
 4.41549828e+00  4.05556334e-02 
 4.42294503e+00  4.05738709e-02 
 4.43039177e+00  4.05921085e-02 
 4.43783851e+00  4.06103460e-02 
 4.44528526e+00  4.06285836e-02 
 4.45273200e+00  4.06468211e-02 
 4.46017875e+00  4.06650586e-02 
 4.46762549e+00  4.06832962e-02 
 4.47507224e+00  4.07015337e-02 
 4.48251898e+00  4.07197712e-02 
 4.48996573e+00  4.07380088e-02 
 4.49741247e+00  4.07562463e-02 
 4.50485921e+00  4.07744839e-02 
 4.51230596e+00  4.07927214e-02 
 4.51975270e+00  4.08109589e-02 
 4.52719945e+00  4.08291965e-02 
 4.53464619e+00  4.08474340e-02 
 4.54209294e+00  4.08656716e-02 
 4.54953968e+00  4.08839091e-02 
 4.55698643e+00  4.09021466e-02 
 4.56443317e+00  4.09203842e-02 
 4.57187992e+00  4.09386217e-02 
 4.57932666e+00  4.09568593e-02 
 4.58677340e+00  4.09750968e-02 
 4.59422015e+00  4.09933343e-02 
 4.60166689e+00  4.10115719e-02 
 4.60911364e+00  4.10298094e-02 
 4.61656038e+00  4.10480470e-02 
 4.62400713e+00  4.10662845e-02 
 4.63145387e+00  4.10845220e-02 
 4.63890062e+00  4.11027596e-02 
 4.64634736e+00  4.11209971e-02 
 4.65379410e+00  4.11392347e-02 
 4.66124085e+00  4.11574722e-02 
 4.66868759e+00  4.11757097e-02 
 4.67613434e+00  4.11939473e-02 
 4.68358108e+00  4.12121848e-02 
 4.69102783e+00  4.12304224e-02 
 4.69847457e+00  4.12486599e-02 
 4.70592132e+00  4.12668974e-02 
 4.71336806e+00  4.12851350e-02 
 4.72081480e+00  4.13033725e-02 
 4.72826155e+00  4.13216101e-02 
 4.73570829e+00  4.13398476e-02 
 4.74315504e+00  4.13580851e-02 
 4.75060178e+00  4.13763227e-02 
 4.75804853e+00  4.13945602e-02 
 4.76549527e+00  4.14127978e-02 
 4.77294202e+00  4.14310353e-02 
 4.78038876e+00  4.14492728e-02 
 4.78783550e+00  4.14675104e-02 
 4.79528225e+00  4.14857479e-02 
 4.80272899e+00  4.15039854e-02 
 4.81017574e+00  4.15222230e-02 
 4.81762248e+00  4.15404605e-02 
 4.82506923e+00  4.15586981e-02 
 4.83251597e+00  4.15769356e-02 
 4.83996272e+00  4.15951731e-02 
 4.84740946e+00  4.16134107e-02 
 4.85485620e+00  4.16316482e-02 
 4.86230295e+00  4.16498858e-02 
 4.86974969e+00  4.16681233e-02 
 4.87719644e+00  4.16863608e-02 
 4.88464318e+00  4.17045984e-02 
 4.89208993e+00  4.17228359e-02 
 4.89953667e+00  4.17410735e-02 
 4.90698342e+00  4.17593110e-02 
 4.91443016e+00  4.17775485e-02 
 4.92187690e+00  4.17957861e-02 
 4.92932365e+00  4.18140236e-02 
 4.93677039e+00  4.18322612e-02 
 4.94421714e+00  4.18504987e-02 
 4.95166388e+00  4.18687362e-02 
 4.95911063e+00  4.18869738e-02 
 4.96655737e+00  4.19052113e-02 
 4.97400412e+00  4.19234489e-02 
 4.98145086e+00  4.19416864e-02 
 4.98889760e+00  4.19599239e-02 
 4.99634435e+00  4.19781615e-02 
 5.00379109e+00  4.19963990e-02 
 5.01123784e+00  4.20146366e-02 
 5.01868458e+00  4.20328741e-02 
 5.02613133e+00  4.20511116e-02 
 5.03357807e+00  4.20693492e-02 
 5.04102482e+00  4.20875867e-02 
 5.04847156e+00  4.21058243e-02 
 5.05591831e+00  4.21240618e-02 
 5.06336505e+00  4.21422993e-02 
 5.07081179e+00  4.21605369e-02 
 5.07825854e+00  4.21787744e-02 
 5.08570528e+00  4.21970120e-02 
 5.09315203e+00  4.22152495e-02 
 5.10059877e+00  4.22334870e-02 
 5.10804552e+00  4.22517246e-02 
 5.11549226e+00  4.22699621e-02 
 5.12293901e+00  4.22881996e-02 
 5.13038575e+00  4.23064372e-02 
 5.13783249e+00  4.23246747e-02 
 5.14527924e+00  4.23429123e-02 
 5.15272598e+00  4.23611498e-02 
 5.16017273e+00  4.23793873e-02 
 5.16761947e+00  4.23976249e-02 
 5.17506622e+00  4.24158624e-02 
 5.18251296e+00  4.24341000e-02 
 5.18995971e+00  4.24523375e-02 
 5.19740645e+00  4.24705750e-02 
 5.20485319e+00  4.24888126e-02 
 5.21229994e+00  4.25070501e-02 
 5.21974668e+00  4.25252877e-02 
 5.22719343e+00  4.25435252e-02 
 5.23464017e+00  4.25617627e-02 
 5.24208692e+00  4.25800003e-02 
 5.24953366e+00  4.25982378e-02 
 5.25698041e+00  4.26164754e-02 
 5.26442715e+00  4.26347129e-02 
 5.27187389e+00  4.26529504e-02 
 5.27932064e+00  4.26711880e-02 
 5.28676738e+00  4.26894255e-02 
 5.29421413e+00  4.27076631e-02 
 5.30166087e+00  4.27259006e-02 
 5.30910762e+00  4.27441381e-02 
 5.31655436e+00  4.27623757e-02 
 5.32400111e+00  4.27806132e-02 
 5.33144785e+00  4.27988508e-02 
 5.33889459e+00  4.28170883e-02 
 5.34634134e+00  4.28353258e-02 
 5.35378808e+00  4.28535634e-02 
 5.36123483e+00  4.28718009e-02 
 5.36868157e+00  4.28900385e-02 
 5.37612832e+00  4.29082760e-02 
 5.38357506e+00  4.29265135e-02 
 5.39102181e+00  4.29447511e-02 
 5.39846855e+00  4.29629886e-02 
 5.40591529e+00  4.29812262e-02 
 5.41336204e+00  4.29994637e-02 
 5.42080878e+00  4.30177012e-02 
 5.42825553e+00  4.30359388e-02 
 5.43570227e+00  4.30541763e-02 
 5.44314902e+00  4.30724139e-02 
 5.45059576e+00  4.30906514e-02 
 5.45804251e+00  4.31088889e-02 
 5.46548925e+00  4.31271265e-02 
 5.47293599e+00  4.31453640e-02 
 5.48038274e+00  4.31636015e-02 
 5.48782948e+00  4.31818391e-02 
 5.49527623e+00  4.32000766e-02 
 5.50272297e+00  4.32183142e-02 
 5.51016972e+00  4.32365517e-02 
 5.51761646e+00  4.32547892e-02 
 5.52506321e+00  4.32730268e-02 
 5.53250995e+00  4.32912643e-02 
 5.53995670e+00  4.33095019e-02 
 5.54740344e+00  4.33277394e-02 
 5.55485018e+00  4.33459769e-02 
 5.56229693e+00  4.33642145e-02 
 5.56974367e+00  4.33824520e-02 
 5.57719042e+00  4.34006896e-02 
 5.58463716e+00  4.34189271e-02 
 5.59208391e+00  4.34371646e-02 
 5.59953065e+00  4.34554022e-02 
 5.60697740e+00  4.34736397e-02 
 5.61442414e+00  4.34918773e-02 
 5.62187088e+00  4.35101148e-02 
 5.62931763e+00  4.35283523e-02 
 5.63676437e+00  4.35465899e-02 
 5.64421112e+00  4.35648274e-02 
 5.65165786e+00  4.35830650e-02 
 5.65910461e+00  4.36013025e-02 
 5.66655135e+00  4.36195400e-02 
 5.67399810e+00  4.36377776e-02 
 5.68144484e+00  4.36560151e-02 
 5.68889158e+00  4.36742527e-02 
 5.69633833e+00  4.36924902e-02 
 5.70378507e+00  4.37107277e-02 
 5.71123182e+00  4.37289653e-02 
 5.71867856e+00  4.37472028e-02 
 5.72612531e+00  4.37654404e-02 
 5.73357205e+00  4.37836779e-02 
 5.74101880e+00  4.38019154e-02 
 5.74846554e+00  4.38201530e-02 
 5.75591228e+00  4.38383905e-02 
 5.76335903e+00  4.38566281e-02 
 5.77080577e+00  4.38748656e-02 
 5.77825252e+00  4.38931031e-02 
 5.78569926e+00  4.39113407e-02 
 5.79314601e+00  4.39295782e-02 
 5.80059275e+00  4.39478157e-02 
 5.80803950e+00  4.39660533e-02 
 5.81548624e+00  4.39842908e-02 
 5.82293298e+00  4.40025284e-02 
 5.83037973e+00  4.40207659e-02 
 5.83782647e+00  4.40390034e-02 
 5.84527322e+00  4.40572410e-02 
 5.85271996e+00  4.40754785e-02 
 5.86016671e+00  4.40937161e-02 
 5.86761345e+00  4.41119536e-02 
 5.87506020e+00  4.41301911e-02 
 5.88250694e+00  4.41484287e-02 
 5.88995368e+00  4.41666662e-02 
 5.89740043e+00  4.41849038e-02 
 5.90484717e+00  4.42031413e-02 
 5.91229392e+00  4.42213788e-02 
 5.91974066e+00  4.42396164e-02 
 5.92718741e+00  4.42578539e-02 
 5.93463415e+00  4.42760915e-02 
 5.94208090e+00  4.42943290e-02 
 5.94952764e+00  4.43125665e-02 
 5.95697438e+00  4.43308041e-02 
 5.96442113e+00  4.43490416e-02 
 5.97186787e+00  4.43672792e-02 
 5.97931462e+00  4.43855167e-02 
 5.98676136e+00  4.44037542e-02 
 5.99420811e+00  4.44219918e-02 
 6.00165485e+00  4.44402293e-02 
 6.00910160e+00  4.44584669e-02 
 6.01654834e+00  4.44767044e-02 
 6.02399509e+00  4.44949419e-02 
 6.03144183e+00  4.45131795e-02 
 6.03888857e+00  4.45314170e-02 
 6.04633532e+00  4.45496546e-02 
 6.05378206e+00  4.45678921e-02 
 6.06122881e+00  4.45861296e-02 
 6.06867555e+00  4.46043672e-02 
 6.07612230e+00  4.46226047e-02 
 6.08356904e+00  4.46408423e-02 
 6.09101579e+00  4.46590798e-02 
 6.09846253e+00  4.46773173e-02 
 6.10590927e+00  4.46955549e-02 
 6.11335602e+00  4.47137924e-02 
 6.12080276e+00  4.47320300e-02 
 6.12824951e+00  4.47502675e-02 
 6.13569625e+00  4.47685050e-02 
 6.14314300e+00  4.47867426e-02 
 6.15058974e+00  4.48049801e-02 
 6.15803649e+00  4.48232176e-02 
 6.16548323e+00  4.48414552e-02 
 6.17292997e+00  4.48596927e-02 
 6.18037672e+00  4.48779303e-02 
 6.18782346e+00  4.48961678e-02 
 6.19527021e+00  4.49144053e-02 
 6.20271695e+00  4.49326429e-02 
 6.21016370e+00  4.49508804e-02 
 6.21761044e+00  4.49691180e-02 
 6.22505719e+00  4.49873555e-02 
 6.23250393e+00  4.50055930e-02 
 6.23995067e+00  4.50238306e-02 
 6.24739742e+00  4.50420681e-02 
 6.25484416e+00  4.50603057e-02 
 6.26229091e+00  4.50785432e-02 
 6.26973765e+00  4.50967807e-02 
 6.27718440e+00  4.51150183e-02 
 6.28463114e+00  4.51332558e-02 
 6.29207789e+00  4.51514934e-02 
 6.29952463e+00  4.51697309e-02 
 6.30697137e+00  4.51879684e-02 
 6.31441812e+00  4.52062060e-02 
 6.32186486e+00  4.52244435e-02 
 6.32931161e+00  4.52426811e-02 
 6.33675835e+00  4.52609186e-02 
 6.34420510e+00  4.52791561e-02 
 6.35165184e+00  4.52973937e-02 
 6.35909859e+00  4.53156312e-02 
 6.36654533e+00  4.53338688e-02 
 6.37399207e+00  4.53521063e-02 
 6.38143882e+00  4.53703438e-02 
 6.38888556e+00  4.53885814e-02 
 6.39633231e+00  4.54068189e-02 
 6.40377905e+00  4.54250565e-02 
 6.41122580e+00  4.54432940e-02 
 6.41867254e+00  4.54615315e-02 
 6.42611929e+00  4.54797691e-02 
 6.43356603e+00  4.54980066e-02 
 6.44101277e+00  4.55162442e-02 
 6.44845952e+00  4.55344817e-02 
 6.45590626e+00  4.55527192e-02 
 6.46335301e+00  4.55709568e-02 
 6.47079975e+00  4.55891943e-02 
 6.47824650e+00  4.56074318e-02 
 6.48569324e+00  4.56256694e-02 
 6.49313999e+00  4.56439069e-02 
 6.50058673e+00  4.56621445e-02 
 6.50803348e+00  4.56803820e-02 
 6.51548022e+00  4.56986195e-02 
 6.52292696e+00  4.57168571e-02 
 6.53037371e+00  4.57350946e-02 
 6.53782045e+00  4.57533322e-02 
 6.54526720e+00  4.57715697e-02 
 6.55271394e+00  4.57898072e-02 
 6.56016069e+00  4.58080448e-02 
 6.56760743e+00  4.58262823e-02 
 6.57505418e+00  4.58445199e-02 
 6.58250092e+00  4.58627574e-02 
 6.58994766e+00  4.58809949e-02 
 6.59739441e+00  4.58992325e-02 
 6.60484115e+00  4.59174700e-02 
 6.61228790e+00  4.59357076e-02 
 6.61973464e+00  4.59539451e-02 
 6.62718139e+00  4.59721826e-02 
 6.63462813e+00  4.59904202e-02 
 6.64207488e+00  4.60086577e-02 
 6.64952162e+00  4.60268953e-02 
 6.65696836e+00  4.60451328e-02 
 6.66441511e+00  4.60633703e-02 
 6.67186185e+00  4.60816079e-02 
 6.67930860e+00  4.60998454e-02 
 6.68675534e+00  4.61180830e-02 
 6.69420209e+00  4.61363205e-02 
 6.70164883e+00  4.61545580e-02 
 6.70909558e+00  4.61727956e-02 
 6.71654232e+00  4.61910331e-02 
 6.72398906e+00  4.62092707e-02 
 6.73143581e+00  4.62275082e-02 
 6.73888255e+00  4.62457457e-02 
 6.74632930e+00  4.62639833e-02 
 6.75377604e+00  4.62822208e-02 
 6.76122279e+00  4.63004584e-02 
 6.76866953e+00  4.63186959e-02 
 6.77611628e+00  4.63369334e-02 
 6.78356302e+00  4.63551710e-02 
 6.79100976e+00  4.63734085e-02 
 6.79845651e+00  4.63916461e-02 
 6.80590325e+00  4.64098836e-02 
 6.81335000e+00  4.64281211e-02 
 6.82079674e+00  4.64463587e-02 
 6.82824349e+00  4.64645962e-02 
 6.83569023e+00  4.64828337e-02 
 6.84313698e+00  4.65010713e-02 
 6.85058372e+00  4.65193088e-02 
 6.85803046e+00  4.65375464e-02 
 6.86547721e+00  4.65557839e-02 
 6.87292395e+00  4.65740214e-02 
 6.88037070e+00  4.65922590e-02 
 6.88781744e+00  4.66104965e-02 
 6.89526419e+00  4.66287341e-02 
 6.90271093e+00  4.66469716e-02 
 6.91015768e+00  4.66652091e-02 
 6.91760442e+00  4.66834467e-02 
 6.92505116e+00  4.67016842e-02 
 6.93249791e+00  4.67199218e-02 
 6.93994465e+00  4.67381593e-02 
 6.94739140e+00  4.67563968e-02 
 6.95483814e+00  4.67746344e-02 
 6.96228489e+00  4.67928719e-02 
 6.96973163e+00  4.68111095e-02 
 6.97717838e+00  4.68293470e-02 
 6.98462512e+00  4.68475845e-02 
 6.99207187e+00  4.68658221e-02 
 6.99951861e+00  4.68840596e-02 
 7.00696535e+00  4.69022972e-02 
 7.01441210e+00  4.69205347e-02 
 7.02185884e+00  4.69387722e-02 
 7.02930559e+00  4.69570098e-02 
 7.03675233e+00  4.69752473e-02 
 7.04419908e+00  4.69934849e-02 
 7.05164582e+00  4.70117224e-02 
 7.05909257e+00  4.70299599e-02 
 7.06653931e+00  4.70481975e-02 
 7.07398605e+00  4.70664350e-02 
 7.08143280e+00  4.70846726e-02 
 7.08887954e+00  4.71029101e-02 
 7.09632629e+00  4.71211476e-02 
 7.10377303e+00  4.71393852e-02 
 7.11121978e+00  4.71576227e-02 
 7.11866652e+00  4.71758603e-02 
 7.12611327e+00  4.71940978e-02 
 7.13356001e+00  4.72123353e-02 
 7.14100675e+00  4.72305729e-02 
 7.14845350e+00  4.72488104e-02 
 7.15590024e+00  4.72670479e-02 
 7.16334699e+00  4.72852855e-02 
 7.17079373e+00  4.73035230e-02 
 7.17824048e+00  4.73217606e-02 
 7.18568722e+00  4.73399981e-02 
 7.19313397e+00  4.73582356e-02 
 7.20058071e+00  4.73764732e-02 
 7.20802745e+00  4.73947107e-02 
 7.21547420e+00  4.74129483e-02 
 7.22292094e+00  4.74311858e-02 
 7.23036769e+00  4.74494233e-02 
 7.23781443e+00  4.74676609e-02 
 7.24526118e+00  4.74858984e-02 
 7.25270792e+00  4.75041360e-02 
 7.26015467e+00  4.75223735e-02 
 7.26760141e+00  4.75406110e-02 
 7.27504815e+00  4.75588486e-02 
 7.28249490e+00  4.75770861e-02 
 7.28994164e+00  4.75953237e-02 
 7.29738839e+00  4.76135612e-02 
 7.30483513e+00  4.76317987e-02 
 7.31228188e+00  4.76500363e-02 
 7.31972862e+00  4.76682738e-02 
 7.32717537e+00  4.76865114e-02 
 7.33462211e+00  4.77047489e-02 
 7.34206885e+00  4.77229864e-02 
 7.34951560e+00  4.77412240e-02 
 7.35696234e+00  4.77594615e-02 
 7.36440909e+00  4.77776991e-02 
 7.37185583e+00  4.77959366e-02 
 7.37930258e+00  4.78141741e-02 
 7.38674932e+00  4.78324117e-02 
 7.39419607e+00  4.78506492e-02 
 7.40164281e+00  4.78688868e-02 
 7.40908955e+00  4.78871243e-02 
 7.41653630e+00  4.79053618e-02 
 7.42398304e+00  4.79235994e-02 
 7.43142979e+00  4.79418369e-02 
 7.43887653e+00  4.79600745e-02 
 7.44632328e+00  4.79783120e-02 
 7.45377002e+00  4.79965495e-02 
 7.46121677e+00  4.80147871e-02 
 7.46866351e+00  4.80330246e-02 
 7.47611026e+00  4.80512622e-02 
 7.48355700e+00  4.80694997e-02 
 7.49100374e+00  4.80877372e-02 
 7.49845049e+00  4.81059748e-02 
 7.50589723e+00  4.81242123e-02 
 7.51334398e+00  4.81424498e-02 
 7.52079072e+00  4.81606874e-02 
 7.52823747e+00  4.81789249e-02 
 7.53568421e+00  4.81971625e-02 
 7.54313096e+00  4.82154000e-02 
 7.55057770e+00  4.82336375e-02 
 7.55802444e+00  4.82518751e-02 
 7.56547119e+00  4.82701126e-02 
 7.57291793e+00  4.82883502e-02 
 7.58036468e+00  4.83065877e-02 
 7.58781142e+00  4.83248252e-02 
 7.59525817e+00  4.83430628e-02 
 7.60270491e+00  4.83613003e-02 
 7.61015166e+00  4.83795379e-02 
 7.61759840e+00  4.83977754e-02 
 7.62504514e+00  4.84160129e-02 
 7.63249189e+00  4.84342505e-02 
 7.63993863e+00  4.84524880e-02 
 7.64738538e+00  4.84707256e-02 
 7.65483212e+00  4.84889631e-02 
 7.66227887e+00  4.85072006e-02 
 7.66972561e+00  4.85254382e-02 
 7.67717236e+00  4.85436757e-02 
 7.68461910e+00  4.85619133e-02 
 7.69206584e+00  4.85801508e-02 
 7.69951259e+00  4.85983883e-02 
 7.70695933e+00  4.86166259e-02 
 7.71440608e+00  4.86348634e-02 
 7.72185282e+00  4.86531010e-02 
 7.72929957e+00  4.86713385e-02 
 7.73674631e+00  4.86895760e-02 
 7.74419306e+00  4.87078136e-02 
 7.75163980e+00  4.87260511e-02 
 7.75908654e+00  4.87442887e-02 
 7.76653329e+00  4.87625262e-02 
 7.77398003e+00  4.87807637e-02 
 7.78142678e+00  4.87990013e-02 
 7.78887352e+00  4.88172388e-02 
 7.79632027e+00  4.88354764e-02 
 7.80376701e+00  4.88537139e-02 
 7.81121376e+00  4.88719514e-02 
 7.81866050e+00  4.88901890e-02 
