-3.32022592e+00 -1.66292064e-02 
-3.32010135e+00 -1.65586428e-02 
-3.31997981e+00 -1.64881023e-02 
-3.31985824e+00 -1.64175620e-02 
-3.31973659e+00 -1.63470223e-02 
-3.31961486e+00 -1.62764832e-02 
-3.31949305e+00 -1.62059446e-02 
-3.31937116e+00 -1.61354065e-02 
-3.31924919e+00 -1.60648690e-02 
-3.31912715e+00 -1.59943321e-02 
-3.31900502e+00 -1.59237957e-02 
-3.31888282e+00 -1.58532599e-02 
-3.31876053e+00 -1.57827246e-02 
-3.31863817e+00 -1.57121899e-02 
-3.31851572e+00 -1.56416558e-02 
-3.31839320e+00 -1.55711223e-02 
-3.31827059e+00 -1.55005893e-02 
-3.31814790e+00 -1.54300569e-02 
-3.31802513e+00 -1.53595250e-02 
-3.31790228e+00 -1.52889938e-02 
-3.31777934e+00 -1.52184631e-02 
-3.31765632e+00 -1.51479330e-02 
-3.31753322e+00 -1.50774035e-02 
-3.31741004e+00 -1.50068745e-02 
-3.31728677e+00 -1.49363462e-02 
-3.31716342e+00 -1.48658184e-02 
-3.31703999e+00 -1.47952913e-02 
-3.31691647e+00 -1.47247647e-02 
-3.31679286e+00 -1.46542387e-02 
-3.31666917e+00 -1.45837134e-02 
-3.31654540e+00 -1.45131886e-02 
-3.31642154e+00 -1.44426644e-02 
-3.31629759e+00 -1.43721409e-02 
-3.31617356e+00 -1.43016179e-02 
-3.31604944e+00 -1.42310956e-02 
-3.31592524e+00 -1.41605738e-02 
-3.31580094e+00 -1.40900527e-02 
-3.31567656e+00 -1.40195322e-02 
-3.31555210e+00 -1.39490123e-02 
-3.31542754e+00 -1.38784930e-02 
-3.31530290e+00 -1.38079744e-02 
-3.31517816e+00 -1.37374564e-02 
-3.31505334e+00 -1.36669390e-02 
-3.31492843e+00 -1.35964222e-02 
-3.31480343e+00 -1.35259061e-02 
-3.31467834e+00 -1.34553906e-02 
-3.31455315e+00 -1.33848757e-02 
-3.31442788e+00 -1.33143615e-02 
-3.31430252e+00 -1.32438480e-02 
-3.31417706e+00 -1.31733350e-02 
-3.31405152e+00 -1.31028227e-02 
-3.31392588e+00 -1.30323111e-02 
-3.31380014e+00 -1.29618001e-02 
-3.31367432e+00 -1.28912898e-02 
-3.31354840e+00 -1.28207801e-02 
-3.31342239e+00 -1.27502711e-02 
-3.31329629e+00 -1.26797628e-02 
-3.31317009e+00 -1.26092551e-02 
-3.31304379e+00 -1.25387481e-02 
-3.31291741e+00 -1.24682417e-02 
-3.31279092e+00 -1.23977360e-02 
-3.31266434e+00 -1.23272310e-02 
-3.31253767e+00 -1.22567267e-02 
-3.31241089e+00 -1.21862231e-02 
-3.31228403e+00 -1.21157201e-02 
-3.31215706e+00 -1.20452178e-02 
-3.31203000e+00 -1.19747163e-02 
-3.31190283e+00 -1.19042154e-02 
-3.31177557e+00 -1.18337152e-02 
-3.31164822e+00 -1.17632156e-02 
-3.31152076e+00 -1.16927168e-02 
-3.31139320e+00 -1.16222187e-02 
-3.31126555e+00 -1.15517213e-02 
-3.31113779e+00 -1.14812246e-02 
-3.31100993e+00 -1.14107286e-02 
-3.31088197e+00 -1.13402334e-02 
-3.31075392e+00 -1.12697388e-02 
-3.31062575e+00 -1.11992450e-02 
-3.31049749e+00 -1.11287519e-02 
-3.31036912e+00 -1.10582595e-02 
-3.31024066e+00 -1.09877678e-02 
-3.31011208e+00 -1.09172769e-02 
-3.30998341e+00 -1.08467867e-02 
-3.30985463e+00 -1.07762972e-02 
-3.30972574e+00 -1.07058085e-02 
-3.30959675e+00 -1.06353205e-02 
-3.30946766e+00 -1.05648333e-02 
-3.30933845e+00 -1.04943468e-02 
-3.30920915e+00 -1.04238610e-02 
-3.30907973e+00 -1.03533760e-02 
-3.30895021e+00 -1.02828918e-02 
-3.30882058e+00 -1.02124083e-02 
-3.30869084e+00 -1.01419256e-02 
-3.30856100e+00 -1.00714437e-02 
-3.30843104e+00 -1.00009625e-02 
-3.30830098e+00 -9.93048214e-03 
-3.30817080e+00 -9.86000252e-03 
-3.30804052e+00 -9.78952368e-03 
-3.30791013e+00 -9.71904562e-03 
-3.30777962e+00 -9.64856835e-03 
-3.30764900e+00 -9.57809187e-03 
-3.30751827e+00 -9.50761618e-03 
-3.30738743e+00 -9.43714129e-03 
-3.30725647e+00 -9.36666719e-03 
-3.30712540e+00 -9.29619390e-03 
-3.30699422e+00 -9.22572141e-03 
-3.30686292e+00 -9.15524974e-03 
-3.30673151e+00 -9.08477887e-03 
-3.30659998e+00 -9.01430883e-03 
-3.30646834e+00 -8.94383960e-03 
-3.30633658e+00 -8.87337119e-03 
-3.30620470e+00 -8.80290361e-03 
-3.30607271e+00 -8.73243686e-03 
-3.30594060e+00 -8.66197095e-03 
-3.30580837e+00 -8.59150587e-03 
-3.30567602e+00 -8.52104164e-03 
-3.30554355e+00 -8.45057824e-03 
-3.30541096e+00 -8.38011570e-03 
-3.30527825e+00 -8.30965401e-03 
-3.30514542e+00 -8.23919317e-03 
-3.30501247e+00 -8.16873320e-03 
-3.30487940e+00 -8.09827408e-03 
-3.30474620e+00 -8.02781584e-03 
-3.30461288e+00 -7.95735846e-03 
-3.30447944e+00 -7.88690196e-03 
-3.30434588e+00 -7.81644633e-03 
-3.30421218e+00 -7.74599159e-03 
-3.30407837e+00 -7.67553774e-03 
-3.30394443e+00 -7.60508477e-03 
-3.30381036e+00 -7.53463270e-03 
-3.30367616e+00 -7.46418153e-03 
-3.30354184e+00 -7.39373125e-03 
-3.30340739e+00 -7.32328189e-03 
-3.30327281e+00 -7.25283343e-03 
-3.30313810e+00 -7.18238589e-03 
-3.30300327e+00 -7.11193927e-03 
-3.30286830e+00 -7.04149356e-03 
-3.30273320e+00 -6.97104879e-03 
-3.30259797e+00 -6.90060494e-03 
-3.30246261e+00 -6.83016203e-03 
-3.30232711e+00 -6.75972006e-03 
-3.30219149e+00 -6.68927904e-03 
-3.30205573e+00 -6.61883896e-03 
-3.30191983e+00 -6.54839983e-03 
-3.30178380e+00 -6.47796166e-03 
-3.30164763e+00 -6.40752444e-03 
-3.30151133e+00 -6.33708820e-03 
-3.30137489e+00 -6.26665292e-03 
-3.30123831e+00 -6.19621862e-03 
-3.30110160e+00 -6.12578530e-03 
-3.30096475e+00 -6.05535296e-03 
-3.30082775e+00 -5.98492160e-03 
-3.30069062e+00 -5.91449124e-03 
-3.30055335e+00 -5.84406188e-03 
-3.30041593e+00 -5.77363352e-03 
-3.30027837e+00 -5.70320616e-03 
-3.30014067e+00 -5.63277981e-03 
-3.30000283e+00 -5.56235449e-03 
-3.29986484e+00 -5.49193018e-03 
-3.29972671e+00 -5.42150689e-03 
-3.29958844e+00 -5.35108464e-03 
-3.29945001e+00 -5.28066342e-03 
-3.29931144e+00 -5.21024325e-03 
-3.29917273e+00 -5.13982411e-03 
-3.29903386e+00 -5.06940603e-03 
-3.29889485e+00 -4.99898900e-03 
-3.29875568e+00 -4.92857304e-03 
-3.29861637e+00 -4.85815813e-03 
-3.29847691e+00 -4.78774430e-03 
-3.29833729e+00 -4.71733155e-03 
-3.29819752e+00 -4.64691987e-03 
-3.29805760e+00 -4.57650928e-03 
-3.29791752e+00 -4.50609979e-03 
-3.29777729e+00 -4.43569139e-03 
-3.29763691e+00 -4.36528409e-03 
-3.29749637e+00 -4.29487790e-03 
-3.29735567e+00 -4.22447282e-03 
-3.29721481e+00 -4.15406886e-03 
-3.29707380e+00 -4.08366603e-03 
-3.29693262e+00 -4.01326432e-03 
-3.29679129e+00 -3.94286375e-03 
-3.29664979e+00 -3.87246432e-03 
-3.29650814e+00 -3.80206604e-03 
-3.29636632e+00 -3.73166891e-03 
-3.29622434e+00 -3.66127294e-03 
-3.29608219e+00 -3.59087813e-03 
-3.29593988e+00 -3.52048449e-03 
-3.29579740e+00 -3.45009203e-03 
-3.29565476e+00 -3.37970075e-03 
-3.29551195e+00 -3.30931066e-03 
-3.29536897e+00 -3.23892176e-03 
-3.29522582e+00 -3.16853406e-03 
-3.29508251e+00 -3.09814757e-03 
-3.29493902e+00 -3.02776229e-03 
-3.29479536e+00 -2.95737823e-03 
-3.29465152e+00 -2.88699540e-03 
-3.29450752e+00 -2.81661379e-03 
-3.29436334e+00 -2.74623342e-03 
-3.29421898e+00 -2.67585430e-03 
-3.29407445e+00 -2.60547643e-03 
-3.29392974e+00 -2.53509981e-03 
-3.29378486e+00 -2.46472446e-03 
-3.29363979e+00 -2.39435038e-03 
-3.29349455e+00 -2.32397757e-03 
-3.29334912e+00 -2.25360605e-03 
-3.29320351e+00 -2.18323582e-03 
-3.29305772e+00 -2.11286689e-03 
-3.29291175e+00 -2.04249926e-03 
-3.29276559e+00 -1.97213294e-03 
-3.29261925e+00 -1.90176794e-03 
-3.29247271e+00 -1.83140427e-03 
-3.29232600e+00 -1.76104192e-03 
-3.29217909e+00 -1.69068092e-03 
-3.29203199e+00 -1.62032127e-03 
-3.29188471e+00 -1.54996297e-03 
-3.29173723e+00 -1.47960603e-03 
-3.29158956e+00 -1.40925046e-03 
-3.29144169e+00 -1.33889626e-03 
-3.29129363e+00 -1.26854345e-03 
-3.29114537e+00 -1.19819203e-03 
-3.29099692e+00 -1.12784201e-03 
-3.29084827e+00 -1.05749340e-03 
-3.29069942e+00 -9.87146205e-04 
-3.29055037e+00 -9.16800430e-04 
-3.29040112e+00 -8.46456086e-04 
-3.29025167e+00 -7.76113180e-04 
-3.29010201e+00 -7.05771721e-04 
-3.28995215e+00 -6.35431717e-04 
-3.28980208e+00 -5.65093175e-04 
-3.28965181e+00 -4.94756105e-04 
-3.28950132e+00 -4.24420514e-04 
-3.28935063e+00 -3.54086412e-04 
-3.28919973e+00 -2.83753805e-04 
-3.28904861e+00 -2.13422704e-04 
-3.28889729e+00 -1.43093116e-04 
-3.28874575e+00 -7.27650498e-05 
-3.28859399e+00 -2.43851495e-06 
-3.28844202e+00  6.78864801e-05 
-3.28828983e+00  1.38209926e-04 
-3.28813742e+00  2.08531815e-04 
-3.28798479e+00  2.78852137e-04 
-3.28783193e+00  3.49170883e-04 
-3.28767886e+00  4.19488043e-04 
-3.28752556e+00  4.89803610e-04 
-3.28737203e+00  5.60117572e-04 
-3.28721828e+00  6.30429921e-04 
-3.28706430e+00  7.00740648e-04 
-3.28691009e+00  7.71049741e-04 
-3.28675565e+00  8.41357193e-04 
-3.28660098e+00  9.11662993e-04 
-3.28644608e+00  9.81967130e-04 
-3.28629094e+00  1.05226960e-03 
-3.28613556e+00  1.12257038e-03 
-3.28597994e+00  1.19286947e-03 
-3.28582409e+00  1.26316686e-03 
-3.28566799e+00  1.33346254e-03 
-3.28551165e+00  1.40375649e-03 
-3.28535507e+00  1.47404871e-03 
-3.28519825e+00  1.54433918e-03 
-3.28504117e+00  1.61462790e-03 
-3.28488385e+00  1.68491486e-03 
-3.28472628e+00  1.75520004e-03 
-3.28456846e+00  1.82548342e-03 
-3.28441038e+00  1.89576501e-03 
-3.28425205e+00  1.96604479e-03 
-3.28409347e+00  2.03632275e-03 
-3.28393463e+00  2.10659888e-03 
-3.28377552e+00  2.17687316e-03 
-3.28361616e+00  2.24714558e-03 
-3.28345653e+00  2.31741614e-03 
-3.28329664e+00  2.38768482e-03 
-3.28313649e+00  2.45795160e-03 
-3.28297607e+00  2.52821648e-03 
-3.28281537e+00  2.59847944e-03 
-3.28265441e+00  2.66874048e-03 
-3.28249317e+00  2.73899957e-03 
-3.28233166e+00  2.80925671e-03 
-3.28216988e+00  2.87951189e-03 
-3.28200781e+00  2.94976508e-03 
-3.28184547e+00  3.02001629e-03 
-3.28168284e+00  3.09026548e-03 
-3.28151993e+00  3.16051266e-03 
-3.28135674e+00  3.23075781e-03 
-3.28119326e+00  3.30100091e-03 
-3.28102948e+00  3.37124196e-03 
-3.28086542e+00  3.44148093e-03 
-3.28070107e+00  3.51171781e-03 
-3.28053641e+00  3.58195259e-03 
-3.28037147e+00  3.65218526e-03 
-3.28020622e+00  3.72241580e-03 
-3.28004067e+00  3.79264420e-03 
-3.27987482e+00  3.86287044e-03 
-3.27970867e+00  3.93309450e-03 
-3.27954220e+00  4.00331638e-03 
-3.27937543e+00  4.07353606e-03 
-3.27920835e+00  4.14375352e-03 
-3.27904095e+00  4.21396874e-03 
-3.27887324e+00  4.28418172e-03 
-3.27870521e+00  4.35439243e-03 
-3.27853686e+00  4.42460086e-03 
-3.27836818e+00  4.49480699e-03 
-3.27819918e+00  4.56501082e-03 
-3.27802986e+00  4.63521231e-03 
-3.27786021e+00  4.70541146e-03 
-3.27769022e+00  4.77560824e-03 
-3.27751990e+00  4.84580265e-03 
-3.27734924e+00  4.91599466e-03 
-3.27717825e+00  4.98618426e-03 
-3.27700691e+00  5.05637143e-03 
-3.27683524e+00  5.12655615e-03 
-3.27666321e+00  5.19673841e-03 
-3.27649084e+00  5.26691818e-03 
-3.27631811e+00  5.33709545e-03 
-3.27614503e+00  5.40727020e-03 
-3.27597160e+00  5.47744241e-03 
-3.27579780e+00  5.54761206e-03 
-3.27562365e+00  5.61777913e-03 
-3.27544913e+00  5.68794361e-03 
-3.27527424e+00  5.75810548e-03 
-3.27509898e+00  5.82826471e-03 
-3.27492335e+00  5.89842128e-03 
-3.27474735e+00  5.96857518e-03 
-3.27457096e+00  6.03872638e-03 
-3.27439420e+00  6.10887487e-03 
-3.27421705e+00  6.17902062e-03 
-3.27403952e+00  6.24916362e-03 
-3.27386159e+00  6.31930383e-03 
-3.27368327e+00  6.38944125e-03 
-3.27350456e+00  6.45957584e-03 
-3.27332545e+00  6.52970759e-03 
-3.27314593e+00  6.59983648e-03 
-3.27296601e+00  6.66996247e-03 
-3.27278569e+00  6.74008556e-03 
-3.27260495e+00  6.81020571e-03 
-3.27242379e+00  6.88032290e-03 
-3.27224222e+00  6.95043711e-03 
-3.27206022e+00  7.02054831e-03 
-3.27187780e+00  7.09065649e-03 
-3.27169495e+00  7.16076161e-03 
-3.27151167e+00  7.23086365e-03 
-3.27132796e+00  7.30096259e-03 
-3.27114380e+00  7.37105840e-03 
-3.27095921e+00  7.44115106e-03 
-3.27077417e+00  7.51124054e-03 
-3.27058867e+00  7.58132680e-03 
-3.27040273e+00  7.65140984e-03 
-3.27021632e+00  7.72148962e-03 
-3.27002946e+00  7.79156610e-03 
-3.26984213e+00  7.86163928e-03 
-3.26965433e+00  7.93170911e-03 
-3.26946606e+00  8.00177556e-03 
-3.26927731e+00  8.07183862e-03 
-3.26908808e+00  8.14189825e-03 
-3.26889837e+00  8.21195442e-03 
-3.26870817e+00  8.28200710e-03 
-3.26851747e+00  8.35205626e-03 
-3.26832628e+00  8.42210188e-03 
-3.26813458e+00  8.49214391e-03 
-3.26794238e+00  8.56218233e-03 
-3.26774967e+00  8.63221711e-03 
-3.26755644e+00  8.70224822e-03 
-3.26736269e+00  8.77227561e-03 
-3.26716842e+00  8.84229927e-03 
-3.26697361e+00  8.91231915e-03 
-3.26677828e+00  8.98233522e-03 
-3.26658240e+00  9.05234745e-03 
-3.26638598e+00  9.12235580e-03 
-3.26618902e+00  9.19236024e-03 
-3.26599150e+00  9.26236073e-03 
-3.26579342e+00  9.33235724e-03 
-3.26559477e+00  9.40234972e-03 
-3.26539556e+00  9.47233814e-03 
-3.26519577e+00  9.54232247e-03 
-3.26499541e+00  9.61230266e-03 
-3.26479446e+00  9.68227868e-03 
-3.26459291e+00  9.75225048e-03 
-3.26439078e+00  9.82221803e-03 
-3.26418804e+00  9.89218129e-03 
-3.26398469e+00  9.96214021e-03 
-3.26378073e+00  1.00320948e-02 
-3.26357615e+00  1.01020449e-02 
-3.26337094e+00  1.01719905e-02 
-3.26316510e+00  1.02419317e-02 
-3.26295863e+00  1.03118683e-02 
-3.26275151e+00  1.03818003e-02 
-3.26254374e+00  1.04517277e-02 
-3.26233531e+00  1.05216504e-02 
-3.26212622e+00  1.05915683e-02 
-3.26191646e+00  1.06614815e-02 
-3.26170602e+00  1.07313898e-02 
-3.26149490e+00  1.08012933e-02 
-3.26128309e+00  1.08711918e-02 
-3.26107058e+00  1.09410854e-02 
-3.26085736e+00  1.10109739e-02 
-3.26064344e+00  1.10808574e-02 
-3.26042879e+00  1.11507357e-02 
-3.26021342e+00  1.12206088e-02 
-3.25999731e+00  1.12904767e-02 
-3.25978046e+00  1.13603393e-02 
-3.25956286e+00  1.14301965e-02 
-3.25934450e+00  1.15000483e-02 
-3.25912538e+00  1.15698946e-02 
-3.25890548e+00  1.16397355e-02 
-3.25868479e+00  1.17095707e-02 
-3.25846332e+00  1.17794003e-02 
-3.25824104e+00  1.18492241e-02 
-3.25801796e+00  1.19190422e-02 
-3.25779406e+00  1.19888545e-02 
-3.25756933e+00  1.20586608e-02 
-3.25734376e+00  1.21284612e-02 
-3.25711735e+00  1.21982555e-02 
-3.25689008e+00  1.22680438e-02 
-3.25666195e+00  1.23378258e-02 
-3.25643294e+00  1.24076016e-02 
-3.25620305e+00  1.24773711e-02 
-3.25597226e+00  1.25471343e-02 
-3.25574057e+00  1.26168909e-02 
-3.25550796e+00  1.26866410e-02 
-3.25527442e+00  1.27563845e-02 
-3.25503995e+00  1.28261213e-02 
-3.25480452e+00  1.28958513e-02 
-3.25456814e+00  1.29655744e-02 
-3.25433078e+00  1.30352907e-02 
-3.25409244e+00  1.31049998e-02 
-3.25385310e+00  1.31747019e-02 
-3.25361275e+00  1.32443968e-02 
-3.25337139e+00  1.33140844e-02 
-3.25312899e+00  1.33837646e-02 
-3.25288554e+00  1.34534374e-02 
-3.25264104e+00  1.35231026e-02 
-3.25239546e+00  1.35927601e-02 
-3.25214879e+00  1.36624099e-02 
-3.25190103e+00  1.37320518e-02 
-3.25165215e+00  1.38016858e-02 
-3.25140214e+00  1.38713117e-02 
-3.25115099e+00  1.39409294e-02 
-3.25089868e+00  1.40105389e-02 
-3.25064520e+00  1.40801400e-02 
-3.25039052e+00  1.41497326e-02 
-3.25013464e+00  1.42193166e-02 
-3.24987754e+00  1.42888918e-02 
-3.24961920e+00  1.43584583e-02 
-3.24935961e+00  1.44280157e-02 
-3.24909874e+00  1.44975641e-02 
-3.24883659e+00  1.45671033e-02 
-3.24857312e+00  1.46366331e-02 
-3.24830833e+00  1.47061535e-02 
-3.24804219e+00  1.47756642e-02 
-3.24777469e+00  1.48451653e-02 
-3.24750581e+00  1.49146564e-02 
-3.24723552e+00  1.49841375e-02 
-3.24696381e+00  1.50536085e-02 
-3.24669066e+00  1.51230691e-02 
-3.24641603e+00  1.51925193e-02 
-3.24613992e+00  1.52619588e-02 
-3.24586230e+00  1.53313876e-02 
-3.24558315e+00  1.54008054e-02 
-3.24530244e+00  1.54702121e-02 
-3.24502015e+00  1.55396075e-02 
-3.24473626e+00  1.56089915e-02 
-3.24445074e+00  1.56783638e-02 
-3.24416356e+00  1.57477244e-02 
-3.24387471e+00  1.58170729e-02 
-3.24358414e+00  1.58864092e-02 
-3.24329185e+00  1.59557332e-02 
-3.24299779e+00  1.60250446e-02 
-3.24270194e+00  1.60943432e-02 
-3.24240427e+00  1.61636288e-02 
-3.24210475e+00  1.62329011e-02 
-3.24180335e+00  1.63021601e-02 
-3.24150003e+00  1.63714054e-02 
-3.24119477e+00  1.64406368e-02 
-3.24088754e+00  1.65098541e-02 
-3.24057829e+00  1.65790570e-02 
-3.24026700e+00  1.66482453e-02 
-3.23995362e+00  1.67174187e-02 
-3.23963812e+00  1.67865770e-02 
-3.23932047e+00  1.68557199e-02 
-3.23900063e+00  1.69248471e-02 
-3.23867854e+00  1.69939584e-02 
-3.23835419e+00  1.70630534e-02 
-3.23802751e+00  1.71321319e-02 
-3.23769848e+00  1.72011935e-02 
-3.23736704e+00  1.72702379e-02 
-3.23703315e+00  1.73392649e-02 
-3.23669676e+00  1.74082740e-02 
-3.23635783e+00  1.74772649e-02 
-3.23601631e+00  1.75462373e-02 
-3.23567214e+00  1.76151908e-02 
-3.23532527e+00  1.76841251e-02 
-3.23497565e+00  1.77530397e-02 
-3.23462323e+00  1.78219343e-02 
-3.23426794e+00  1.78908084e-02 
-3.23390973e+00  1.79596616e-02 
-3.23354853e+00  1.80284935e-02 
-3.23318429e+00  1.80973037e-02 
-3.23281694e+00  1.81660917e-02 
-3.23244641e+00  1.82348570e-02 
-3.23207264e+00  1.83035991e-02 
-3.23169554e+00  1.83723175e-02 
-3.23131506e+00  1.84410116e-02 
-3.23093112e+00  1.85096811e-02 
-3.23054363e+00  1.85783252e-02 
-3.23015251e+00  1.86469435e-02 
-3.22975769e+00  1.87155352e-02 
-3.22935907e+00  1.87840999e-02 
-3.22895657e+00  1.88526368e-02 
-3.22855009e+00  1.89211453e-02 
-3.22813954e+00  1.89896247e-02 
-3.22772482e+00  1.90580744e-02 
-3.22730582e+00  1.91264935e-02 
-3.22688244e+00  1.91948813e-02 
-3.22645457e+00  1.92632370e-02 
-3.22602209e+00  1.93315598e-02 
-3.22558488e+00  1.93998489e-02 
-3.22514283e+00  1.94681033e-02 
-3.22469579e+00  1.95363222e-02 
-3.22424365e+00  1.96045045e-02 
-3.22378625e+00  1.96726494e-02 
-3.22332345e+00  1.97407557e-02 
-3.22285511e+00  1.98088223e-02 
-3.22238106e+00  1.98768483e-02 
-3.22190115e+00  1.99448323e-02 
-3.22141520e+00  2.00127732e-02 
-3.22092303e+00  2.00806697e-02 
-3.22042446e+00  2.01485205e-02 
-3.21991929e+00  2.02163242e-02 
-3.21940733e+00  2.02840793e-02 
-3.21888835e+00  2.03517843e-02 
-3.21836215e+00  2.04194377e-02 
-3.21782847e+00  2.04870378e-02 
-3.21728709e+00  2.05545828e-02 
-3.21673775e+00  2.06220710e-02 
-3.21618018e+00  2.06895003e-02 
-3.21561409e+00  2.07568689e-02 
-3.21503920e+00  2.08241746e-02 
-3.21445519e+00  2.08914151e-02 
-3.21386174e+00  2.09585883e-02 
-3.21325850e+00  2.10256915e-02 
-3.21264511e+00  2.10927222e-02 
-3.21202119e+00  2.11596777e-02 
-3.21138633e+00  2.12265551e-02 
-3.21074011e+00  2.12933513e-02 
-3.21008207e+00  2.13600632e-02 
-3.20941175e+00  2.14266872e-02 
-3.20872862e+00  2.14932199e-02 
-3.20803216e+00  2.15596573e-02 
-3.20732180e+00  2.16259954e-02 
-3.20659693e+00  2.16922299e-02 
-3.20585690e+00  2.17583562e-02 
-3.20510102e+00  2.18243693e-02 
-3.20432857e+00  2.18902640e-02 
-3.20353876e+00  2.19560347e-02 
-3.20273076e+00  2.20216754e-02 
-3.20190366e+00  2.20871799e-02 
-3.20105651e+00  2.21525410e-02 
-3.20018827e+00  2.22177516e-02 
-3.19929783e+00  2.22828037e-02 
-3.19838401e+00  2.23476887e-02 
-3.19744550e+00  2.24123975e-02 
-3.19648093e+00  2.24769200e-02 
-3.19548878e+00  2.25412457e-02 
-3.19446742e+00  2.26053627e-02 
-3.19341508e+00  2.26692585e-02 
-3.19232984e+00  2.27329193e-02 
-3.19120960e+00  2.27963301e-02 
-3.19005206e+00  2.28594746e-02 
-3.18885472e+00  2.29223349e-02 
-3.18761485e+00  2.29848914e-02 
-3.18632942e+00  2.30471226e-02 
-3.18499514e+00  2.31090048e-02 
-3.18360834e+00  2.31705120e-02 
-3.18216500e+00  2.32316155e-02 
-3.18066066e+00  2.32922833e-02 
-3.17909039e+00  2.33524803e-02 
-3.17744870e+00  2.34121673e-02 
-3.17572950e+00  2.34713008e-02 
-3.17392601e+00  2.35298324e-02 
-3.17203068e+00  2.35877080e-02 
-3.17003509e+00  2.36448677e-02 
-3.16792985e+00  2.37012445e-02 
-3.16570454e+00  2.37567638e-02 
-3.16334756e+00  2.38113429e-02 
-3.16084609e+00  2.38648902e-02 
-3.15818602e+00  2.39173049e-02 
-3.15535195e+00  2.39684771e-02 
-3.15232727e+00  2.40182883e-02 
-3.14909438e+00  2.40666128e-02 
-3.14563503e+00  2.41133202e-02 
-3.14193094e+00  2.41582800e-02 
-3.13796461e+00  2.42013673e-02 
-3.13372050e+00  2.42424711e-02 
-3.12918637e+00  2.42815042e-02 
-3.12435475e+00  2.43184131e-02 
-3.11922428e+00  2.43531882e-02 
-3.11380066e+00  2.43858702e-02 
-3.10809687e+00  2.44165517e-02 
-3.10213253e+00  2.44453731e-02 
-3.09593253e+00  2.44725118e-02 
-3.08952503e+00  2.44981690e-02 
-3.08293937e+00  2.45225543e-02 
-3.07620418e+00  2.45458720e-02 
-3.06934597e+00  2.45683114e-02 
-3.06238824e+00  2.45900404e-02 
-3.05535114e+00  2.46112027e-02 
-3.04825144e+00  2.46319182e-02 
-3.04110284e+00  2.46522845e-02 
-3.03391631e+00  2.46723800e-02 
-3.02670050e+00  2.46922667e-02 
-3.01946222e+00  2.47119928e-02 
-3.01220673e+00  2.47315961e-02 
-3.00493810e+00  2.47511057e-02 
-2.99765946e+00  2.47705437e-02 
-2.99037319e+00  2.47899273e-02 
-2.98308112e+00  2.48092696e-02 
-2.97578465e+00  2.48285804e-02 
-2.96848483e+00  2.48478673e-02 
-2.96118247e+00  2.48671361e-02 
-2.95387818e+00  2.48863911e-02 
-2.94657242e+00  2.49056357e-02 
-2.93926555e+00  2.49248723e-02 
-2.93195784e+00  2.49441029e-02 
-2.92464949e+00  2.49633289e-02 
-2.91734065e+00  2.49825515e-02 
-2.91003143e+00  2.50017714e-02 
-2.90272194e+00  2.50209893e-02 
-2.89541223e+00  2.50402056e-02 
-2.88810236e+00  2.50594208e-02 
-2.88079237e+00  2.50786351e-02 
-2.87348228e+00  2.50978488e-02 
-2.86617212e+00  2.51170619e-02 
-2.85886190e+00  2.51362747e-02 
-2.85155164e+00  2.51554871e-02 
-2.84424135e+00  2.51746993e-02 
-2.83693104e+00  2.51939113e-02 
-2.82962070e+00  2.52131233e-02 
-2.82231036e+00  2.52323351e-02 
-2.81500000e+00  2.52515468e-02 
-2.80768963e+00  2.52707585e-02 
-2.80037926e+00  2.52899701e-02 
-2.79306888e+00  2.53091817e-02 
-2.78575850e+00  2.53283932e-02 
-2.77844812e+00  2.53476048e-02 
-2.77113773e+00  2.53668163e-02 
-2.76382734e+00  2.53860278e-02 
-2.75651695e+00  2.54052393e-02 
-2.74920656e+00  2.54244508e-02 
-2.74189617e+00  2.54436623e-02 
-2.73458578e+00  2.54628738e-02 
-2.72727539e+00  2.54820853e-02 
-2.71996500e+00  2.55012968e-02 
-2.71265460e+00  2.55205082e-02 
-2.70534421e+00  2.55397197e-02 
-2.69803382e+00  2.55589312e-02 
-2.69072342e+00  2.55781427e-02 
-2.68341303e+00  2.55973542e-02 
-2.67610264e+00  2.56165656e-02 
-2.66879224e+00  2.56357771e-02 
-2.66148185e+00  2.56549886e-02 
-2.65417146e+00  2.56742000e-02 
-2.64686106e+00  2.56934115e-02 
-2.63955067e+00  2.57126230e-02 
-2.63224028e+00  2.57318345e-02 
-2.62492988e+00  2.57510459e-02 
-2.61761949e+00  2.57702574e-02 
-2.61030909e+00  2.57894689e-02 
-2.60299870e+00  2.58086804e-02 
-2.59568831e+00  2.58278918e-02 
-2.58837791e+00  2.58471033e-02 
-2.58106752e+00  2.58663148e-02 
-2.57375712e+00  2.58855263e-02 
-2.56644673e+00  2.59047377e-02 
-2.55913634e+00  2.59239492e-02 
-2.55182594e+00  2.59431607e-02 
-2.54451555e+00  2.59623721e-02 
-2.53720516e+00  2.59815836e-02 
-2.52989476e+00  2.60007951e-02 
-2.52258437e+00  2.60200066e-02 
-2.51527397e+00  2.60392180e-02 
-2.50796358e+00  2.60584295e-02 
-2.50065319e+00  2.60776410e-02 
-2.49334279e+00  2.60968525e-02 
-2.48603240e+00  2.61160639e-02 
-2.47872201e+00  2.61352754e-02 
-2.47141161e+00  2.61544869e-02 
-2.46410122e+00  2.61736983e-02 
-2.45679082e+00  2.61929098e-02 
-2.44948043e+00  2.62121213e-02 
-2.44217004e+00  2.62313328e-02 
-2.43485964e+00  2.62505442e-02 
-2.42754925e+00  2.62697557e-02 
-2.42023886e+00  2.62889672e-02 
-2.41292846e+00  2.63081787e-02 
-2.40561807e+00  2.63273901e-02 
-2.39830767e+00  2.63466016e-02 
-2.39099728e+00  2.63658131e-02 
-2.38368689e+00  2.63850245e-02 
-2.37637649e+00  2.64042360e-02 
-2.36906610e+00  2.64234475e-02 
-2.36175570e+00  2.64426590e-02 
-2.35444531e+00  2.64618704e-02 
-2.34713492e+00  2.64810819e-02 
-2.33982452e+00  2.65002934e-02 
-2.33251413e+00  2.65195049e-02 
-2.32520374e+00  2.65387163e-02 
-2.31789334e+00  2.65579278e-02 
-2.31058295e+00  2.65771393e-02 
-2.30327255e+00  2.65963507e-02 
-2.29596216e+00  2.66155622e-02 
-2.28865177e+00  2.66347737e-02 
-2.28134137e+00  2.66539852e-02 
-2.27403098e+00  2.66731966e-02 
-2.26672059e+00  2.66924081e-02 
-2.25941019e+00  2.67116196e-02 
-2.25209980e+00  2.67308311e-02 
-2.24478940e+00  2.67500425e-02 
-2.23747901e+00  2.67692540e-02 
-2.23016862e+00  2.67884655e-02 
-2.22285822e+00  2.68076769e-02 
-2.21554783e+00  2.68268884e-02 
-2.20823744e+00  2.68460999e-02 
-2.20092704e+00  2.68653114e-02 
-2.19361665e+00  2.68845228e-02 
-2.18630625e+00  2.69037343e-02 
-2.17899586e+00  2.69229458e-02 
-2.17168547e+00  2.69421573e-02 
-2.16437507e+00  2.69613687e-02 
-2.15706468e+00  2.69805802e-02 
-2.14975428e+00  2.69997917e-02 
-2.14244389e+00  2.70190032e-02 
-2.13513350e+00  2.70382146e-02 
-2.12782310e+00  2.70574261e-02 
-2.12051271e+00  2.70766376e-02 
-2.11320232e+00  2.70958490e-02 
-2.10589192e+00  2.71150605e-02 
-2.09858153e+00  2.71342720e-02 
-2.09127113e+00  2.71534835e-02 
-2.08396074e+00  2.71726949e-02 
-2.07665035e+00  2.71919064e-02 
-2.06933995e+00  2.72111179e-02 
-2.06202956e+00  2.72303294e-02 
-2.05471917e+00  2.72495408e-02 
-2.04740877e+00  2.72687523e-02 
-2.04009838e+00  2.72879638e-02 
-2.03278798e+00  2.73071752e-02 
-2.02547759e+00  2.73263867e-02 
-2.01816720e+00  2.73455982e-02 
-2.01085680e+00  2.73648097e-02 
-2.00354641e+00  2.73840211e-02 
-1.99623601e+00  2.74032326e-02 
-1.98892562e+00  2.74224441e-02 
-1.98161523e+00  2.74416556e-02 
-1.97430483e+00  2.74608670e-02 
-1.96699444e+00  2.74800785e-02 
-1.95968405e+00  2.74992900e-02 
-1.95237365e+00  2.75185014e-02 
-1.94506326e+00  2.75377129e-02 
-1.93775286e+00  2.75569244e-02 
-1.93044247e+00  2.75761359e-02 
-1.92313208e+00  2.75953473e-02 
-1.91582168e+00  2.76145588e-02 
-1.90851129e+00  2.76337703e-02 
-1.90120090e+00  2.76529818e-02 
-1.89389050e+00  2.76721932e-02 
-1.88658011e+00  2.76914047e-02 
-1.87926971e+00  2.77106162e-02 
-1.87195932e+00  2.77298276e-02 
-1.86464893e+00  2.77490391e-02 
-1.85733853e+00  2.77682506e-02 
-1.85002814e+00  2.77874621e-02 
-1.84271775e+00  2.78066735e-02 
-1.83540735e+00  2.78258850e-02 
-1.82809696e+00  2.78450965e-02 
-1.82078656e+00  2.78643080e-02 
-1.81347617e+00  2.78835194e-02 
-1.80616578e+00  2.79027309e-02 
-1.79885538e+00  2.79219424e-02 
-1.79154499e+00  2.79411538e-02 
-1.78423459e+00  2.79603653e-02 
-1.77692420e+00  2.79795768e-02 
-1.76961381e+00  2.79987883e-02 
-1.76230341e+00  2.80179997e-02 
-1.75499302e+00  2.80372112e-02 
-1.74768263e+00  2.80564227e-02 
-1.74037223e+00  2.80756342e-02 
-1.73306184e+00  2.80948456e-02 
-1.72575144e+00  2.81140571e-02 
-1.71844105e+00  2.81332686e-02 
-1.71113066e+00  2.81524800e-02 
-1.70382026e+00  2.81716915e-02 
-1.69650987e+00  2.81909030e-02 
-1.68919948e+00  2.82101145e-02 
-1.68188908e+00  2.82293259e-02 
-1.67457869e+00  2.82485374e-02 
-1.66726829e+00  2.82677489e-02 
-1.65995790e+00  2.82869604e-02 
-1.65264751e+00  2.83061718e-02 
-1.64533711e+00  2.83253833e-02 
-1.63802672e+00  2.83445948e-02 
-1.63071632e+00  2.83638063e-02 
-1.62340593e+00  2.83830177e-02 
-1.61609554e+00  2.84022292e-02 
-1.60878514e+00  2.84214407e-02 
-1.60147475e+00  2.84406521e-02 
-1.59416436e+00  2.84598636e-02 
-1.58685396e+00  2.84790751e-02 
-1.57954357e+00  2.84982866e-02 
-1.57223317e+00  2.85174980e-02 
-1.56492278e+00  2.85367095e-02 
-1.55761239e+00  2.85559210e-02 
-1.55030199e+00  2.85751325e-02 
-1.54299160e+00  2.85943439e-02 
-1.53568121e+00  2.86135554e-02 
-1.52837081e+00  2.86327669e-02 
-1.52106042e+00  2.86519783e-02 
-1.51375002e+00  2.86711898e-02 
-1.50643963e+00  2.86904013e-02 
-1.49912924e+00  2.87096128e-02 
-1.49181884e+00  2.87288242e-02 
-1.48450845e+00  2.87480357e-02 
-1.47719806e+00  2.87672472e-02 
-1.46988766e+00  2.87864587e-02 
-1.46257727e+00  2.88056701e-02 
-1.45526687e+00  2.88248816e-02 
-1.44795648e+00  2.88440931e-02 
-1.44064609e+00  2.88633045e-02 
-1.43333569e+00  2.88825160e-02 
-1.42602530e+00  2.89017275e-02 
-1.41871490e+00  2.89209390e-02 
-1.41140451e+00  2.89401504e-02 
-1.40409412e+00  2.89593619e-02 
-1.39678372e+00  2.89785734e-02 
-1.38947333e+00  2.89977849e-02 
-1.38216294e+00  2.90169963e-02 
-1.37485254e+00  2.90362078e-02 
-1.36754215e+00  2.90554193e-02 
-1.36023175e+00  2.90746307e-02 
-1.35292136e+00  2.90938422e-02 
-1.34561097e+00  2.91130537e-02 
-1.33830057e+00  2.91322652e-02 
-1.33099018e+00  2.91514766e-02 
-1.32367979e+00  2.91706881e-02 
-1.31636939e+00  2.91898996e-02 
-1.30905900e+00  2.92091111e-02 
-1.30174860e+00  2.92283225e-02 
-1.29443821e+00  2.92475340e-02 
-1.28712782e+00  2.92667455e-02 
-1.27981742e+00  2.92859569e-02 
-1.27250703e+00  2.93051684e-02 
-1.26519663e+00  2.93243799e-02 
-1.25788624e+00  2.93435914e-02 
-1.25057585e+00  2.93628028e-02 
-1.24326545e+00  2.93820143e-02 
-1.23595506e+00  2.94012258e-02 
-1.22864467e+00  2.94204373e-02 
-1.22133427e+00  2.94396487e-02 
-1.21402388e+00  2.94588602e-02 
-1.20671348e+00  2.94780717e-02 
-1.19940309e+00  2.94972832e-02 
-1.19209270e+00  2.95164946e-02 
-1.18478230e+00  2.95357061e-02 
-1.17747191e+00  2.95549176e-02 
-1.17016152e+00  2.95741290e-02 
-1.16285112e+00  2.95933405e-02 
-1.15554073e+00  2.96125520e-02 
-1.14823033e+00  2.96317635e-02 
-1.14091994e+00  2.96509749e-02 
-1.13360955e+00  2.96701864e-02 
-1.12629915e+00  2.96893979e-02 
-1.11898876e+00  2.97086094e-02 
-1.11167837e+00  2.97278208e-02 
-1.10436797e+00  2.97470323e-02 
-1.09705758e+00  2.97662438e-02 
-1.08974718e+00  2.97854552e-02 
-1.08243679e+00  2.98046667e-02 
-1.07512640e+00  2.98238782e-02 
-1.06781600e+00  2.98430897e-02 
-1.06050561e+00  2.98623011e-02 
-1.05319521e+00  2.98815126e-02 
-1.04588482e+00  2.99007241e-02 
-1.03857443e+00  2.99199356e-02 
-1.03126403e+00  2.99391470e-02 
-1.02395364e+00  2.99583585e-02 
-1.01664325e+00  2.99775700e-02 
-1.00933285e+00  2.99967814e-02 
-1.00202246e+00  3.00159929e-02 
-9.94712064e-01  3.00352044e-02 
-9.87401671e-01  3.00544159e-02 
-9.80091277e-01  3.00736273e-02 
-9.72780883e-01  3.00928388e-02 
-9.65470489e-01  3.01120503e-02 
-9.58160095e-01  3.01312618e-02 
-9.50849702e-01  3.01504732e-02 
-9.43539308e-01  3.01696847e-02 
-9.36228914e-01  3.01888962e-02 
-9.28918520e-01  3.02081076e-02 
-9.21608126e-01  3.02273191e-02 
-9.14297733e-01  3.02465306e-02 
-9.06987339e-01  3.02657421e-02 
-8.99676945e-01  3.02849535e-02 
-8.92366551e-01  3.03041650e-02 
-8.85056157e-01  3.03233765e-02 
-8.77745764e-01  3.03425880e-02 
-8.70435370e-01  3.03617994e-02 
-8.63124976e-01  3.03810109e-02 
-8.55814582e-01  3.04002224e-02 
-8.48504188e-01  3.04194338e-02 
-8.41193795e-01  3.04386453e-02 
-8.33883401e-01  3.04578568e-02 
-8.26573007e-01  3.04770683e-02 
-8.19262613e-01  3.04962797e-02 
-8.11952219e-01  3.05154912e-02 
-8.04641826e-01  3.05347027e-02 
-7.97331432e-01  3.05539142e-02 
-7.90021038e-01  3.05731256e-02 
-7.82710644e-01  3.05923371e-02 
-7.75400250e-01  3.06115486e-02 
-7.68089857e-01  3.06307600e-02 
-7.60779463e-01  3.06499715e-02 
-7.53469069e-01  3.06691830e-02 
-7.46158675e-01  3.06883945e-02 
-7.38848281e-01  3.07076059e-02 
-7.31537888e-01  3.07268174e-02 
-7.24227494e-01  3.07460289e-02 
-7.16917100e-01  3.07652404e-02 
-7.09606706e-01  3.07844518e-02 
-7.02296312e-01  3.08036633e-02 
-6.94985919e-01  3.08228748e-02 
-6.87675525e-01  3.08420863e-02 
-6.80365131e-01  3.08612977e-02 
-6.73054737e-01  3.08805092e-02 
-6.65744343e-01  3.08997207e-02 
-6.58433950e-01  3.09189321e-02 
-6.51123556e-01  3.09381436e-02 
-6.43813162e-01  3.09573551e-02 
-6.36502768e-01  3.09765666e-02 
-6.29192374e-01  3.09957780e-02 
-6.21881981e-01  3.10149895e-02 
-6.14571587e-01  3.10342010e-02 
-6.07261193e-01  3.10534125e-02 
-5.99950799e-01  3.10726239e-02 
-5.92640405e-01  3.10918354e-02 
-5.85330012e-01  3.11110469e-02 
-5.78019618e-01  3.11302583e-02 
-5.70709224e-01  3.11494698e-02 
-5.63398830e-01  3.11686813e-02 
-5.56088436e-01  3.11878928e-02 
-5.48778043e-01  3.12071042e-02 
-5.41467649e-01  3.12263157e-02 
-5.34157255e-01  3.12455272e-02 
-5.26846861e-01  3.12647387e-02 
-5.19536467e-01  3.12839501e-02 
-5.12226074e-01  3.13031616e-02 
-5.04915680e-01  3.13223731e-02 
-4.97605286e-01  3.13415845e-02 
-4.90294892e-01  3.13607960e-02 
-4.82984498e-01  3.13800075e-02 
-4.75674105e-01  3.13992190e-02 
-4.68363711e-01  3.14184304e-02 
-4.61053317e-01  3.14376419e-02 
-4.53742923e-01  3.14568534e-02 
-4.46432529e-01  3.14760649e-02 
-4.39122136e-01  3.14952763e-02 
-4.31811742e-01  3.15144878e-02 
-4.24501348e-01  3.15336993e-02 
-4.17190954e-01  3.15529107e-02 
-4.09880560e-01  3.15721222e-02 
-4.02570167e-01  3.15913337e-02 
-3.95259773e-01  3.16105452e-02 
-3.87949379e-01  3.16297566e-02 
-3.80638985e-01  3.16489681e-02 
-3.73328591e-01  3.16681796e-02 
-3.66018198e-01  3.16873911e-02 
-3.58707804e-01  3.17066025e-02 
-3.51397410e-01  3.17258140e-02 
-3.44087016e-01  3.17450255e-02 
-3.36776622e-01  3.17642369e-02 
-3.29466229e-01  3.17834484e-02 
-3.22155835e-01  3.18026599e-02 
-3.14845441e-01  3.18218714e-02 
-3.07535047e-01  3.18410828e-02 
-3.00224653e-01  3.18602943e-02 
-2.92914260e-01  3.18795058e-02 
-2.85603866e-01  3.18987173e-02 
-2.78293472e-01  3.19179287e-02 
-2.70983078e-01  3.19371402e-02 
-2.63672684e-01  3.19563517e-02 
-2.56362291e-01  3.19755631e-02 
-2.49051897e-01  3.19947746e-02 
-2.41741503e-01  3.20139861e-02 
-2.34431109e-01  3.20331976e-02 
-2.27120715e-01  3.20524090e-02 
-2.19810322e-01  3.20716205e-02 
-2.12499928e-01  3.20908320e-02 
-2.05189534e-01  3.21100435e-02 
-1.97879140e-01  3.21292549e-02 
-1.90568746e-01  3.21484664e-02 
-1.83258353e-01  3.21676779e-02 
-1.75947959e-01  3.21868894e-02 
-1.68637565e-01  3.22061008e-02 
-1.61327171e-01  3.22253123e-02 
-1.54016777e-01  3.22445238e-02 
-1.46706384e-01  3.22637352e-02 
-1.39395990e-01  3.22829467e-02 
-1.32085596e-01  3.23021582e-02 
-1.24775202e-01  3.23213697e-02 
-1.17464808e-01  3.23405811e-02 
-1.10154415e-01  3.23597926e-02 
-1.02844021e-01  3.23790041e-02 
-9.55336270e-02  3.23982156e-02 
-8.82232332e-02  3.24174270e-02 
-8.09128394e-02  3.24366385e-02 
-7.36024456e-02  3.24558500e-02 
-6.62920518e-02  3.24750614e-02 
-5.89816580e-02  3.24942729e-02 
-5.16712642e-02  3.25134844e-02 
-4.43608704e-02  3.25326959e-02 
-3.70504766e-02  3.25519073e-02 
-2.97400828e-02  3.25711188e-02 
-2.24296890e-02  3.25903303e-02 
-1.51192952e-02  3.26095418e-02 
-7.80890142e-03  3.26287532e-02 
-4.98507617e-04  3.26479647e-02 
 6.81188618e-03  3.26671762e-02 
 1.41222800e-02  3.26863876e-02 
 2.14326738e-02  3.27055991e-02 
 2.87430676e-02  3.27248106e-02 
 3.60534614e-02  3.27440221e-02 
 4.33638552e-02  3.27632335e-02 
 5.06742490e-02  3.27824450e-02 
 5.79846428e-02  3.28016565e-02 
 6.52950366e-02  3.28208680e-02 
 7.26054304e-02  3.28400794e-02 
 7.99158242e-02  3.28592909e-02 
 8.72262180e-02  3.28785024e-02 
 9.45366118e-02  3.28977138e-02 
 1.01847006e-01  3.29169253e-02 
 1.09157399e-01  3.29361368e-02 
 1.16467793e-01  3.29553483e-02 
 1.23778187e-01  3.29745597e-02 
 1.31088581e-01  3.29937712e-02 
 1.38398975e-01  3.30129827e-02 
 1.45709368e-01  3.30321942e-02 
 1.53019762e-01  3.30514056e-02 
 1.60330156e-01  3.30706171e-02 
 1.67640550e-01  3.30898286e-02 
 1.74950944e-01  3.31090400e-02 
 1.82261337e-01  3.31282515e-02 
 1.89571731e-01  3.31474630e-02 
 1.96882125e-01  3.31666745e-02 
 2.04192519e-01  3.31858859e-02 
 2.11502913e-01  3.32050974e-02 
 2.18813306e-01  3.32243089e-02 
 2.26123700e-01  3.32435204e-02 
 2.33434094e-01  3.32627318e-02 
 2.40744488e-01  3.32819433e-02 
 2.48054882e-01  3.33011548e-02 
 2.55365275e-01  3.33203663e-02 
 2.62675669e-01  3.33395777e-02 
 2.69986063e-01  3.33587892e-02 
 2.77296457e-01  3.33780007e-02 
 2.84606851e-01  3.33972121e-02 
 2.91917244e-01  3.34164236e-02 
 2.99227638e-01  3.34356351e-02 
 3.06538032e-01  3.34548466e-02 
 3.13848426e-01  3.34740580e-02 
 3.21158820e-01  3.34932695e-02 
 3.28469213e-01  3.35124810e-02 
 3.35779607e-01  3.35316925e-02 
 3.43090001e-01  3.35509039e-02 
 3.50400395e-01  3.35701154e-02 
 3.57710789e-01  3.35893269e-02 
 3.65021182e-01  3.36085383e-02 
 3.72331576e-01  3.36277498e-02 
 3.79641970e-01  3.36469613e-02 
 3.86952364e-01  3.36661728e-02 
 3.94262758e-01  3.36853842e-02 
 4.01573151e-01  3.37045957e-02 
 4.08883545e-01  3.37238072e-02 
 4.16193939e-01  3.37430187e-02 
 4.23504333e-01  3.37622301e-02 
 4.30814727e-01  3.37814416e-02 
 4.38125120e-01  3.38006531e-02 
 4.45435514e-01  3.38198645e-02 
 4.52745908e-01  3.38390760e-02 
 4.60056302e-01  3.38582875e-02 
 4.67366696e-01  3.38774990e-02 
 4.74677089e-01  3.38967104e-02 
 4.81987483e-01  3.39159219e-02 
 4.89297877e-01  3.39351334e-02 
 4.96608271e-01  3.39543449e-02 
 5.03918665e-01  3.39735563e-02 
 5.11229058e-01  3.39927678e-02 
 5.18539452e-01  3.40119793e-02 
 5.25849846e-01  3.40311907e-02 
 5.33160240e-01  3.40504022e-02 
 5.40470634e-01  3.40696137e-02 
 5.47781027e-01  3.40888252e-02 
 5.55091421e-01  3.41080366e-02 
 5.62401815e-01  3.41272481e-02 
 5.69712209e-01  3.41464596e-02 
 5.77022603e-01  3.41656711e-02 
 5.84332996e-01  3.41848825e-02 
 5.91643390e-01  3.42040940e-02 
 5.98953784e-01  3.42233055e-02 
 6.06264178e-01  3.42425169e-02 
 6.13574571e-01  3.42617284e-02 
 6.20884965e-01  3.42809399e-02 
 6.28195359e-01  3.43001514e-02 
 6.35505753e-01  3.43193628e-02 
 6.42816147e-01  3.43385743e-02 
 6.50126540e-01  3.43577858e-02 
 6.57436934e-01  3.43769973e-02 
 6.64747328e-01  3.43962087e-02 
 6.72057722e-01  3.44154202e-02 
 6.79368116e-01  3.44346317e-02 
 6.86678509e-01  3.44538431e-02 
 6.93988903e-01  3.44730546e-02 
 7.01299297e-01  3.44922661e-02 
 7.08609691e-01  3.45114776e-02 
 7.15920085e-01  3.45306890e-02 
 7.23230478e-01  3.45499005e-02 
 7.30540872e-01  3.45691120e-02 
 7.37851266e-01  3.45883235e-02 
 7.45161660e-01  3.46075349e-02 
 7.52472054e-01  3.46267464e-02 
 7.59782447e-01  3.46459579e-02 
 7.67092841e-01  3.46651694e-02 
 7.74403235e-01  3.46843808e-02 
 7.81713629e-01  3.47035923e-02 
 7.89024023e-01  3.47228038e-02 
 7.96334416e-01  3.47420152e-02 
 8.03644810e-01  3.47612267e-02 
 8.10955204e-01  3.47804382e-02 
 8.18265598e-01  3.47996497e-02 
 8.25575992e-01  3.48188611e-02 
 8.32886385e-01  3.48380726e-02 
 8.40196779e-01  3.48572841e-02 
 8.47507173e-01  3.48764956e-02 
 8.54817567e-01  3.48957070e-02 
 8.62127961e-01  3.49149185e-02 
 8.69438354e-01  3.49341300e-02 
 8.76748748e-01  3.49533414e-02 
 8.84059142e-01  3.49725529e-02 
 8.91369536e-01  3.49917644e-02 
 8.98679930e-01  3.50109759e-02 
 9.05990323e-01  3.50301873e-02 
 9.13300717e-01  3.50493988e-02 
 9.20611111e-01  3.50686103e-02 
 9.27921505e-01  3.50878218e-02 
 9.35231899e-01  3.51070332e-02 
 9.42542292e-01  3.51262447e-02 
 9.49852686e-01  3.51454562e-02 
 9.57163080e-01  3.51646676e-02 
 9.64473474e-01  3.51838791e-02 
 9.71783868e-01  3.52030906e-02 
 9.79094261e-01  3.52223021e-02 
 9.86404655e-01  3.52415135e-02 
 9.93715049e-01  3.52607250e-02 
 1.00102544e+00  3.52799365e-02 
 1.00833584e+00  3.52991480e-02 
 1.01564623e+00  3.53183594e-02 
 1.02295662e+00  3.53375709e-02 
 1.03026702e+00  3.53567824e-02 
 1.03757741e+00  3.53759938e-02 
 1.04488781e+00  3.53952053e-02 
 1.05219820e+00  3.54144168e-02 
 1.05950859e+00  3.54336283e-02 
 1.06681899e+00  3.54528397e-02 
 1.07412938e+00  3.54720512e-02 
 1.08143977e+00  3.54912627e-02 
 1.08875017e+00  3.55104742e-02 
 1.09606056e+00  3.55296856e-02 
 1.10337096e+00  3.55488971e-02 
 1.11068135e+00  3.55681086e-02 
 1.11799174e+00  3.55873200e-02 
 1.12530214e+00  3.56065315e-02 
 1.13261253e+00  3.56257430e-02 
 1.13992293e+00  3.56449545e-02 
 1.14723332e+00  3.56641659e-02 
 1.15454371e+00  3.56833774e-02 
 1.16185411e+00  3.57025889e-02 
 1.16916450e+00  3.57218004e-02 
 1.17647489e+00  3.57410118e-02 
 1.18378529e+00  3.57602233e-02 
 1.19109568e+00  3.57794348e-02 
 1.19840608e+00  3.57986462e-02 
 1.20571647e+00  3.58178577e-02 
 1.21302686e+00  3.58370692e-02 
 1.22033726e+00  3.58562807e-02 
 1.22764765e+00  3.58754921e-02 
 1.23495804e+00  3.58947036e-02 
 1.24226844e+00  3.59139151e-02 
 1.24957883e+00  3.59331266e-02 
 1.25688923e+00  3.59523380e-02 
 1.26419962e+00  3.59715495e-02 
 1.27151001e+00  3.59907610e-02 
 1.27882041e+00  3.60099725e-02 
 1.28613080e+00  3.60291839e-02 
 1.29344119e+00  3.60483954e-02 
 1.30075159e+00  3.60676069e-02 
 1.30806198e+00  3.60868183e-02 
 1.31537238e+00  3.61060298e-02 
 1.32268277e+00  3.61252413e-02 
 1.32999316e+00  3.61444528e-02 
 1.33730356e+00  3.61636642e-02 
 1.34461395e+00  3.61828757e-02 
 1.35192435e+00  3.62020872e-02 
 1.35923474e+00  3.62212987e-02 
 1.36654513e+00  3.62405101e-02 
 1.37385553e+00  3.62597216e-02 
 1.38116592e+00  3.62789331e-02 
 1.38847631e+00  3.62981445e-02 
 1.39578671e+00  3.63173560e-02 
 1.40309710e+00  3.63365675e-02 
 1.41040750e+00  3.63557790e-02 
 1.41771789e+00  3.63749904e-02 
 1.42502828e+00  3.63942019e-02 
 1.43233868e+00  3.64134134e-02 
 1.43964907e+00  3.64326249e-02 
 1.44695946e+00  3.64518363e-02 
 1.45426986e+00  3.64710478e-02 
 1.46158025e+00  3.64902593e-02 
 1.46889065e+00  3.65094707e-02 
 1.47620104e+00  3.65286822e-02 
 1.48351143e+00  3.65478937e-02 
 1.49082183e+00  3.65671052e-02 
 1.49813222e+00  3.65863166e-02 
 1.50544261e+00  3.66055281e-02 
 1.51275301e+00  3.66247396e-02 
 1.52006340e+00  3.66439511e-02 
 1.52737380e+00  3.66631625e-02 
 1.53468419e+00  3.66823740e-02 
 1.54199458e+00  3.67015855e-02 
 1.54930498e+00  3.67207969e-02 
 1.55661537e+00  3.67400084e-02 
 1.56392577e+00  3.67592199e-02 
 1.57123616e+00  3.67784314e-02 
 1.57854655e+00  3.67976428e-02 
 1.58585695e+00  3.68168543e-02 
 1.59316734e+00  3.68360658e-02 
 1.60047773e+00  3.68552773e-02 
 1.60778813e+00  3.68744887e-02 
 1.61509852e+00  3.68937002e-02 
 1.62240892e+00  3.69129117e-02 
 1.62971931e+00  3.69321231e-02 
 1.63702970e+00  3.69513346e-02 
 1.64434010e+00  3.69705461e-02 
 1.65165049e+00  3.69897576e-02 
 1.65896088e+00  3.70089690e-02 
 1.66627128e+00  3.70281805e-02 
 1.67358167e+00  3.70473920e-02 
 1.68089207e+00  3.70666035e-02 
 1.68820246e+00  3.70858149e-02 
 1.69551285e+00  3.71050264e-02 
 1.70282325e+00  3.71242379e-02 
 1.71013364e+00  3.71434494e-02 
 1.71744404e+00  3.71626608e-02 
 1.72475443e+00  3.71818723e-02 
 1.73206482e+00  3.72010838e-02 
 1.73937522e+00  3.72202952e-02 
 1.74668561e+00  3.72395067e-02 
 1.75399600e+00  3.72587182e-02 
 1.76130640e+00  3.72779297e-02 
 1.76861679e+00  3.72971411e-02 
 1.77592719e+00  3.73163526e-02 
 1.78323758e+00  3.73355641e-02 
 1.79054797e+00  3.73547756e-02 
 1.79785837e+00  3.73739870e-02 
 1.80516876e+00  3.73931985e-02 
 1.81247915e+00  3.74124100e-02 
 1.81978955e+00  3.74316214e-02 
 1.82709994e+00  3.74508329e-02 
 1.83441034e+00  3.74700444e-02 
 1.84172073e+00  3.74892559e-02 
 1.84903112e+00  3.75084673e-02 
 1.85634152e+00  3.75276788e-02 
 1.86365191e+00  3.75468903e-02 
 1.87096230e+00  3.75661018e-02 
 1.87827270e+00  3.75853132e-02 
 1.88558309e+00  3.76045247e-02 
 1.89289349e+00  3.76237362e-02 
 1.90020388e+00  3.76429476e-02 
 1.90751427e+00  3.76621591e-02 
 1.91482467e+00  3.76813706e-02 
 1.92213506e+00  3.77005821e-02 
 1.92944546e+00  3.77197935e-02 
 1.93675585e+00  3.77390050e-02 
 1.94406624e+00  3.77582165e-02 
 1.95137664e+00  3.77774280e-02 
 1.95868703e+00  3.77966394e-02 
 1.96599742e+00  3.78158509e-02 
 1.97330782e+00  3.78350624e-02 
 1.98061821e+00  3.78542738e-02 
 1.98792861e+00  3.78734853e-02 
 1.99523900e+00  3.78926968e-02 
 2.00254939e+00  3.79119083e-02 
 2.00985979e+00  3.79311197e-02 
 2.01717018e+00  3.79503312e-02 
 2.02448057e+00  3.79695427e-02 
 2.03179097e+00  3.79887542e-02 
 2.03910136e+00  3.80079656e-02 
 2.04641176e+00  3.80271771e-02 
 2.05372215e+00  3.80463886e-02 
 2.06103254e+00  3.80656000e-02 
 2.06834294e+00  3.80848115e-02 
 2.07565333e+00  3.81040230e-02 
 2.08296373e+00  3.81232345e-02 
 2.09027412e+00  3.81424459e-02 
 2.09758451e+00  3.81616574e-02 
 2.10489491e+00  3.81808689e-02 
 2.11220530e+00  3.82000804e-02 
 2.11951569e+00  3.82192918e-02 
 2.12682609e+00  3.82385033e-02 
 2.13413648e+00  3.82577148e-02 
 2.14144688e+00  3.82769262e-02 
 2.14875727e+00  3.82961377e-02 
 2.15606766e+00  3.83153492e-02 
 2.16337806e+00  3.83345607e-02 
 2.17068845e+00  3.83537721e-02 
 2.17799884e+00  3.83729836e-02 
 2.18530924e+00  3.83921951e-02 
 2.19261963e+00  3.84114066e-02 
 2.19993003e+00  3.84306180e-02 
 2.20724042e+00  3.84498295e-02 
 2.21455081e+00  3.84690410e-02 
 2.22186121e+00  3.84882525e-02 
 2.22917160e+00  3.85074639e-02 
 2.23648199e+00  3.85266754e-02 
 2.24379239e+00  3.85458869e-02 
 2.25110278e+00  3.85650983e-02 
 2.25841318e+00  3.85843098e-02 
 2.26572357e+00  3.86035213e-02 
 2.27303396e+00  3.86227328e-02 
 2.28034436e+00  3.86419442e-02 
 2.28765475e+00  3.86611557e-02 
 2.29496515e+00  3.86803672e-02 
 2.30227554e+00  3.86995787e-02 
 2.30958593e+00  3.87187901e-02 
 2.31689633e+00  3.87380016e-02 
 2.32420672e+00  3.87572131e-02 
 2.33151711e+00  3.87764245e-02 
 2.33882751e+00  3.87956360e-02 
 2.34613790e+00  3.88148475e-02 
 2.35344830e+00  3.88340590e-02 
 2.36075869e+00  3.88532704e-02 
 2.36806908e+00  3.88724819e-02 
 2.37537948e+00  3.88916934e-02 
 2.38268987e+00  3.89109049e-02 
 2.39000026e+00  3.89301163e-02 
 2.39731066e+00  3.89493278e-02 
 2.40462105e+00  3.89685393e-02 
 2.41193145e+00  3.89877507e-02 
 2.41924184e+00  3.90069622e-02 
 2.42655223e+00  3.90261737e-02 
 2.43386263e+00  3.90453852e-02 
 2.44117302e+00  3.90645966e-02 
 2.44848341e+00  3.90838081e-02 
 2.45579381e+00  3.91030196e-02 
 2.46310420e+00  3.91222311e-02 
 2.47041460e+00  3.91414425e-02 
 2.47772499e+00  3.91606540e-02 
 2.48503538e+00  3.91798655e-02 
 2.49234578e+00  3.91990769e-02 
 2.49965617e+00  3.92182884e-02 
 2.50696657e+00  3.92374999e-02 
 2.51427696e+00  3.92567114e-02 
 2.52158735e+00  3.92759228e-02 
 2.52889775e+00  3.92951343e-02 
 2.53620814e+00  3.93143458e-02 
 2.54351853e+00  3.93335573e-02 
 2.55082893e+00  3.93527687e-02 
 2.55813932e+00  3.93719802e-02 
 2.56544972e+00  3.93911917e-02 
 2.57276011e+00  3.94104031e-02 
 2.58007050e+00  3.94296146e-02 
 2.58738090e+00  3.94488261e-02 
 2.59469129e+00  3.94680376e-02 
 2.60200168e+00  3.94872490e-02 
 2.60931208e+00  3.95064605e-02 
 2.61662247e+00  3.95256720e-02 
 2.62393287e+00  3.95448835e-02 
 2.63124326e+00  3.95640949e-02 
 2.63855365e+00  3.95833064e-02 
 2.64586405e+00  3.96025179e-02 
 2.65317444e+00  3.96217294e-02 
 2.66048484e+00  3.96409408e-02 
 2.66779523e+00  3.96601523e-02 
 2.67510562e+00  3.96793638e-02 
 2.68241602e+00  3.96985752e-02 
 2.68972641e+00  3.97177867e-02 
 2.69703680e+00  3.97369982e-02 
 2.70434720e+00  3.97562097e-02 
 2.71165759e+00  3.97754211e-02 
 2.71896799e+00  3.97946326e-02 
 2.72627838e+00  3.98138441e-02 
 2.73358877e+00  3.98330556e-02 
 2.74089917e+00  3.98522670e-02 
 2.74820956e+00  3.98714785e-02 
 2.75551995e+00  3.98906900e-02 
 2.76283035e+00  3.99099014e-02 
 2.77014074e+00  3.99291129e-02 
 2.77745114e+00  3.99483244e-02 
 2.78476153e+00  3.99675359e-02 
 2.79207192e+00  3.99867473e-02 
 2.79938232e+00  4.00059588e-02 
 2.80669271e+00  4.00251703e-02 
 2.81400310e+00  4.00443818e-02 
 2.82131350e+00  4.00635932e-02 
 2.82862389e+00  4.00828047e-02 
 2.83593429e+00  4.01020162e-02 
 2.84324468e+00  4.01212276e-02 
 2.85055507e+00  4.01404391e-02 
 2.85786547e+00  4.01596506e-02 
 2.86517586e+00  4.01788621e-02 
 2.87248626e+00  4.01980735e-02 
 2.87979665e+00  4.02172850e-02 
 2.88710704e+00  4.02364965e-02 
 2.89441744e+00  4.02557080e-02 
 2.90172783e+00  4.02749194e-02 
 2.90903822e+00  4.02941309e-02 
 2.91634862e+00  4.03133424e-02 
 2.92365901e+00  4.03325538e-02 
 2.93096941e+00  4.03517653e-02 
 2.93827980e+00  4.03709768e-02 
 2.94559019e+00  4.03901883e-02 
 2.95290059e+00  4.04093997e-02 
 2.96021098e+00  4.04286112e-02 
 2.96752137e+00  4.04478227e-02 
 2.97483177e+00  4.04670342e-02 
 2.98214216e+00  4.04862456e-02 
 2.98945256e+00  4.05054571e-02 
 2.99676295e+00  4.05246686e-02 
 3.00407334e+00  4.05438800e-02 
 3.01138374e+00  4.05630915e-02 
 3.01869413e+00  4.05823030e-02 
 3.02600453e+00  4.06015145e-02 
 3.03331492e+00  4.06207259e-02 
 3.04062531e+00  4.06399374e-02 
 3.04793571e+00  4.06591489e-02 
 3.05524610e+00  4.06783604e-02 
 3.06255649e+00  4.06975718e-02 
 3.06986689e+00  4.07167833e-02 
 3.07717728e+00  4.07359948e-02 
 3.08448768e+00  4.07552062e-02 
 3.09179807e+00  4.07744177e-02 
 3.09910846e+00  4.07936292e-02 
 3.10641886e+00  4.08128407e-02 
 3.11372925e+00  4.08320521e-02 
 3.12103964e+00  4.08512636e-02 
 3.12835004e+00  4.08704751e-02 
 3.13566043e+00  4.08896866e-02 
 3.14297083e+00  4.09088980e-02 
 3.15028122e+00  4.09281095e-02 
 3.15759161e+00  4.09473210e-02 
 3.16490201e+00  4.09665325e-02 
 3.17221240e+00  4.09857439e-02 
 3.17952279e+00  4.10049554e-02 
 3.18683319e+00  4.10241669e-02 
 3.19414358e+00  4.10433783e-02 
 3.20145398e+00  4.10625898e-02 
 3.20876437e+00  4.10818013e-02 
 3.21607476e+00  4.11010128e-02 
 3.22338516e+00  4.11202242e-02 
 3.23069555e+00  4.11394357e-02 
 3.23800595e+00  4.11586472e-02 
 3.24531634e+00  4.11778587e-02 
 3.25262673e+00  4.11970701e-02 
 3.25993713e+00  4.12162816e-02 
 3.26724752e+00  4.12354931e-02 
 3.27455791e+00  4.12547045e-02 
 3.28186831e+00  4.12739160e-02 
 3.28917870e+00  4.12931275e-02 
 3.29648910e+00  4.13123390e-02 
 3.30379949e+00  4.13315504e-02 
 3.31110988e+00  4.13507619e-02 
 3.31842028e+00  4.13699734e-02 
 3.32573067e+00  4.13891849e-02 
 3.33304106e+00  4.14083963e-02 
 3.34035146e+00  4.14276078e-02 
 3.34766185e+00  4.14468193e-02 
 3.35497225e+00  4.14660307e-02 
 3.36228264e+00  4.14852422e-02 
 3.36959303e+00  4.15044537e-02 
 3.37690343e+00  4.15236652e-02 
 3.38421382e+00  4.15428766e-02 
 3.39152421e+00  4.15620881e-02 
 3.39883461e+00  4.15812996e-02 
 3.40614500e+00  4.16005111e-02 
 3.41345540e+00  4.16197225e-02 
 3.42076579e+00  4.16389340e-02 
 3.42807618e+00  4.16581455e-02 
 3.43538658e+00  4.16773569e-02 
 3.44269697e+00  4.16965684e-02 
 3.45000737e+00  4.17157799e-02 
 3.45731776e+00  4.17349914e-02 
 3.46462815e+00  4.17542028e-02 
 3.47193855e+00  4.17734143e-02 
 3.47924894e+00  4.17926258e-02 
 3.48655933e+00  4.18118373e-02 
 3.49386973e+00  4.18310487e-02 
 3.50118012e+00  4.18502602e-02 
 3.50849052e+00  4.18694717e-02 
 3.51580091e+00  4.18886831e-02 
 3.52311130e+00  4.19078946e-02 
 3.53042170e+00  4.19271061e-02 
 3.53773209e+00  4.19463176e-02 
 3.54504248e+00  4.19655290e-02 
 3.55235288e+00  4.19847405e-02 
 3.55966327e+00  4.20039520e-02 
 3.56697367e+00  4.20231635e-02 
 3.57428406e+00  4.20423749e-02 
 3.58159445e+00  4.20615864e-02 
 3.58890485e+00  4.20807979e-02 
 3.59621524e+00  4.21000094e-02 
 3.60352564e+00  4.21192208e-02 
 3.61083603e+00  4.21384323e-02 
 3.61814642e+00  4.21576438e-02 
 3.62545682e+00  4.21768552e-02 
 3.63276721e+00  4.21960667e-02 
 3.64007760e+00  4.22152782e-02 
 3.64738800e+00  4.22344897e-02 
 3.65469839e+00  4.22537011e-02 
 3.66200879e+00  4.22729126e-02 
 3.66931918e+00  4.22921241e-02 
 3.67662957e+00  4.23113356e-02 
 3.68393997e+00  4.23305470e-02 
 3.69125036e+00  4.23497585e-02 
 3.69856075e+00  4.23689700e-02 
 3.70587115e+00  4.23881814e-02 
 3.71318154e+00  4.24073929e-02 
 3.72049194e+00  4.24266044e-02 
 3.72780233e+00  4.24458159e-02 
 3.73511272e+00  4.24650273e-02 
 3.74242312e+00  4.24842388e-02 
 3.74973351e+00  4.25034503e-02 
 3.75704390e+00  4.25226618e-02 
 3.76435430e+00  4.25418732e-02 
 3.77166469e+00  4.25610847e-02 
 3.77897509e+00  4.25802962e-02 
 3.78628548e+00  4.25995076e-02 
 3.79359587e+00  4.26187191e-02 
 3.80090627e+00  4.26379306e-02 
 3.80821666e+00  4.26571421e-02 
 3.81552706e+00  4.26763535e-02 
 3.82283745e+00  4.26955650e-02 
 3.83014784e+00  4.27147765e-02 
 3.83745824e+00  4.27339880e-02 
 3.84476863e+00  4.27531994e-02 
 3.85207902e+00  4.27724109e-02 
 3.85938942e+00  4.27916224e-02 
 3.86669981e+00  4.28108338e-02 
 3.87401021e+00  4.28300453e-02 
 3.88132060e+00  4.28492568e-02 
 3.88863099e+00  4.28684683e-02 
 3.89594139e+00  4.28876797e-02 
 3.90325178e+00  4.29068912e-02 
 3.91056217e+00  4.29261027e-02 
 3.91787257e+00  4.29453142e-02 
 3.92518296e+00  4.29645256e-02 
 3.93249336e+00  4.29837371e-02 
 3.93980375e+00  4.30029486e-02 
 3.94711414e+00  4.30221600e-02 
 3.95442454e+00  4.30413715e-02 
 3.96173493e+00  4.30605830e-02 
 3.96904532e+00  4.30797945e-02 
 3.97635572e+00  4.30990059e-02 
 3.98366611e+00  4.31182174e-02 
 3.99097651e+00  4.31374289e-02 
 3.99828690e+00  4.31566404e-02 
 4.00559729e+00  4.31758518e-02 
 4.01290769e+00  4.31950633e-02 
 4.02021808e+00  4.32142748e-02 
 4.02752848e+00  4.32334862e-02 
 4.03483887e+00  4.32526977e-02 
 4.04214926e+00  4.32719092e-02 
 4.04945966e+00  4.32911207e-02 
 4.05677005e+00  4.33103321e-02 
 4.06408044e+00  4.33295436e-02 
 4.07139084e+00  4.33487551e-02 
 4.07870123e+00  4.33679666e-02 
 4.08601163e+00  4.33871780e-02 
 4.09332202e+00  4.34063895e-02 
 4.10063241e+00  4.34256010e-02 
 4.10794281e+00  4.34448125e-02 
 4.11525320e+00  4.34640239e-02 
 4.12256359e+00  4.34832354e-02 
 4.12987399e+00  4.35024469e-02 
 4.13718438e+00  4.35216583e-02 
 4.14449478e+00  4.35408698e-02 
 4.15180517e+00  4.35600813e-02 
 4.15911556e+00  4.35792928e-02 
 4.16642596e+00  4.35985042e-02 
 4.17373635e+00  4.36177157e-02 
 4.18104675e+00  4.36369272e-02 
 4.18835714e+00  4.36561387e-02 
 4.19566753e+00  4.36753501e-02 
 4.20297793e+00  4.36945616e-02 
 4.21028832e+00  4.37137731e-02 
 4.21759871e+00  4.37329845e-02 
 4.22490911e+00  4.37521960e-02 
 4.23221950e+00  4.37714075e-02 
 4.23952990e+00  4.37906190e-02 
 4.24684029e+00  4.38098304e-02 
 4.25415068e+00  4.38290419e-02 
 4.26146108e+00  4.38482534e-02 
 4.26877147e+00  4.38674649e-02 
 4.27608186e+00  4.38866763e-02 
 4.28339226e+00  4.39058878e-02 
 4.29070265e+00  4.39250993e-02 
 4.29801305e+00  4.39443107e-02 
 4.30532344e+00  4.39635222e-02 
 4.31263383e+00  4.39827337e-02 
 4.31994423e+00  4.40019452e-02 
 4.32725462e+00  4.40211566e-02 
 4.33456501e+00  4.40403681e-02 
 4.34187541e+00  4.40595796e-02 
 4.34918580e+00  4.40787911e-02 
 4.35649620e+00  4.40980025e-02 
 4.36380659e+00  4.41172140e-02 
 4.37111698e+00  4.41364255e-02 
 4.37842738e+00  4.41556369e-02 
 4.38573777e+00  4.41748484e-02 
 4.39304817e+00  4.41940599e-02 
 4.40035856e+00  4.42132714e-02 
 4.40766895e+00  4.42324828e-02 
 4.41497935e+00  4.42516943e-02 
 4.42228974e+00  4.42709058e-02 
 4.42960013e+00  4.42901173e-02 
 4.43691053e+00  4.43093287e-02 
 4.44422092e+00  4.43285402e-02 
 4.45153132e+00  4.43477517e-02 
 4.45884171e+00  4.43669631e-02 
 4.46615210e+00  4.43861746e-02 
 4.47346250e+00  4.44053861e-02 
 4.48077289e+00  4.44245976e-02 
 4.48808328e+00  4.44438090e-02 
 4.49539368e+00  4.44630205e-02 
 4.50270407e+00  4.44822320e-02 
 4.51001447e+00  4.45014435e-02 
 4.51732486e+00  4.45206549e-02 
 4.52463525e+00  4.45398664e-02 
 4.53194565e+00  4.45590779e-02 
 4.53925604e+00  4.45782894e-02 
 4.54656644e+00  4.45975008e-02 
 4.55387683e+00  4.46167123e-02 
 4.56118722e+00  4.46359238e-02 
 4.56849762e+00  4.46551352e-02 
 4.57580801e+00  4.46743467e-02 
 4.58311840e+00  4.46935582e-02 
 4.59042880e+00  4.47127697e-02 
 4.59773919e+00  4.47319811e-02 
 4.60504959e+00  4.47511926e-02 
 4.61235998e+00  4.47704041e-02 
 4.61967037e+00  4.47896156e-02 
 4.62698077e+00  4.48088270e-02 
 4.63429116e+00  4.48280385e-02 
 4.64160155e+00  4.48472500e-02 
 4.64891195e+00  4.48664614e-02 
 4.65622234e+00  4.48856729e-02 
 4.66353274e+00  4.49048844e-02 
 4.67084313e+00  4.49240959e-02 
 4.67815352e+00  4.49433073e-02 
 4.68546392e+00  4.49625188e-02 
 4.69277431e+00  4.49817303e-02 
 4.70008470e+00  4.50009418e-02 
 4.70739510e+00  4.50201532e-02 
 4.71470549e+00  4.50393647e-02 
 4.72201589e+00  4.50585762e-02 
 4.72932628e+00  4.50777876e-02 
 4.73663667e+00  4.50969991e-02 
 4.74394707e+00  4.51162106e-02 
 4.75125746e+00  4.51354221e-02 
 4.75856786e+00  4.51546335e-02 
 4.76587825e+00  4.51738450e-02 
 4.77318864e+00  4.51930565e-02 
 4.78049904e+00  4.52122680e-02 
 4.78780943e+00  4.52314794e-02 
 4.79511982e+00  4.52506909e-02 
 4.80243022e+00  4.52699024e-02 
 4.80974061e+00  4.52891138e-02 
 4.81705101e+00  4.53083253e-02 
 4.82436140e+00  4.53275368e-02 
 4.83167179e+00  4.53467483e-02 
 4.83898219e+00  4.53659597e-02 
 4.84629258e+00  4.53851712e-02 
 4.85360297e+00  4.54043827e-02 
 4.86091337e+00  4.54235942e-02 
 4.86822376e+00  4.54428056e-02 
 4.87553416e+00  4.54620171e-02 
 4.88284455e+00  4.54812286e-02 
 4.89015494e+00  4.55004400e-02 
 4.89746534e+00  4.55196515e-02 
 4.90477573e+00  4.55388630e-02 
 4.91208612e+00  4.55580745e-02 
 4.91939652e+00  4.55772859e-02 
 4.92670691e+00  4.55964974e-02 
 4.93401731e+00  4.56157089e-02 
 4.94132770e+00  4.56349204e-02 
 4.94863809e+00  4.56541318e-02 
 4.95594849e+00  4.56733433e-02 
 4.96325888e+00  4.56925548e-02 
 4.97056928e+00  4.57117663e-02 
 4.97787967e+00  4.57309777e-02 
 4.98519006e+00  4.57501892e-02 
 4.99250046e+00  4.57694007e-02 
 4.99981085e+00  4.57886121e-02 
 5.00712124e+00  4.58078236e-02 
 5.01443164e+00  4.58270351e-02 
 5.02174203e+00  4.58462466e-02 
 5.02905243e+00  4.58654580e-02 
 5.03636282e+00  4.58846695e-02 
 5.04367321e+00  4.59038810e-02 
 5.05098361e+00  4.59230925e-02 
 5.05829400e+00  4.59423039e-02 
 5.06560439e+00  4.59615154e-02 
 5.07291479e+00  4.59807269e-02 
 5.08022518e+00  4.59999383e-02 
 5.08753558e+00  4.60191498e-02 
 5.09484597e+00  4.60383613e-02 
 5.10215636e+00  4.60575728e-02 
 5.10946676e+00  4.60767842e-02 
 5.11677715e+00  4.60959957e-02 
 5.12408755e+00  4.61152072e-02 
 5.13139794e+00  4.61344187e-02 
 5.13870833e+00  4.61536301e-02 
 5.14601873e+00  4.61728416e-02 
 5.15332912e+00  4.61920531e-02 
 5.16063951e+00  4.62112645e-02 
 5.16794991e+00  4.62304760e-02 
 5.17526030e+00  4.62496875e-02 
 5.18257070e+00  4.62688990e-02 
 5.18988109e+00  4.62881104e-02 
 5.19719148e+00  4.63073219e-02 
 5.20450188e+00  4.63265334e-02 
 5.21181227e+00  4.63457449e-02 
 5.21912266e+00  4.63649563e-02 
 5.22643306e+00  4.63841678e-02 
 5.23374345e+00  4.64033793e-02 
 5.24105385e+00  4.64225907e-02 
 5.24836424e+00  4.64418022e-02 
 5.25567463e+00  4.64610137e-02 
 5.26298503e+00  4.64802252e-02 
 5.27029542e+00  4.64994366e-02 
 5.27760581e+00  4.65186481e-02 
 5.28491621e+00  4.65378596e-02 
 5.29222660e+00  4.65570711e-02 
 5.29953700e+00  4.65762825e-02 
 5.30684739e+00  4.65954940e-02 
 5.31415778e+00  4.66147055e-02 
 5.32146818e+00  4.66339169e-02 
 5.32877857e+00  4.66531284e-02 
 5.33608897e+00  4.66723399e-02 
 5.34339936e+00  4.66915514e-02 
 5.35070975e+00  4.67107628e-02 
 5.35802015e+00  4.67299743e-02 
 5.36533054e+00  4.67491858e-02 
 5.37264093e+00  4.67683973e-02 
 5.37995133e+00  4.67876087e-02 
 5.38726172e+00  4.68068202e-02 
 5.39457212e+00  4.68260317e-02 
 5.40188251e+00  4.68452432e-02 
 5.40919290e+00  4.68644546e-02 
 5.41650330e+00  4.68836661e-02 
 5.42381369e+00  4.69028776e-02 
 5.43112408e+00  4.69220890e-02 
 5.43843448e+00  4.69413005e-02 
 5.44574487e+00  4.69605120e-02 
 5.45305527e+00  4.69797235e-02 
 5.46036566e+00  4.69989349e-02 
 5.46767605e+00  4.70181464e-02 
 5.47498645e+00  4.70373579e-02 
 5.48229684e+00  4.70565694e-02 
 5.48960723e+00  4.70757808e-02 
 5.49691763e+00  4.70949923e-02 
 5.50422802e+00  4.71142038e-02 
 5.51153842e+00  4.71334152e-02 
 5.51884881e+00  4.71526267e-02 
 5.52615920e+00  4.71718382e-02 
 5.53346960e+00  4.71910497e-02 
 5.54077999e+00  4.72102611e-02 
 5.54809039e+00  4.72294726e-02 
 5.55540078e+00  4.72486841e-02 
 5.56271117e+00  4.72678956e-02 
 5.57002157e+00  4.72871070e-02 
 5.57733196e+00  4.73063185e-02 
 5.58464235e+00  4.73255300e-02 
 5.59195275e+00  4.73447414e-02 
 5.59926314e+00  4.73639529e-02 
 5.60657354e+00  4.73831644e-02 
 5.61388393e+00  4.74023759e-02 
 5.62119432e+00  4.74215873e-02 
 5.62850472e+00  4.74407988e-02 
 5.63581511e+00  4.74600103e-02 
 5.64312550e+00  4.74792218e-02 
 5.65043590e+00  4.74984332e-02 
 5.65774629e+00  4.75176447e-02 
 5.66505669e+00  4.75368562e-02 
 5.67236708e+00  4.75560676e-02 
 5.67967747e+00  4.75752791e-02 
 5.68698787e+00  4.75944906e-02 
 5.69429826e+00  4.76137021e-02 
 5.70160866e+00  4.76329135e-02 
 5.70891905e+00  4.76521250e-02 
 5.71622944e+00  4.76713365e-02 
 5.72353984e+00  4.76905480e-02 
 5.73085023e+00  4.77097594e-02 
 5.73816062e+00  4.77289709e-02 
 5.74547102e+00  4.77481824e-02 
 5.75278141e+00  4.77673938e-02 
 5.76009181e+00  4.77866053e-02 
 5.76740220e+00  4.78058168e-02 
 5.77471259e+00  4.78250283e-02 
 5.78202299e+00  4.78442397e-02 
 5.78933338e+00  4.78634512e-02 
 5.79664377e+00  4.78826627e-02 
 5.80395417e+00  4.79018742e-02 
 5.81126456e+00  4.79210856e-02 
 5.81857496e+00  4.79402971e-02 
 5.82588535e+00  4.79595086e-02 
 5.83319574e+00  4.79787200e-02 
 5.84050614e+00  4.79979315e-02 
 5.84781653e+00  4.80171430e-02 
 5.85512692e+00  4.80363545e-02 
 5.86243732e+00  4.80555659e-02 
 5.86974771e+00  4.80747774e-02 
 5.87705811e+00  4.80939889e-02 
 5.88436850e+00  4.81132004e-02 
 5.89167889e+00  4.81324118e-02 
 5.89898929e+00  4.81516233e-02 
 5.90629968e+00  4.81708348e-02 
 5.91361008e+00  4.81900463e-02 
 5.92092047e+00  4.82092577e-02 
 5.92823086e+00  4.82284692e-02 
 5.93554126e+00  4.82476807e-02 
 5.94285165e+00  4.82668921e-02 
 5.95016204e+00  4.82861036e-02 
 5.95747244e+00  4.83053151e-02 
 5.96478283e+00  4.83245266e-02 
 5.97209323e+00  4.83437380e-02 
 5.97940362e+00  4.83629495e-02 
 5.98671401e+00  4.83821610e-02 
 5.99402441e+00  4.84013725e-02 
 6.00133480e+00  4.84205839e-02 
 6.00864519e+00  4.84397954e-02 
 6.01595559e+00  4.84590069e-02 
 6.02326598e+00  4.84782183e-02 
 6.03057638e+00  4.84974298e-02 
 6.03788677e+00  4.85166413e-02 
 6.04519716e+00  4.85358528e-02 
 6.05250756e+00  4.85550642e-02 
 6.05981795e+00  4.85742757e-02 
 6.06712834e+00  4.85934872e-02 
 6.07443874e+00  4.86126987e-02 
 6.08174913e+00  4.86319101e-02 
 6.08905953e+00  4.86511216e-02 
 6.09636992e+00  4.86703331e-02 
 6.10368031e+00  4.86895445e-02 
 6.11099071e+00  4.87087560e-02 
 6.11830110e+00  4.87279675e-02 
 6.12561150e+00  4.87471790e-02 
 6.13292189e+00  4.87663904e-02 
 6.14023228e+00  4.87856019e-02 
 6.14754268e+00  4.88048134e-02 
 6.15485307e+00  4.88240249e-02 
 6.16216346e+00  4.88432363e-02 
 6.16947386e+00  4.88624478e-02 
 6.17678425e+00  4.88816593e-02 
 6.18409465e+00  4.89008707e-02 
 6.19140504e+00  4.89200822e-02 
 6.19871543e+00  4.89392937e-02 
 6.20602583e+00  4.89585052e-02 
 6.21333622e+00  4.89777166e-02 
 6.22064661e+00  4.89969281e-02 
 6.22795701e+00  4.90161396e-02 
 6.23526740e+00  4.90353511e-02 
 6.24257780e+00  4.90545625e-02 
 6.24988819e+00  4.90737740e-02 
 6.25719858e+00  4.90929855e-02 
 6.26450898e+00  4.91121969e-02 
 6.27181937e+00  4.91314084e-02 
 6.27912977e+00  4.91506199e-02 
 6.28644016e+00  4.91698314e-02 
 6.29375055e+00  4.91890428e-02 
 6.30106095e+00  4.92082543e-02 
 6.30837134e+00  4.92274658e-02 
 6.31568173e+00  4.92466773e-02 
 6.32299213e+00  4.92658887e-02 
 6.33030252e+00  4.92851002e-02 
 6.33761292e+00  4.93043117e-02 
 6.34492331e+00  4.93235232e-02 
 6.35223370e+00  4.93427346e-02 
 6.35954410e+00  4.93619461e-02 
 6.36685449e+00  4.93811576e-02 
 6.37416488e+00  4.94003690e-02 
 6.38147528e+00  4.94195805e-02 
 6.38878567e+00  4.94387920e-02 
 6.39609607e+00  4.94580035e-02 
 6.40340646e+00  4.94772149e-02 
 6.41071685e+00  4.94964264e-02 
 6.41802725e+00  4.95156379e-02 
 6.42533764e+00  4.95348494e-02 
 6.43264803e+00  4.95540608e-02 
 6.43995843e+00  4.95732723e-02 
 6.44726882e+00  4.95924838e-02 
 6.45457922e+00  4.96116952e-02 
 6.46188961e+00  4.96309067e-02 
 6.46920000e+00  4.96501182e-02 
 6.47651040e+00  4.96693297e-02 
 6.48382079e+00  4.96885411e-02 
 6.49113119e+00  4.97077526e-02 
 6.49844158e+00  4.97269641e-02 
 6.50575197e+00  4.97461756e-02 
 6.51306237e+00  4.97653870e-02 
 6.52037276e+00  4.97845985e-02 
 6.52768315e+00  4.98038100e-02 
 6.53499355e+00  4.98230214e-02 
 6.54230394e+00  4.98422329e-02 
 6.54961434e+00  4.98614444e-02 
 6.55692473e+00  4.98806559e-02 
 6.56423512e+00  4.98998673e-02 
 6.57154552e+00  4.99190788e-02 
 6.57885591e+00  4.99382903e-02 
 6.58616630e+00  4.99575018e-02 
 6.59347670e+00  4.99767132e-02 
 6.60078709e+00  4.99959247e-02 
 6.60809749e+00  5.00151362e-02 
 6.61540788e+00  5.00343476e-02 
 6.62271827e+00  5.00535591e-02 
 6.63002867e+00  5.00727706e-02 
 6.63733906e+00  5.00919821e-02 
 6.64464945e+00  5.01111935e-02 
 6.65195985e+00  5.01304050e-02 
 6.65927024e+00  5.01496165e-02 
 6.66658064e+00  5.01688280e-02 
 6.67389103e+00  5.01880394e-02 
 6.68120142e+00  5.02072509e-02 
 6.68851182e+00  5.02264624e-02 
 6.69582221e+00  5.02456738e-02 
 6.70313261e+00  5.02648853e-02 
 6.71044300e+00  5.02840968e-02 
 6.71775339e+00  5.03033083e-02 
 6.72506379e+00  5.03225197e-02 
 6.73237418e+00  5.03417312e-02 
 6.73968457e+00  5.03609427e-02 
 6.74699497e+00  5.03801542e-02 
 6.75430536e+00  5.03993656e-02 
 6.76161576e+00  5.04185771e-02 
 6.76892615e+00  5.04377886e-02 
 6.77623654e+00  5.04570001e-02 
 6.78354694e+00  5.04762115e-02 
 6.79085733e+00  5.04954230e-02 
 6.79816772e+00  5.05146345e-02 
 6.80547812e+00  5.05338459e-02 
 6.81278851e+00  5.05530574e-02 
 6.82009891e+00  5.05722689e-02 
 6.82740930e+00  5.05914804e-02 
 6.83471969e+00  5.06106918e-02 
 6.84203009e+00  5.06299033e-02 
 6.84934048e+00  5.06491148e-02 
 6.85665088e+00  5.06683263e-02 
 6.86396127e+00  5.06875377e-02 
 6.87127166e+00  5.07067492e-02 
 6.87858206e+00  5.07259607e-02 
 6.88589245e+00  5.07451721e-02 
 6.89320284e+00  5.07643836e-02 
 6.90051324e+00  5.07835951e-02 
 6.90782363e+00  5.08028066e-02 
 6.91513403e+00  5.08220180e-02 
 6.92244442e+00  5.08412295e-02 
 6.92975481e+00  5.08604410e-02 
 6.93706521e+00  5.08796525e-02 
 6.94437560e+00  5.08988639e-02 
 6.95168599e+00  5.09180754e-02 
 6.95899639e+00  5.09372869e-02 
 6.96630678e+00  5.09564983e-02 
 6.97361718e+00  5.09757098e-02 
 6.98092757e+00  5.09949213e-02 
 6.98823796e+00  5.10141328e-02 
 6.99554836e+00  5.10333442e-02 
 7.00285875e+00  5.10525557e-02 
 7.01016914e+00  5.10717672e-02 
 7.01747954e+00  5.10909787e-02 
 7.02478993e+00  5.11101901e-02 
 7.03210033e+00  5.11294016e-02 
 7.03941072e+00  5.11486131e-02 
 7.04672111e+00  5.11678245e-02 
 7.05403151e+00  5.11870360e-02 
 7.06134190e+00  5.12062475e-02 
 7.06865230e+00  5.12254590e-02 
 7.07596269e+00  5.12446704e-02 
 7.08327308e+00  5.12638819e-02 
 7.09058348e+00  5.12830934e-02 
 7.09789387e+00  5.13023049e-02 
 7.10520426e+00  5.13215163e-02 
 7.11251466e+00  5.13407278e-02 
 7.11982505e+00  5.13599393e-02 
 7.12713545e+00  5.13791507e-02 
 7.13444584e+00  5.13983622e-02 
 7.14175623e+00  5.14175737e-02 
