-3.81221899e-23  1.99687661e-25 
 9.09077078e-03  7.24470285e-10 
 1.81815131e-02  1.59797609e-09 
 2.72722211e-02  2.65120469e-09 
 3.63628878e-02  3.92113999e-09 
 4.54535045e-02  5.45236916e-09 
 5.45440612e-02  7.29864730e-09 
 6.36345453e-02  9.52478203e-09 
 7.27249419e-02  1.22089045e-08 
 8.18152332e-02  1.54452058e-08 
 9.09053973e-02  1.93472352e-08 
 9.99954083e-02  2.40518726e-08 
 1.09085234e-01  2.97241158e-08 
 1.18174838e-01  3.65628459e-08 
 1.27264173e-01  4.48077718e-08 
 1.36353185e-01  5.47477920e-08 
 1.45441806e-01  6.67310606e-08 
 1.54529957e-01  8.11771029e-08 
 1.63617542e-01  9.85913919e-08 
 1.72704443e-01  1.19582880e-07 
 1.81790522e-01  1.44885073e-07 
 1.90875609e-01  1.75381357e-07 
 1.99959501e-01  2.12135404e-07 
 2.09041955e-01  2.56427663e-07 
 2.18122675e-01  3.09799098e-07 
 2.27201307e-01  3.74103584e-07 
 2.36277427e-01  4.51570562e-07 
 2.45350523e-01  5.44879881e-07 
 2.54419979e-01  6.57251017e-07 
 2.63485059e-01  7.92549212e-07 
 2.72544876e-01  9.55411408e-07 
 2.81598370e-01  1.15139521e-06 
 2.90644271e-01  1.38715443e-06 
 2.99681059e-01  1.67064497e-06 
 3.08706921e-01  2.01136501e-06 
 3.17719697e-01  2.42063331e-06 
 3.26716817e-01  2.91190888e-06 
 3.35695234e-01  3.50115451e-06 
 3.44651344e-01  4.20724489e-06 
 3.53580902e-01  5.05241713e-06 
 3.62478928e-01  6.06275791e-06 
 3.71339609e-01  7.26871568e-06 
 3.80156200e-01  8.70561895e-06 
 3.88920931e-01  1.04141726e-05 
 3.97624920e-01  1.24408927e-05 
 4.06258118e-01  1.48384296e-05 
 4.14809273e-01  1.76657153e-05 
 4.23265953e-01  2.09878657e-05 
 4.31614627e-01  2.48757627e-05 
 4.39840816e-01  2.94052502e-05 
 4.47929329e-01  3.46558978e-05 
 4.55864584e-01  4.07093213e-05 
 4.63631008e-01  4.76470984e-05 
 4.71213492e-01  5.55483761e-05 
 4.78597875e-01  6.44873231e-05 
 4.85771427e-01  7.45306227e-05 
 4.92723276e-01  8.57352198e-05 
 4.99444755e-01  9.81465197e-05 
 5.05929628e-01  1.11797188e-04 
 5.12174189e-01  1.26706631e-04 
 5.18177235e-01  1.42881151e-04 
 5.23939920e-01  1.60314705e-04 
 5.29465519e-01  1.78990138e-04 
 5.34759132e-01  1.98880735e-04 
 5.39827357e-01  2.19951937e-04 
 5.44677957e-01  2.42163082e-04 
 5.49319542e-01  2.65469064e-04 
 5.53761286e-01  2.89821835e-04 
 5.58012675e-01  3.15171705e-04 
 5.62083299e-01  3.41468432e-04 
 5.65982691e-01  3.68662095e-04 
 5.69720190e-01  3.96703769e-04 
 5.73304849e-01  4.25546028e-04 
 5.76745369e-01  4.55143303e-04 
 5.80050051e-01  4.85452115e-04 
 5.83226769e-01  5.16431211e-04 
 5.86282963e-01  5.48041624e-04 
 5.89225634e-01  5.80246680e-04 
 5.92061354e-01  6.13011955e-04 
 5.94796279e-01  6.46305208e-04 
 5.97436163e-01  6.80096288e-04 
 5.99986384e-01  7.14357038e-04 
 6.02451957e-01  7.49061175e-04 
 6.04837564e-01  7.84184187e-04 
 6.07147569e-01  8.19703212e-04 
 6.09386040e-01  8.55596932e-04 
 6.11556775e-01  8.91845465e-04 
 6.13663313e-01  9.28430263e-04 
 6.15708960e-01  9.65334017e-04 
 6.17696802e-01  1.00254056e-03 
 6.19629720e-01  1.04003480e-03 
 6.21510409e-01  1.07780262e-03 
 6.23341392e-01  1.11583081e-03 
 6.25125026e-01  1.15410700e-03 
 6.26863525e-01  1.19261963e-03 
 6.28558959e-01  1.23135783e-03 
 6.30213275e-01  1.27031141e-03 
 6.31828300e-01  1.30947081e-03 
 6.33405749e-01  1.34882703e-03 
 6.34947237e-01  1.38837162e-03 
 6.36454285e-01  1.42809660e-03 
 6.37928325e-01  1.46799449e-03 
 6.39370707e-01  1.50805820e-03 
 6.40782706e-01  1.54828106e-03 
 6.42165525e-01  1.58865677e-03 
 6.43520302e-01  1.62917937e-03 
 6.44848113e-01  1.66984322e-03 
 6.46149976e-01  1.71064298e-03 
 6.47426857e-01  1.75157361e-03 
 6.48679670e-01  1.79263030e-03 
 6.49909283e-01  1.83380852e-03 
 6.51116521e-01  1.87510394e-03 
 6.52302167e-01  1.91651246e-03 
 6.53466964e-01  1.95803019e-03 
 6.54611622e-01  1.99965341e-03 
 6.55736815e-01  2.04137859e-03 
 6.56843184e-01  2.08320237e-03 
 6.57931342e-01  2.12512154e-03 
 6.59001874e-01  2.16713304e-03 
 6.60055337e-01  2.20923395e-03 
 6.61092263e-01  2.25142148e-03 
 6.62113161e-01  2.29369296e-03 
 6.63118518e-01  2.33604586e-03 
 6.64108799e-01  2.37847772e-03 
 6.65084450e-01  2.42098621e-03 
 6.66045897e-01  2.46356911e-03 
 6.66993549e-01  2.50622427e-03 
 6.67927798e-01  2.54894963e-03 
 6.68849021e-01  2.59174322e-03 
 6.69757578e-01  2.63460316e-03 
 6.70653815e-01  2.67752764e-03 
 6.71538066e-01  2.72051489e-03 
 6.72410650e-01  2.76356326e-03 
 6.73271875e-01  2.80667113e-03 
 6.74122037e-01  2.84983695e-03 
 6.74961421e-01  2.89305922e-03 
 6.75790301e-01  2.93633652e-03 
 6.76608941e-01  2.97966745e-03 
 6.77417596e-01  3.02305069e-03 
 6.78216511e-01  3.06648494e-03 
 6.79005923e-01  3.10996898e-03 
 6.79786059e-01  3.15350159e-03 
 6.80557141e-01  3.19708164e-03 
 6.81319381e-01  3.24070800e-03 
 6.82072985e-01  3.28437960e-03 
 6.82818150e-01  3.32809540e-03 
 6.83555070e-01  3.37185440e-03 
 6.84283929e-01  3.41565561e-03 
 6.85004908e-01  3.45949810e-03 
 6.85718179e-01  3.50338097e-03 
 6.86423911e-01  3.54730332e-03 
 6.87122266e-01  3.59126432e-03 
 6.87813403e-01  3.63526313e-03 
 6.88497474e-01  3.67929895e-03 
 6.89174627e-01  3.72337100e-03 
 6.89845005e-01  3.76747855e-03 
 6.90508747e-01  3.81162085e-03 
 6.91165989e-01  3.85579720e-03 
 6.91816862e-01  3.90000691e-03 
 6.92461492e-01  3.94424933e-03 
 6.93100002e-01  3.98852380e-03 
 6.93732513e-01  4.03282969e-03 
 6.94359141e-01  4.07716640e-03 
 6.94979999e-01  4.12153334e-03 
 6.95595197e-01  4.16592992e-03 
 6.96204841e-01  4.21035559e-03 
 6.96809036e-01  4.25480981e-03 
 6.97407882e-01  4.29929205e-03 
 6.98001477e-01  4.34380179e-03 
 6.98589918e-01  4.38833852e-03 
 6.99173297e-01  4.43290178e-03 
 6.99751705e-01  4.47749107e-03 
 7.00325230e-01  4.52210594e-03 
 7.00893957e-01  4.56674594e-03 
 7.01457971e-01  4.61141063e-03 
 7.02017353e-01  4.65609958e-03 
 7.02572182e-01  4.70081238e-03 
 7.03122536e-01  4.74554862e-03 
 7.03668490e-01  4.79030791e-03 
 7.04210118e-01  4.83508986e-03 
 7.04747492e-01  4.87989409e-03 
 7.05280681e-01  4.92472024e-03 
 7.05809755e-01  4.96956795e-03 
 7.06334779e-01  5.01443687e-03 
 7.06855819e-01  5.05932666e-03 
 7.07372938e-01  5.10423699e-03 
 7.07886198e-01  5.14916753e-03 
 7.08395661e-01  5.19411797e-03 
 7.08901384e-01  5.23908799e-03 
 7.09403426e-01  5.28407729e-03 
 7.09901844e-01  5.32908558e-03 
 7.10396693e-01  5.37411256e-03 
 7.10888026e-01  5.41915796e-03 
 7.11375896e-01  5.46422150e-03 
 7.11860356e-01  5.50930290e-03 
 7.12341455e-01  5.55440190e-03 
 7.12819242e-01  5.59951825e-03 
 7.13293767e-01  5.64465170e-03 
 7.13765076e-01  5.68980198e-03 
 7.14233216e-01  5.73496887e-03 
 7.14698231e-01  5.78015212e-03 
 7.15160166e-01  5.82535151e-03 
 7.15619065e-01  5.87056680e-03 
 7.16074969e-01  5.91579778e-03 
 7.16527921e-01  5.96104422e-03 
 7.16977961e-01  6.00630592e-03 
 7.17425129e-01  6.05158266e-03 
 7.17869463e-01  6.09687424e-03 
 7.18311004e-01  6.14218046e-03 
 7.18749786e-01  6.18750112e-03 
 7.19185849e-01  6.23283603e-03 
 7.19619227e-01  6.27818500e-03 
 7.20049956e-01  6.32354785e-03 
 7.20478070e-01  6.36892440e-03 
 7.20903604e-01  6.41431446e-03 
 7.21326590e-01  6.45971786e-03 
 7.21747062e-01  6.50513444e-03 
 7.22165052e-01  6.55056401e-03 
 7.22580590e-01  6.59600643e-03 
 7.22993708e-01  6.64146153e-03 
 7.23404436e-01  6.68692914e-03 
 7.23812804e-01  6.73240912e-03 
 7.24218841e-01  6.77790131e-03 
 7.24622575e-01  6.82340556e-03 
 7.25024035e-01  6.86892172e-03 
 7.25423248e-01  6.91444966e-03 
 7.25820240e-01  6.95998922e-03 
 7.26215040e-01  7.00554027e-03 
 7.26607673e-01  7.05110267e-03 
 7.26998164e-01  7.09667628e-03 
 7.27386539e-01  7.14226098e-03 
 7.27772823e-01  7.18785664e-03 
 7.28157039e-01  7.23346313e-03 
 7.28539213e-01  7.27908032e-03 
 7.28919366e-01  7.32470808e-03 
 7.29297523e-01  7.37034631e-03 
 7.29673706e-01  7.41599487e-03 
 7.30047937e-01  7.46165366e-03 
 7.30420239e-01  7.50732256e-03 
 7.30790632e-01  7.55300145e-03 
 7.31159139e-01  7.59869023e-03 
 7.31525779e-01  7.64438878e-03 
 7.31890574e-01  7.69009699e-03 
 7.32253543e-01  7.73581477e-03 
 7.32614707e-01  7.78154201e-03 
 7.32974085e-01  7.82727860e-03 
 7.33331696e-01  7.87302445e-03 
 7.33687560e-01  7.91877945e-03 
 7.34041694e-01  7.96454351e-03 
 7.34394116e-01  8.01031653e-03 
 7.34744846e-01  8.05609842e-03 
 7.35093901e-01  8.10188909e-03 
 7.35441298e-01  8.14768844e-03 
 7.35787054e-01  8.19349638e-03 
 7.36131186e-01  8.23931283e-03 
 7.36473712e-01  8.28513770e-03 
 7.36814646e-01  8.33097090e-03 
 7.37154006e-01  8.37681235e-03 
 7.37491808e-01  8.42266196e-03 
 7.37828066e-01  8.46851965e-03 
 7.38162797e-01  8.51438535e-03 
 7.38496016e-01  8.56025897e-03 
 7.38827737e-01  8.60614043e-03 
 7.39157975e-01  8.65202965e-03 
 7.39486745e-01  8.69792657e-03 
 7.39814062e-01  8.74383110e-03 
 7.40139939e-01  8.78974318e-03 
 7.40464390e-01  8.83566272e-03 
 7.40787429e-01  8.88158966e-03 
 7.41109069e-01  8.92752393e-03 
 7.41429324e-01  8.97346545e-03 
 7.41748206e-01  9.01941416e-03 
 7.42065730e-01  9.06536999e-03 
 7.42381907e-01  9.11133287e-03 
 7.42696750e-01  9.15730274e-03 
 7.43010271e-01  9.20327953e-03 
 7.43322484e-01  9.24926318e-03 
 7.43633399e-01  9.29525363e-03 
 7.43943028e-01  9.34125080e-03 
 7.44251384e-01  9.38725465e-03 
 7.44558478e-01  9.43326512e-03 
 7.44864321e-01  9.47928213e-03 
 7.45168925e-01  9.52530563e-03 
 7.45472300e-01  9.57133557e-03 
 7.45774458e-01  9.61737189e-03 
 7.46075409e-01  9.66341452e-03 
 7.46375164e-01  9.70946342e-03 
 7.46673734e-01  9.75551853e-03 
 7.46971129e-01  9.80157980e-03 
 7.47267359e-01  9.84764717e-03 
 7.47562435e-01  9.89372058e-03 
 7.47856365e-01  9.93979999e-03 
 7.48149161e-01  9.98588535e-03 
 7.48440832e-01  1.00319766e-02 
 7.48731387e-01  1.00780737e-02 
 7.49020836e-01  1.01241766e-02 
 7.49309188e-01  1.01702852e-02 
 7.49596453e-01  1.02163995e-02 
 7.49882639e-01  1.02625195e-02 
 7.50167756e-01  1.03086451e-02 
 7.50451813e-01  1.03547762e-02 
 7.50734818e-01  1.04009129e-02 
 7.51016779e-01  1.04470550e-02 
 7.51297706e-01  1.04932025e-02 
 7.51577607e-01  1.05393554e-02 
 7.51856491e-01  1.05855136e-02 
 7.52134365e-01  1.06316771e-02 
 7.52411237e-01  1.06778459e-02 
 7.52687117e-01  1.07240199e-02 
 7.52962011e-01  1.07701990e-02 
 7.53235927e-01  1.08163832e-02 
 7.53508874e-01  1.08625726e-02 
 7.53780859e-01  1.09087669e-02 
 7.54051889e-01  1.09549663e-02 
 7.54321973e-01  1.10011706e-02 
 7.54591117e-01  1.10473799e-02 
 7.54859328e-01  1.10935940e-02 
 7.55126615e-01  1.11398130e-02 
 7.55392984e-01  1.11860368e-02 
 7.55658442e-01  1.12322653e-02 
 7.55922996e-01  1.12784986e-02 
 7.56186653e-01  1.13247366e-02 
 7.56449420e-01  1.13709792e-02 
 7.56711303e-01  1.14172265e-02 
 7.56972310e-01  1.14634784e-02 
 7.57232446e-01  1.15097348e-02 
 7.57491719e-01  1.15559958e-02 
 7.57750135e-01  1.16022612e-02 
 7.58007700e-01  1.16485311e-02 
 7.58264420e-01  1.16948054e-02 
 7.58520303e-01  1.17410841e-02 
 7.58775352e-01  1.17873672e-02 
 7.59029576e-01  1.18336546e-02 
 7.59282980e-01  1.18799463e-02 
 7.59535570e-01  1.19262423e-02 
 7.59787351e-01  1.19725424e-02 
 7.60038330e-01  1.20188468e-02 
 7.60288513e-01  1.20651554e-02 
 7.60537904e-01  1.21114681e-02 
 7.60786510e-01  1.21577849e-02 
 7.61034337e-01  1.22041059e-02 
 7.61281389e-01  1.22504308e-02 
 7.61527673e-01  1.22967598e-02 
 7.61773193e-01  1.23430928e-02 
 7.62017955e-01  1.23894298e-02 
 7.62261965e-01  1.24357707e-02 
 7.62505227e-01  1.24821155e-02 
 7.62747747e-01  1.25284642e-02 
 7.62989529e-01  1.25748168e-02 
 7.63230580e-01  1.26211732e-02 
 7.63470903e-01  1.26675334e-02 
 7.63710504e-01  1.27138974e-02 
 7.63949388e-01  1.27602651e-02 
 7.64187560e-01  1.28066366e-02 
 7.64425024e-01  1.28530118e-02 
 7.64661785e-01  1.28993906e-02 
 7.64897848e-01  1.29457732e-02 
 7.65133218e-01  1.29921593e-02 
 7.65367899e-01  1.30385491e-02 
 7.65601896e-01  1.30849424e-02 
 7.65835213e-01  1.31313394e-02 
 7.66067855e-01  1.31777398e-02 
 7.66299827e-01  1.32241438e-02 
 7.66531131e-01  1.32705512e-02 
 7.66761774e-01  1.33169621e-02 
 7.66991759e-01  1.33633765e-02 
 7.67221091e-01  1.34097943e-02 
 7.67449774e-01  1.34562155e-02 
 7.67677811e-01  1.35026400e-02 
 7.67905208e-01  1.35490680e-02 
 7.68131967e-01  1.35954992e-02 
 7.68358094e-01  1.36419338e-02 
 7.68583593e-01  1.36883717e-02 
 7.68808466e-01  1.37348128e-02 
 7.69032719e-01  1.37812572e-02 
 7.69256355e-01  1.38277048e-02 
 7.69479378e-01  1.38741556e-02 
 7.69701792e-01  1.39206097e-02 
 7.69923601e-01  1.39670669e-02 
 7.70144807e-01  1.40135272e-02 
 7.70365416e-01  1.40599907e-02 
 7.70585431e-01  1.41064573e-02 
 7.70804855e-01  1.41529269e-02 
 7.71023693e-01  1.41993997e-02 
 7.71241947e-01  1.42458755e-02 
 7.71459621e-01  1.42923544e-02 
 7.71676719e-01  1.43388362e-02 
 7.71893244e-01  1.43853211e-02 
 7.72109200e-01  1.44318090e-02 
 7.72324590e-01  1.44782998e-02 
 7.72539418e-01  1.45247935e-02 
 7.72753687e-01  1.45712902e-02 
 7.72967399e-01  1.46177898e-02 
 7.73180560e-01  1.46642923e-02 
 7.73393171e-01  1.47107977e-02 
 7.73605236e-01  1.47573059e-02 
 7.73816759e-01  1.48038170e-02 
 7.74027742e-01  1.48503309e-02 
 7.74238188e-01  1.48968476e-02 
 7.74448101e-01  1.49433671e-02 
 7.74657485e-01  1.49898894e-02 
 7.74866341e-01  1.50364144e-02 
 7.75074673e-01  1.50829422e-02 
 7.75282484e-01  1.51294727e-02 
 7.75489777e-01  1.51760059e-02 
 7.75696555e-01  1.52225419e-02 
 7.75902822e-01  1.52690805e-02 
 7.76108578e-01  1.53156217e-02 
 7.76313829e-01  1.53621657e-02 
 7.76518576e-01  1.54087122e-02 
 7.76722823e-01  1.54552614e-02 
 7.76926572e-01  1.55018132e-02 
 7.77129826e-01  1.55483676e-02 
 7.77332588e-01  1.55949245e-02 
 7.77534860e-01  1.56414841e-02 
 7.77736646e-01  1.56880461e-02 
 7.77937948e-01  1.57346107e-02 
 7.78138768e-01  1.57811779e-02 
 7.78339110e-01  1.58277475e-02 
 7.78538976e-01  1.58743196e-02 
 7.78738368e-01  1.59208943e-02 
 7.78937290e-01  1.59674713e-02 
 7.79135743e-01  1.60140509e-02 
 7.79333731e-01  1.60606328e-02 
 7.79531255e-01  1.61072172e-02 
 7.79728319e-01  1.61538040e-02 
 7.79924925e-01  1.62003933e-02 
 7.80121075e-01  1.62469848e-02 
 7.80316771e-01  1.62935788e-02 
 7.80512017e-01  1.63401751e-02 
 7.80706815e-01  1.63867738e-02 
 7.80901166e-01  1.64333748e-02 
 7.81095074e-01  1.64799782e-02 
 7.81288540e-01  1.65265838e-02 
 7.81481568e-01  1.65731918e-02 
 7.81674158e-01  1.66198020e-02 
 7.81866314e-01  1.66664145e-02 
 7.82058039e-01  1.67130293e-02 
 7.82249333e-01  1.67596464e-02 
 7.82440200e-01  1.68062656e-02 
 7.82630641e-01  1.68528871e-02 
 7.82820659e-01  1.68995108e-02 
 7.83010256e-01  1.69461368e-02 
 7.83199434e-01  1.69927649e-02 
 7.83388196e-01  1.70393952e-02 
 7.83576542e-01  1.70860276e-02 
 7.83764477e-01  1.71326623e-02 
 7.83952001e-01  1.71792990e-02 
 7.84139117e-01  1.72259380e-02 
 7.84325827e-01  1.72725790e-02 
 7.84512132e-01  1.73192222e-02 
 7.84698036e-01  1.73658674e-02 
 7.84883539e-01  1.74125148e-02 
 7.85068644e-01  1.74591642e-02 
 7.85253353e-01  1.75058158e-02 
 7.85437669e-01  1.75524694e-02 
 7.85621592e-01  1.75991250e-02 
 7.85805124e-01  1.76457827e-02 
 7.85988269e-01  1.76924424e-02 
 7.86171027e-01  1.77391041e-02 
 7.86353401e-01  1.77857679e-02 
 7.86535392e-01  1.78324337e-02 
 7.86717002e-01  1.78791014e-02 
 7.86898234e-01  1.79257712e-02 
 7.87079089e-01  1.79724429e-02 
 7.87259568e-01  1.80191165e-02 
 7.87439675e-01  1.80657922e-02 
 7.87619409e-01  1.81124698e-02 
 7.87798774e-01  1.81591493e-02 
 7.87977771e-01  1.82058307e-02 
 7.88156402e-01  1.82525141e-02 
 7.88334669e-01  1.82991994e-02 
 7.88512572e-01  1.83458865e-02 
 7.88690115e-01  1.83925756e-02 
 7.88867299e-01  1.84392665e-02 
 7.89044125e-01  1.84859593e-02 
 7.89220595e-01  1.85326540e-02 
 7.89396711e-01  1.85793506e-02 
 7.89572475e-01  1.86260489e-02 
 7.89747888e-01  1.86727492e-02 
 7.89922951e-01  1.87194512e-02 
 7.90097667e-01  1.87661551e-02 
 7.90272037e-01  1.88128608e-02 
 7.90446063e-01  1.88595682e-02 
 7.90619746e-01  1.89062775e-02 
 7.90793088e-01  1.89529886e-02 
 7.90966090e-01  1.89997014e-02 
 7.91138754e-01  1.90464160e-02 
 7.91311082e-01  1.90931324e-02 
 7.91483075e-01  1.91398506e-02 
 7.91654734e-01  1.91865704e-02 
 7.91826062e-01  1.92332921e-02 
 7.91997059e-01  1.92800154e-02 
 7.92167728e-01  1.93267405e-02 
 7.92338069e-01  1.93734673e-02 
 7.92508084e-01  1.94201958e-02 
 7.92677775e-01  1.94669259e-02 
 7.92847142e-01  1.95136578e-02 
 7.93016189e-01  1.95603914e-02 
 7.93184915e-01  1.96071266e-02 
 7.93353322e-01  1.96538636e-02 
 3.99196003e-23 -2.09102668e-25 
 9.09061052e-03  1.56392311e-09 
 1.81811619e-02  3.43785166e-09 
 2.72716423e-02  5.68332298e-09 
 3.63620377e-02  8.37402006e-09 
 4.54523312e-02  1.15982149e-08 
 5.45425028e-02  1.54616618e-08 
 6.36325281e-02  2.00910584e-08 
 7.27223782e-02  2.56381884e-08 
 8.18120183e-02  3.22848806e-08 
 9.09014070e-02  4.02489451e-08 
 9.99904944e-02  4.97912777e-08 
 1.09079221e-01  6.12243597e-08 
 1.18167515e-01  7.49224273e-08 
 1.27255291e-01  9.13336322e-08 
 1.36342446e-01  1.10994580e-07 
 1.45428859e-01  1.34547704e-07 
 1.54514382e-01  1.62762021e-07 
 1.63598839e-01  1.96557902e-07 
 1.72682020e-01  2.37036639e-07 
 1.81763674e-01  2.85515677e-07 
 1.90843500e-01  3.43570590e-07 
 1.99921138e-01  4.13085021e-07 
 2.08996159e-01  4.96310019e-07 
 2.18068049e-01  5.95934447e-07 
 2.27136195e-01  7.15168364e-07 
 2.36199867e-01  8.57841565e-07 
 2.45258192e-01  1.02851973e-06 
 2.54310132e-01  1.23264091e-06 
 2.63354453e-01  1.47667529e-06 
 2.72389686e-01  1.76831143e-06 
 2.81414090e-01  2.11667209e-06 
 2.90425602e-01  2.53256276e-06 
 2.99421783e-01  3.02875557e-06 
 3.08399759e-01  3.62031034e-06 
 3.17356149e-01  4.32493319e-06 
 3.26286993e-01  5.16337104e-06 
 3.35187668e-01  6.15983683e-06 
 3.44052804e-01  7.34245641e-06 
 3.52876199e-01  8.74372171e-06 
 3.61650732e-01  1.04009279e-05 
 3.70368292e-01  1.23565639e-05 
 3.79019719e-01  1.46586151e-05 
 3.87594770e-01  1.73607295e-05 
 3.96082127e-01  2.05221905e-05 
 4.04469452e-01  2.42076350e-05 
 4.12743494e-01  2.84864604e-05 
 4.20890278e-01  3.34318767e-05 
 4.28895352e-01  3.91195822e-05 
 4.36744112e-01  4.56260798e-05 
 4.44422177e-01  5.30266907e-05 
 4.51915810e-01  6.13933736e-05 
 4.59212342e-01  7.07924920e-05 
 4.66300575e-01  8.12827037e-05 
 4.73171128e-01  9.29131409e-05 
 4.79816703e-01  1.05722032e-04 
 4.86232244e-01  1.19735862e-04 
 4.92414986e-01  1.34969121e-04 
 4.98364395e-01  1.51424598e-04 
 5.04082022e-01  1.69094172e-04 
 5.09571280e-01  1.87959963e-04 
 5.14837180e-01  2.07995726e-04 
 5.19886040e-01  2.29168361e-04 
 5.24725200e-01  2.51439429e-04 
 5.29362742e-01  2.74766591e-04 
 5.33807244e-01  2.99104910e-04 
 5.38067568e-01  3.24407978e-04 
 5.42152670e-01  3.50628871e-04 
 5.46071462e-01  3.77720914e-04 
 5.49832691e-01  4.05638286e-04 
 5.53444855e-01  4.34336471e-04 
 5.56916142e-01  4.63772589e-04 
 5.60254383e-01  4.93905612e-04 
 5.63467031e-01  5.24696502e-04 
 5.66561147e-01  5.56108278e-04 
 5.69543394e-01  5.88106030e-04 
 5.72420047e-01  6.20656896e-04 
 5.75196999e-01  6.53730007e-04 
 5.77879774e-01  6.87296420e-04 
 5.80473550e-01  7.21329024e-04 
 5.82983168e-01  7.55802454e-04 
 5.85413157e-01  7.90692988e-04 
 5.87767750e-01  8.25978450e-04 
 5.90050906e-01  8.61638112e-04 
 5.92266322e-01  8.97652598e-04 
 5.94417457e-01  9.34003796e-04 
 5.96507545e-01  9.70674764e-04 
 5.98539611e-01  1.00764965e-03 
 6.00516488e-01  1.04491363e-03 
 6.02440827e-01  1.08245281e-03 
 6.04315114e-01  1.12025416e-03 
 6.06141679e-01  1.15830549e-03 
 6.07922709e-01  1.19659533e-03 
 6.09660256e-01  1.23511294e-03 
 6.11356251e-01  1.27384821e-03 
 6.13012508e-01  1.31279163e-03 
 6.14630733e-01  1.35193425e-03 
 6.16212535e-01  1.39126767e-03 
 6.17759430e-01  1.43078394e-03 
 6.19272847e-01  1.47047557e-03 
 6.20754134e-01  1.51033549e-03 
 6.22204568e-01  1.55035702e-03 
 6.23625353e-01  1.59053387e-03 
 6.25017629e-01  1.63086004e-03 
 6.26382475e-01  1.67132989e-03 
 6.27720915e-01  1.71193806e-03 
 6.29033918e-01  1.75267948e-03 
 6.30322404e-01  1.79354931e-03 
 6.31587246e-01  1.83454300e-03 
 6.32829276e-01  1.87565618e-03 
 6.34049281e-01  1.91688472e-03 
 6.35248013e-01  1.95822469e-03 
 6.36426187e-01  1.99967235e-03 
 6.37584484e-01  2.04122413e-03 
 6.38723553e-01  2.08287663e-03 
 6.39844013e-01  2.12462660e-03 
 6.40946456e-01  2.16647095e-03 
 6.42031444e-01  2.20840672e-03 
 6.43099519e-01  2.25043109e-03 
 6.44151195e-01  2.29254136e-03 
 6.45186967e-01  2.33473494e-03 
 6.46207304e-01  2.37700936e-03 
 6.47212661e-01  2.41936225e-03 
 6.48203471e-01  2.46179134e-03 
 6.49180148e-01  2.50429447e-03 
 6.50143090e-01  2.54686953e-03 
 6.51092681e-01  2.58951453e-03 
 6.52029287e-01  2.63222754e-03 
 6.52953261e-01  2.67500673e-03 
 6.53864942e-01  2.71785031e-03 
 6.54764654e-01  2.76075657e-03 
 6.55652712e-01  2.80372389e-03 
 6.56529418e-01  2.84675067e-03 
 6.57395060e-01  2.88983540e-03 
 6.58249920e-01  2.93297661e-03 
 6.59094265e-01  2.97617290e-03 
 6.59928357e-01  3.01942289e-03 
 6.60752444e-01  3.06272529e-03 
 6.61566769e-01  3.10607883e-03 
 6.62371566e-01  3.14948228e-03 
 6.63167057e-01  3.19293446e-03 
 6.63953462e-01  3.23643424e-03 
 6.64730990e-01  3.27998053e-03 
 6.65499845e-01  3.32357224e-03 
 6.66260221e-01  3.36720837e-03 
 6.67012309e-01  3.41088791e-03 
 6.67756292e-01  3.45460990e-03 
 6.68492349e-01  3.49837341e-03 
 6.69220651e-01  3.54217754e-03 
 6.69941364e-01  3.58602143e-03 
 6.70654650e-01  3.62990422e-03 
 6.71360665e-01  3.67382509e-03 
 6.72059561e-01  3.71778325e-03 
 6.72751485e-01  3.76177794e-03 
 6.73436579e-01  3.80580840e-03 
 6.74114981e-01  3.84987391e-03 
 6.74786826e-01  3.89397377e-03 
 6.75452243e-01  3.93810730e-03 
 6.76111360e-01  3.98227383e-03 
 6.76764299e-01  4.02647272e-03 
 6.77411179e-01  4.07070335e-03 
 6.78052116e-01  4.11496511e-03 
 6.78687223e-01  4.15925740e-03 
 6.79316609e-01  4.20357967e-03 
 6.79940381e-01  4.24793134e-03 
 6.80558643e-01  4.29231187e-03 
 6.81171495e-01  4.33672074e-03 
 6.81779035e-01  4.38115744e-03 
 6.82381359e-01  4.42562145e-03 
 6.82978560e-01  4.47011230e-03 
 6.83570728e-01  4.51462952e-03 
 6.84157952e-01  4.55917263e-03 
 6.84740317e-01  4.60374119e-03 
 6.85317908e-01  4.64833477e-03 
 6.85890805e-01  4.69295293e-03 
 6.86459088e-01  4.73759525e-03 
 6.87022835e-01  4.78226134e-03 
 6.87582121e-01  4.82695079e-03 
 6.88137021e-01  4.87166322e-03 
 6.88687605e-01  4.91639826e-03 
 6.89233945e-01  4.96115552e-03 
 6.89776109e-01  5.00593467e-03 
 6.90314164e-01  5.05073533e-03 
 6.90848175e-01  5.09555718e-03 
 6.91378205e-01  5.14039988e-03 
 6.91904318e-01  5.18526309e-03 
 6.92426574e-01  5.23014652e-03 
 6.92945033e-01  5.27504983e-03 
 6.93459752e-01  5.31997273e-03 
 6.93970789e-01  5.36491492e-03 
 6.94478199e-01  5.40987610e-03 
 6.94982036e-01  5.45485600e-03 
 6.95482353e-01  5.49985434e-03 
 6.95979203e-01  5.54487084e-03 
 6.96472635e-01  5.58990524e-03 
 6.96962701e-01  5.63495728e-03 
 6.97449447e-01  5.68002670e-03 
 6.97932923e-01  5.72511326e-03 
 6.98413174e-01  5.77021671e-03 
 6.98890246e-01  5.81533680e-03 
 6.99364184e-01  5.86047332e-03 
 6.99835032e-01  5.90562602e-03 
 7.00302831e-01  5.95079469e-03 
 7.00767625e-01  5.99597911e-03 
 7.01229453e-01  6.04117905e-03 
 7.01688357e-01  6.08639432e-03 
 7.02144376e-01  6.13162470e-03 
 7.02597549e-01  6.17686998e-03 
 7.03047912e-01  6.22212998e-03 
 7.03495504e-01  6.26740450e-03 
 7.03940361e-01  6.31269335e-03 
 7.04382518e-01  6.35799633e-03 
 7.04822011e-01  6.40331328e-03 
 7.05258873e-01  6.44864400e-03 
 7.05693139e-01  6.49398832e-03 
 7.06124841e-01  6.53934607e-03 
 7.06554012e-01  6.58471708e-03 
 7.06980684e-01  6.63010118e-03 
 7.07404887e-01  6.67549821e-03 
 7.07826653e-01  6.72090801e-03 
 7.08246011e-01  6.76633042e-03 
 7.08662991e-01  6.81176529e-03 
 7.09077622e-01  6.85721246e-03 
 7.09489932e-01  6.90267179e-03 
 7.09899949e-01  6.94814312e-03 
 7.10307701e-01  6.99362633e-03 
 7.10713214e-01  7.03912126e-03 
 7.11116516e-01  7.08462777e-03 
 7.11517631e-01  7.13014574e-03 
 7.11916586e-01  7.17567502e-03 
 7.12313406e-01  7.22121549e-03 
 7.12708115e-01  7.26676702e-03 
 7.13100737e-01  7.31232947e-03 
 7.13491296e-01  7.35790273e-03 
 7.13879817e-01  7.40348667e-03 
 7.14266321e-01  7.44908118e-03 
 7.14650831e-01  7.49468612e-03 
 7.15033370e-01  7.54030140e-03 
 7.15413959e-01  7.58592688e-03 
 7.15792620e-01  7.63156247e-03 
 7.16169374e-01  7.67720804e-03 
 7.16544243e-01  7.72286349e-03 
 7.16917245e-01  7.76852871e-03 
 7.17288403e-01  7.81420361e-03 
 7.17657734e-01  7.85988806e-03 
 7.18025259e-01  7.90558197e-03 
 7.18390998e-01  7.95128525e-03 
 7.18754968e-01  7.99699779e-03 
 7.19117189e-01  8.04271949e-03 
 7.19477679e-01  8.08845026e-03 
 7.19836455e-01  8.13419000e-03 
 7.20193536e-01  8.17993862e-03 
 7.20548939e-01  8.22569603e-03 
 7.20902681e-01  8.27146215e-03 
 7.21254779e-01  8.31723687e-03 
 7.21605250e-01  8.36302012e-03 
 7.21954110e-01  8.40881181e-03 
 7.22301375e-01  8.45461185e-03 
 7.22647062e-01  8.50042015e-03 
 7.22991185e-01  8.54623665e-03 
 7.23333761e-01  8.59206125e-03 
 7.23674804e-01  8.63789388e-03 
 7.24014330e-01  8.68373446e-03 
 7.24352353e-01  8.72958291e-03 
 7.24688888e-01  8.77543916e-03 
 7.25023950e-01  8.82130312e-03 
 7.25357551e-01  8.86717473e-03 
 7.25689707e-01  8.91305391e-03 
 7.26020432e-01  8.95894060e-03 
 7.26349737e-01  9.00483471e-03 
 7.26677638e-01  9.05073618e-03 
 7.27004147e-01  9.09664495e-03 
 7.27329277e-01  9.14256093e-03 
 7.27653041e-01  9.18848407e-03 
 7.27975451e-01  9.23441430e-03 
 7.28296520e-01  9.28035156e-03 
 7.28616261e-01  9.32629578e-03 
 7.28934685e-01  9.37224689e-03 
 7.29251804e-01  9.41820484e-03 
 7.29567630e-01  9.46416956e-03 
 7.29882175e-01  9.51014099e-03 
 7.30195450e-01  9.55611907e-03 
 7.30507466e-01  9.60210375e-03 
 7.30818235e-01  9.64809496e-03 
 7.31127768e-01  9.69409265e-03 
 7.31436075e-01  9.74009675e-03 
 7.31743167e-01  9.78610722e-03 
 7.32049055e-01  9.83212400e-03 
 7.32353749e-01  9.87814703e-03 
 7.32657259e-01  9.92417626e-03 
 7.32959597e-01  9.97021164e-03 
 7.33260771e-01  1.00162531e-02 
 7.33560791e-01  1.00623006e-02 
 7.33859668e-01  1.01083541e-02 
 7.34157411e-01  1.01544136e-02 
 7.34454030e-01  1.02004789e-02 
 7.34749533e-01  1.02465501e-02 
 7.35043931e-01  1.02926270e-02 
 7.35337232e-01  1.03387097e-02 
 7.35629446e-01  1.03847981e-02 
 7.35920581e-01  1.04308922e-02 
 7.36210647e-01  1.04769918e-02 
 7.36499652e-01  1.05230971e-02 
 7.36787604e-01  1.05692078e-02 
 7.37074513e-01  1.06153240e-02 
 7.37360386e-01  1.06614456e-02 
 7.37645232e-01  1.07075726e-02 
 7.37929059e-01  1.07537049e-02 
 7.38211876e-01  1.07998426e-02 
 7.38493690e-01  1.08459854e-02 
 7.38774509e-01  1.08921335e-02 
 7.39054341e-01  1.09382868e-02 
 7.39333193e-01  1.09844452e-02 
 7.39611075e-01  1.10306087e-02 
 7.39887992e-01  1.10767772e-02 
 7.40163953e-01  1.11229507e-02 
 7.40438964e-01  1.11691292e-02 
 7.40713033e-01  1.12153127e-02 
 7.40986168e-01  1.12615010e-02 
 7.41258376e-01  1.13076942e-02 
 7.41529662e-01  1.13538922e-02 
 7.41800035e-01  1.14000951e-02 
 7.42069502e-01  1.14463026e-02 
 7.42338069e-01  1.14925149e-02 
 7.42605742e-01  1.15387318e-02 
 7.42872529e-01  1.15849534e-02 
 7.43138436e-01  1.16311796e-02 
 7.43403470e-01  1.16774104e-02 
 7.43667637e-01  1.17236457e-02 
 7.43930943e-01  1.17698855e-02 
 7.44193395e-01  1.18161298e-02 
 7.44454998e-01  1.18623786e-02 
 7.44715760e-01  1.19086317e-02 
 7.44975686e-01  1.19548893e-02 
 7.45234782e-01  1.20011511e-02 
 7.45493054e-01  1.20474173e-02 
 7.45750508e-01  1.20936878e-02 
 7.46007150e-01  1.21399625e-02 
 7.46262986e-01  1.21862415e-02 
 7.46518021e-01  1.22325247e-02 
 7.46772261e-01  1.22788120e-02 
 7.47025711e-01  1.23251034e-02 
 7.47278377e-01  1.23713990e-02 
 7.47530265e-01  1.24176986e-02 
 7.47781380e-01  1.24640023e-02 
 7.48031727e-01  1.25103100e-02 
 7.48281312e-01  1.25566217e-02 
 7.48530139e-01  1.26029374e-02 
 7.48778214e-01  1.26492570e-02 
 7.49025543e-01  1.26955805e-02 
 7.49272129e-01  1.27419079e-02 
 7.49517979e-01  1.27882392e-02 
 7.49763097e-01  1.28345743e-02 
 7.50007489e-01  1.28809132e-02 
 7.50251158e-01  1.29272558e-02 
 7.50494110e-01  1.29736023e-02 
 7.50736349e-01  1.30199525e-02 
 7.50977881e-01  1.30663063e-02 
 7.51218710e-01  1.31126639e-02 
 7.51458840e-01  1.31590251e-02 
 7.51698277e-01  1.32053900e-02 
 7.51937024e-01  1.32517584e-02 
 7.52175087e-01  1.32981305e-02 
 7.52412470e-01  1.33445061e-02 
 7.52649176e-01  1.33908853e-02 
 7.52885211e-01  1.34372679e-02 
 7.53120579e-01  1.34836541e-02 
 7.53355284e-01  1.35300438e-02 
 7.53589330e-01  1.35764368e-02 
 7.53822722e-01  1.36228334e-02 
 7.54055463e-01  1.36692333e-02 
 7.54287558e-01  1.37156366e-02 
 7.54519011e-01  1.37620433e-02 
 7.54749826e-01  1.38084533e-02 
 7.54980007e-01  1.38548666e-02 
 7.55209558e-01  1.39012833e-02 
 7.55438483e-01  1.39477032e-02 
 7.55666785e-01  1.39941264e-02 
 7.55894469e-01  1.40405528e-02 
 7.56121538e-01  1.40869824e-02 
 7.56347997e-01  1.41334153e-02 
 7.56573848e-01  1.41798513e-02 
 7.56799096e-01  1.42262905e-02 
 7.57023744e-01  1.42727328e-02 
 7.57247796e-01  1.43191782e-02 
 7.57471256e-01  1.43656268e-02 
 7.57694127e-01  1.44120784e-02 
 7.57916412e-01  1.44585331e-02 
 7.58138116e-01  1.45049908e-02 
 7.58359241e-01  1.45514516e-02 
 7.58579791e-01  1.45979154e-02 
 7.58799770e-01  1.46443822e-02 
 7.59019181e-01  1.46908519e-02 
 7.59238027e-01  1.47373246e-02 
 7.59456312e-01  1.47838003e-02 
 7.59674038e-01  1.48302788e-02 
 7.59891210e-01  1.48767603e-02 
 7.60107830e-01  1.49232447e-02 
 7.60323901e-01  1.49697319e-02 
 7.60539428e-01  1.50162220e-02 
 7.60754412e-01  1.50627150e-02 
 7.60968857e-01  1.51092107e-02 
 7.61182767e-01  1.51557093e-02 
 7.61396144e-01  1.52022107e-02 
 7.61608991e-01  1.52487148e-02 
 7.61821311e-01  1.52952217e-02 
 7.62033107e-01  1.53417313e-02 
 7.62244383e-01  1.53882437e-02 
 7.62455141e-01  1.54347588e-02 
 7.62665384e-01  1.54812766e-02 
 7.62875115e-01  1.55277970e-02 
 7.63084337e-01  1.55743201e-02 
 7.63293053e-01  1.56208459e-02 
 7.63501265e-01  1.56673743e-02 
 7.63708977e-01  1.57139054e-02 
 7.63916190e-01  1.57604390e-02 
 7.64122909e-01  1.58069752e-02 
 7.64329135e-01  1.58535141e-02 
 7.64534871e-01  1.59000554e-02 
 7.64740120e-01  1.59465994e-02 
 7.64944885e-01  1.59931458e-02 
 7.65149168e-01  1.60396948e-02 
 7.65352972e-01  1.60862463e-02 
 7.65556299e-01  1.61328003e-02 
 7.65759152e-01  1.61793568e-02 
 7.65961534e-01  1.62259158e-02 
 7.66163447e-01  1.62724772e-02 
 7.66364894e-01  1.63190410e-02 
 7.66565876e-01  1.63656073e-02 
 7.66766398e-01  1.64121760e-02 
 7.66966460e-01  1.64587471e-02 
 7.67166065e-01  1.65053206e-02 
 7.67365217e-01  1.65518965e-02 
 7.67563917e-01  1.65984747e-02 
 7.67762167e-01  1.66450553e-02 
 7.67959970e-01  1.66916383e-02 
 7.68157329e-01  1.67382235e-02 
 7.68354245e-01  1.67848111e-02 
 7.68550721e-01  1.68314010e-02 
 7.68746759e-01  1.68779932e-02 
 7.68942362e-01  1.69245876e-02 
 7.69137531e-01  1.69711844e-02 
 7.69332269e-01  1.70177834e-02 
 7.69526578e-01  1.70643846e-02 
 7.69720461e-01  1.71109881e-02 
 7.69913919e-01  1.71575938e-02 
 7.70106955e-01  1.72042017e-02 
 7.70299570e-01  1.72508118e-02 
 7.70491768e-01  1.72974241e-02 
 7.70683549e-01  1.73440386e-02 
 7.70874916e-01  1.73906552e-02 
 7.71065872e-01  1.74372740e-02 
 7.71256418e-01  1.74838950e-02 
 7.71446556e-01  1.75305180e-02 
 7.71636288e-01  1.75771433e-02 
 7.71825617e-01  1.76237706e-02 
 7.72014544e-01  1.76704000e-02 
 7.72203072e-01  1.77170315e-02 
 7.72391201e-01  1.77636651e-02 
 7.72578935e-01  1.78103008e-02 
 7.72766275e-01  1.78569386e-02 
 7.72953223e-01  1.79035784e-02 
 7.73139781e-01  1.79502202e-02 
 7.73325951e-01  1.79968641e-02 
 7.73511735e-01  1.80435100e-02 
 7.73697134e-01  1.80901579e-02 
 7.73882151e-01  1.81368078e-02 
 7.74066787e-01  1.81834597e-02 
 7.74251044e-01  1.82301136e-02 
 7.74434925e-01  1.82767694e-02 
 7.74618430e-01  1.83234273e-02 
 7.74801561e-01  1.83700871e-02 
 7.74984321e-01  1.84167488e-02 
 7.75166711e-01  1.84634125e-02 
 7.75348733e-01  1.85100781e-02 
 7.75530389e-01  1.85567456e-02 
 7.75711680e-01  1.86034150e-02 
 7.75892607e-01  1.86500863e-02 
 7.76073174e-01  1.86967596e-02 
 7.76253381e-01  1.87434347e-02 
 7.76433230e-01  1.87901117e-02 
 7.76612723e-01  1.88367905e-02 
 7.76791861e-01  1.88834712e-02 
 7.76970646e-01  1.89301538e-02 
 7.77149080e-01  1.89768382e-02 
 7.77327164e-01  1.90235244e-02 
 7.77504900e-01  1.90702124e-02 
 7.77682290e-01  1.91169023e-02 
 7.77859334e-01  1.91635940e-02 
 7.78036036e-01  1.92102874e-02 
 7.78212395e-01  1.92569827e-02 
 7.78388414e-01  1.93036797e-02 
 7.78564095e-01  1.93503786e-02 
 7.78739438e-01  1.93970791e-02 
 7.78914446e-01  1.94437815e-02 
 7.79089120e-01  1.94904856e-02 
 7.79263461e-01  1.95371914e-02 
 7.79437470e-01  1.95838990e-02 
 7.79611150e-01  1.96306083e-02 
 7.79784502e-01  1.96773193e-02 
 7.79957527e-01  1.97240320e-02 
