-1.81949266e+00 -1.80507341e-03 
-1.81039356e+00 -1.79606439e-03 
-1.80129446e+00 -1.78705538e-03 
-1.79219536e+00 -1.77804637e-03 
-1.78309626e+00 -1.76903736e-03 
-1.77399716e+00 -1.76002835e-03 
-1.76489807e+00 -1.75101934e-03 
-1.75579897e+00 -1.74201033e-03 
-1.74669987e+00 -1.73300132e-03 
-1.73760077e+00 -1.72399231e-03 
-1.72850167e+00 -1.71498330e-03 
-1.71940257e+00 -1.70597429e-03 
-1.71030347e+00 -1.69696527e-03 
-1.70120437e+00 -1.68795626e-03 
-1.69210527e+00 -1.67894725e-03 
-1.68300618e+00 -1.66993824e-03 
-1.67390708e+00 -1.66092923e-03 
-1.66480798e+00 -1.65192022e-03 
-1.65570888e+00 -1.64291121e-03 
-1.64660978e+00 -1.63390219e-03 
-1.63751068e+00 -1.62489318e-03 
-1.62841158e+00 -1.61588417e-03 
-1.61931248e+00 -1.60687516e-03 
-1.61021339e+00 -1.59786615e-03 
-1.60111429e+00 -1.58885714e-03 
-1.59201519e+00 -1.57984812e-03 
-1.58291609e+00 -1.57083911e-03 
-1.57381699e+00 -1.56183010e-03 
-1.56471789e+00 -1.55282109e-03 
-1.55561879e+00 -1.54381208e-03 
-1.54651969e+00 -1.53480306e-03 
-1.53742059e+00 -1.52579405e-03 
-1.52832150e+00 -1.51678504e-03 
-1.51922240e+00 -1.50777603e-03 
-1.51012330e+00 -1.49876701e-03 
-1.50102420e+00 -1.48975800e-03 
-1.49192510e+00 -1.48074899e-03 
-1.48282600e+00 -1.47173998e-03 
-1.47372690e+00 -1.46273096e-03 
-1.46462781e+00 -1.45372195e-03 
-1.45552871e+00 -1.44471294e-03 
-1.44642961e+00 -1.43570392e-03 
-1.43733051e+00 -1.42669491e-03 
-1.42823141e+00 -1.41768590e-03 
-1.41913231e+00 -1.40867688e-03 
-1.41003321e+00 -1.39966787e-03 
-1.40093411e+00 -1.39065886e-03 
-1.39183502e+00 -1.38164984e-03 
-1.38273592e+00 -1.37264083e-03 
-1.37363682e+00 -1.36363181e-03 
-1.36453772e+00 -1.35462280e-03 
-1.35543862e+00 -1.34561379e-03 
-1.34633952e+00 -1.33660477e-03 
-1.33724042e+00 -1.32759576e-03 
-1.32814133e+00 -1.31858674e-03 
-1.31904223e+00 -1.30957773e-03 
-1.30994313e+00 -1.30056871e-03 
-1.30084403e+00 -1.29155970e-03 
-1.29174493e+00 -1.28255068e-03 
-1.28264583e+00 -1.27354166e-03 
-1.27354674e+00 -1.26453265e-03 
-1.26444764e+00 -1.25552363e-03 
-1.25534854e+00 -1.24651462e-03 
-1.24624944e+00 -1.23750560e-03 
-1.23715034e+00 -1.22849658e-03 
-1.22805124e+00 -1.21948756e-03 
-1.21895215e+00 -1.21047855e-03 
-1.20985305e+00 -1.20146953e-03 
-1.20075395e+00 -1.19246051e-03 
-1.19165485e+00 -1.18345149e-03 
-1.18255575e+00 -1.17444248e-03 
-1.17345665e+00 -1.16543346e-03 
-1.16435756e+00 -1.15642444e-03 
-1.15525846e+00 -1.14741542e-03 
-1.14615936e+00 -1.13840640e-03 
-1.13706026e+00 -1.12939738e-03 
-1.12796116e+00 -1.12038836e-03 
-1.11886207e+00 -1.11137934e-03 
-1.10976297e+00 -1.10237032e-03 
-1.10066387e+00 -1.09336130e-03 
-1.09156477e+00 -1.08435227e-03 
-1.08246567e+00 -1.07534325e-03 
-1.07336658e+00 -1.06633423e-03 
-1.06426748e+00 -1.05732521e-03 
-1.05516838e+00 -1.04831618e-03 
-1.04606928e+00 -1.03930716e-03 
-1.03697019e+00 -1.03029813e-03 
-1.02787109e+00 -1.02128911e-03 
-1.01877199e+00 -1.01228008e-03 
-1.00967289e+00 -1.00327106e-03 
-1.00057380e+00 -9.94262028e-04 
-9.91474700e-01 -9.85253000e-04 
-9.82375603e-01 -9.76243972e-04 
-9.73276506e-01 -9.67234942e-04 
-9.64177409e-01 -9.58225912e-04 
-9.55078312e-01 -9.49216881e-04 
-9.45979215e-01 -9.40207850e-04 
-9.36880118e-01 -9.31198817e-04 
-9.27781022e-01 -9.22189783e-04 
-9.18681925e-01 -9.13180749e-04 
-9.09582829e-01 -9.04171713e-04 
-9.00483732e-01 -8.95162677e-04 
-8.91384636e-01 -8.86153639e-04 
-8.82285540e-01 -8.77144600e-04 
-8.73186444e-01 -8.68135560e-04 
-8.64087348e-01 -8.59126518e-04 
-8.54988252e-01 -8.50117475e-04 
-8.45889157e-01 -8.41108431e-04 
-8.36790062e-01 -8.32099385e-04 
-8.27690966e-01 -8.23090337e-04 
-8.18591871e-01 -8.14081288e-04 
-8.09492776e-01 -8.05072236e-04 
-8.00393682e-01 -7.96063183e-04 
-7.91294587e-01 -7.87054128e-04 
-7.82195493e-01 -7.78045071e-04 
-7.73096399e-01 -7.69036011e-04 
-7.63997305e-01 -7.60026949e-04 
-7.54898212e-01 -7.51017884e-04 
-7.45799118e-01 -7.42008816e-04 
-7.36700025e-01 -7.32999746e-04 
-7.27600933e-01 -7.23990673e-04 
-7.18501840e-01 -7.14981596e-04 
-7.09402748e-01 -7.05972515e-04 
-7.00303657e-01 -6.96963431e-04 
-6.91204566e-01 -6.87954343e-04 
-6.82105475e-01 -6.78945251e-04 
-6.73006385e-01 -6.69936154e-04 
-6.63907295e-01 -6.60927052e-04 
-6.54808206e-01 -6.51917945e-04 
-6.45709117e-01 -6.42908832e-04 
-6.36610029e-01 -6.33899713e-04 
-6.27510941e-01 -6.24890588e-04 
-6.18411854e-01 -6.15881456e-04 
-6.09312768e-01 -6.06872317e-04 
-6.00213683e-01 -5.97863169e-04 
-5.91114599e-01 -5.88854013e-04 
-5.82015515e-01 -5.79844847e-04 
-5.72916433e-01 -5.70835671e-04 
-5.63817352e-01 -5.61826485e-04 
-5.54718271e-01 -5.52817286e-04 
-5.45619193e-01 -5.43808075e-04 
-5.36520115e-01 -5.34798850e-04 
-5.27421039e-01 -5.25789609e-04 
-5.18321965e-01 -5.16780352e-04 
-5.09222892e-01 -5.07771077e-04 
-5.00123822e-01 -4.98761782e-04 
-4.91024753e-01 -4.89752466e-04 
-4.81925687e-01 -4.80743126e-04 
-4.72826624e-01 -4.71733760e-04 
-4.63727563e-01 -4.62724365e-04 
-4.54628506e-01 -4.53714939e-04 
-4.45529452e-01 -4.44705478e-04 
-4.36430402e-01 -4.35695979e-04 
-4.27331356e-01 -4.26686437e-04 
-4.18232315e-01 -4.17676847e-04 
-4.09133279e-01 -4.08667205e-04 
-4.00034250e-01 -3.99657504e-04 
-3.90935226e-01 -3.90647737e-04 
-3.81836210e-01 -3.81637896e-04 
-3.72737203e-01 -3.72627972e-04 
-3.63638205e-01 -3.63617954e-04 
-3.54539217e-01 -3.54607829e-04 
-3.45440242e-01 -3.45597584e-04 
-3.36341280e-01 -3.36587202e-04 
-3.27242334e-01 -3.27576662e-04 
-3.18143406e-01 -3.18565943e-04 
-3.09044498e-01 -3.09555016e-04 
-2.99945615e-01 -3.00543849e-04 
-2.90846760e-01 -2.91532403e-04 
-2.81747937e-01 -2.82520633e-04 
-2.72649152e-01 -2.73508481e-04 
-2.63550412e-01 -2.64495881e-04 
-2.54451725e-01 -2.55482748e-04 
-2.45353102e-01 -2.46468981e-04 
-2.36254555e-01 -2.37454452e-04 
-2.27156100e-01 -2.28439003e-04 
-2.18057757e-01 -2.19422434e-04 
-2.08959551e-01 -2.10404490e-04 
-1.99861515e-01 -2.01384845e-04 
-1.90763693e-01 -1.92363073e-04 
-1.81666138e-01 -1.83338616e-04 
-1.72568927e-01 -1.74310728e-04 
-1.63472160e-01 -1.65278401e-04 
-1.54375927e-01 -1.56240727e-04 
-1.45280231e-01 -1.47197692e-04 
-1.36185163e-01 -1.38148372e-04 
-1.27090839e-01 -1.29091608e-04 
-1.17997397e-01 -1.20026029e-04 
-1.08904999e-01 -1.10950008e-04 
-9.98138377e-02 -1.01861623e-04 
-9.07241403e-02 -9.27585970e-05 
-8.16361762e-02 -8.36382376e-05 
-7.25502641e-02 -7.44973592e-05 
-6.34667805e-02 -6.53321951e-05 
-5.43861707e-02 -5.61382930e-05 
-4.53089607e-02 -4.69103925e-05 
-3.62357718e-02 -3.76422817e-05 
-2.71673371e-02 -2.83266294e-05 
-1.81045210e-02 -1.89547902e-05 
-9.04834227e-03 -9.51657725e-06 
 4.28254267e-12 -4.28090162e-14 
 9.03909618e-03  9.60903823e-06 
 1.80672913e-02  1.93270870e-05 
 2.70826458e-02  2.91735423e-05 
 3.60828908e-02  3.91710920e-05 
 4.50653788e-02  4.93462125e-05 
 5.40270283e-02  5.97297171e-05 
 6.29642648e-02  7.03573519e-05 
 7.18729571e-02  8.12704295e-05 
 8.07483513e-02  9.25164870e-05 
 8.95850056e-02  1.04149944e-04 
 9.83767273e-02  1.16232727e-04 
 1.07116518e-01  1.28834821e-04 
 1.15796532e-01  1.42034681e-04 
 1.24408055e-01  1.55919450e-04 
 1.32941511e-01  1.70584892e-04 
 1.41386503e-01  1.86134967e-04 
 1.49731903e-01  2.02680971e-04 
 1.57965984e-01  2.20340164e-04 
 1.66076611e-01  2.39233885e-04 
 1.74051487e-01  2.59485133e-04 
 1.81878430e-01  2.81215703e-04 
 1.89545700e-01  3.04543003e-04 
 1.97042326e-01  3.29576738e-04 
 2.04358432e-01  3.56415682e-04 
 2.11485522e-01  3.85144781e-04 
 2.18416718e-01  4.15832816e-04 
 2.25146922e-01  4.48530780e-04 
 2.31672893e-01  4.83271075e-04 
 2.37993246e-01  5.20067542e-04 
 2.44108375e-01  5.58916252e-04 
 2.50020307e-01  5.99796927e-04 
 2.55732517e-01  6.42674830e-04 
 2.61249706e-01  6.87502939e-04 
 2.66577576e-01  7.34224237e-04 
 2.71722603e-01  7.82773974e-04 
 2.76691821e-01  8.33081795e-04 
 2.81492635e-01  8.85073655e-04 
 2.86132651e-01  9.38673487e-04 
 2.90619540e-01  9.93804600e-04 
 2.94960918e-01  1.05039082e-03 
 2.99164262e-01  1.10835738e-03 
 3.03236838e-01  1.16763162e-03 
 3.07185653e-01  1.22814347e-03 
 3.11017424e-01  1.28982576e-03 
 3.14738548e-01  1.35261452e-03 
 3.18355103e-01  1.41644897e-03 
 3.21872834e-01  1.48127166e-03 
 3.25297162e-01  1.54702838e-03 
 3.28633191e-01  1.61366809e-03 
 3.31885716e-01  1.68114284e-03 
 3.35059237e-01  1.74940763e-03 
 3.38157975e-01  1.81842025e-03 
 3.41185885e-01  1.88814115e-03 
 3.44146669e-01  1.95853331e-03 
 3.47043797e-01  2.02956203e-03 
 3.49880517e-01  2.10119483e-03 
 3.52659869e-01  2.17340131e-03 
 3.55384705e-01  2.24615295e-03 
 3.58057692e-01  2.31942308e-03 
 3.60681333e-01  2.39318667e-03 
 3.63257976e-01  2.46742024e-03 
 3.65789821e-01  2.54210179e-03 
 3.68278938e-01  2.61721062e-03 
 3.70727267e-01  2.69272733e-03 
 3.73136635e-01  2.76863365e-03 
 3.75508759e-01  2.84491241e-03 
 3.77845255e-01  2.92154745e-03 
 3.80147646e-01  2.99852354e-03 
 3.82417367e-01  3.07582633e-03 
 3.84655772e-01  3.15344228e-03 
 3.86864140e-01  3.23135860e-03 
 3.89043676e-01  3.30956324e-03 
 3.91195524e-01  3.38804476e-03 
 3.93320762e-01  3.46679238e-03 
 3.95420411e-01  3.54579589e-03 
 3.97495442e-01  3.62504558e-03 
 3.99546770e-01  3.70453230e-03 
 4.01575267e-01  3.78424733e-03 
 4.03581760e-01  3.86418240e-03 
 4.05567033e-01  3.94432967e-03 
 4.07531832e-01  4.02468168e-03 
 4.09476868e-01  4.10523132e-03 
 4.11402815e-01  4.18597185e-03 
 4.13310318e-01  4.26689682e-03 
 4.15199988e-01  4.34800012e-03 
 4.17072412e-01  4.42927588e-03 
 4.18928146e-01  4.51071854e-03 
 4.20767723e-01  4.59232277e-03 
 4.22591651e-01  4.67408349e-03 
 4.24400417e-01  4.75599583e-03 
 4.26194485e-01  4.83805515e-03 
 4.27974299e-01  4.92025701e-03 
 4.29740287e-01  5.00259713e-03 
 4.31492855e-01  5.08507145e-03 
 4.33232394e-01  5.16767606e-03 
 4.34959279e-01  5.25040721e-03 
 4.36673869e-01  5.33326131e-03 
 4.38376509e-01  5.41623491e-03 
 4.40067530e-01  5.49932470e-03 
 4.41747250e-01  5.58252750e-03 
 4.43415974e-01  5.66584026e-03 
 4.45073998e-01  5.74926002e-03 
 4.46721603e-01  5.83278397e-03 
 4.48359061e-01  5.91640939e-03 
 4.49986635e-01  6.00013365e-03 
 4.51604577e-01  6.08395423e-03 
 4.53213129e-01  6.16786871e-03 
 4.54812526e-01  6.25187474e-03 
 4.56402994e-01  6.33597006e-03 
 4.57984751e-01  6.42015249e-03 
 4.59558007e-01  6.50441993e-03 
 4.61122965e-01  6.58877035e-03 
 4.62679822e-01  6.67320178e-03 
 4.64228765e-01  6.75771235e-03 
 4.65769980e-01  6.84230020e-03 
 4.67303642e-01  6.92696358e-03 
 4.68829922e-01  7.01170078e-03 
 4.70348987e-01  7.09651013e-03 
 4.71860996e-01  7.18139004e-03 
 4.73366104e-01  7.26633896e-03 
 4.74864462e-01  7.35135538e-03 
 4.76356215e-01  7.43643785e-03 
 4.77841504e-01  7.52158496e-03 
 4.79320466e-01  7.60679534e-03 
 4.80793232e-01  7.69206768e-03 
 4.82259932e-01  7.77740068e-03 
 4.83720689e-01  7.86279311e-03 
 4.85175625e-01  7.94824375e-03 
 4.86624858e-01  8.03375142e-03 
 4.88068500e-01  8.11931500e-03 
 4.89506662e-01  8.20493338e-03 
 4.90939453e-01  8.29060547e-03 
 4.92366975e-01  8.37633025e-03 
 4.93789331e-01  8.46210669e-03 
 4.95206620e-01  8.54793380e-03 
 4.96618936e-01  8.63381064e-03 
 4.98026374e-01  8.71973626e-03 
 4.99429024e-01  8.80570976e-03 
 5.00826974e-01  8.89173026e-03 
 5.02220311e-01  8.97779689e-03 
 5.03609117e-01  9.06390883e-03 
 5.04993474e-01  9.15006526e-03 
 5.06373461e-01  9.23626539e-03 
 5.07749156e-01  9.32250844e-03 
 5.09120634e-01  9.40879366e-03 
 5.10487968e-01  9.49512032e-03 
 5.11851230e-01  9.58148770e-03 
 5.13210489e-01  9.66789511e-03 
 5.14565813e-01  9.75434187e-03 
 5.15917268e-01  9.84082732e-03 
 5.17264920e-01  9.92735080e-03 
 5.18608830e-01  1.00139117e-02 
 5.19949062e-01  1.01005094e-02 
 5.21285673e-01  1.01871433e-02 
 5.22618725e-01  1.02738128e-02 
 5.23948272e-01  1.03605173e-02 
 5.25274372e-01  1.04472563e-02 
 5.26597079e-01  1.05340292e-02 
 5.27916446e-01  1.06208355e-02 
 5.29232526e-01  1.07076747e-02 
 5.30545368e-01  1.07945463e-02 
 5.31855024e-01  1.08814498e-02 
 5.33161542e-01  1.09683846e-02 
 5.34464969e-01  1.10553503e-02 
 5.35765351e-01  1.11423465e-02 
 5.37062735e-01  1.12293726e-02 
 5.38357164e-01  1.13164284e-02 
 5.39648683e-01  1.14035132e-02 
 5.40937334e-01  1.14906267e-02 
 5.42223158e-01  1.15777684e-02 
 5.43506196e-01  1.16649380e-02 
 5.44786488e-01  1.17521351e-02 
 5.46064074e-01  1.18393593e-02 
 5.47338991e-01  1.19266101e-02 
 5.48611277e-01  1.20138872e-02 
 5.49880969e-01  1.21011903e-02 
 5.51148103e-01  1.21885190e-02 
 5.52412713e-01  1.22758729e-02 
 5.53674835e-01  1.23632517e-02 
 5.54934502e-01  1.24506550e-02 
 5.56191747e-01  1.25380825e-02 
 5.57446603e-01  1.26255340e-02 
 5.58699102e-01  1.27130090e-02 
 5.59949275e-01  1.28005073e-02 
 5.61197152e-01  1.28880285e-02 
 5.62442764e-01  1.29755724e-02 
 5.63686140e-01  1.30631386e-02 
 5.64927308e-01  1.31507269e-02 
 5.66166298e-01  1.32383370e-02 
 5.67403137e-01  1.33259686e-02 
 5.68637853e-01  1.34136215e-02 
 5.69870471e-01  1.35012953e-02 
 5.71101019e-01  1.35889898e-02 
 5.72329522e-01  1.36767048e-02 
 5.73556005e-01  1.37644399e-02 
 5.74780494e-01  1.38521951e-02 
 5.76003013e-01  1.39399699e-02 
 5.77223585e-01  1.40277641e-02 
 5.78442235e-01  1.41155777e-02 
 5.79658985e-01  1.42034102e-02 
