-1.81915780e+00 -1.80842197e-03 
-1.81005870e+00 -1.79941296e-03 
-1.80095961e+00 -1.79040395e-03 
-1.79186051e+00 -1.78139494e-03 
-1.78276141e+00 -1.77238592e-03 
-1.77366231e+00 -1.76337691e-03 
-1.76456321e+00 -1.75436790e-03 
-1.75546411e+00 -1.74535888e-03 
-1.74636501e+00 -1.73634987e-03 
-1.73726591e+00 -1.72734086e-03 
-1.72816682e+00 -1.71833184e-03 
-1.71906772e+00 -1.70932283e-03 
-1.70996862e+00 -1.70031381e-03 
-1.70086952e+00 -1.69130480e-03 
-1.69177042e+00 -1.68229579e-03 
-1.68267132e+00 -1.67328677e-03 
-1.67357222e+00 -1.66427776e-03 
-1.66447313e+00 -1.65526874e-03 
-1.65537403e+00 -1.64625973e-03 
-1.64627493e+00 -1.63725072e-03 
-1.63717583e+00 -1.62824170e-03 
-1.62807673e+00 -1.61923269e-03 
-1.61897763e+00 -1.61022367e-03 
-1.60987853e+00 -1.60121466e-03 
-1.60077944e+00 -1.59220564e-03 
-1.59168034e+00 -1.58319662e-03 
-1.58258124e+00 -1.57418761e-03 
-1.57348214e+00 -1.56517859e-03 
-1.56438304e+00 -1.55616958e-03 
-1.55528394e+00 -1.54716056e-03 
-1.54618485e+00 -1.53815155e-03 
-1.53708575e+00 -1.52914253e-03 
-1.52798665e+00 -1.52013351e-03 
-1.51888755e+00 -1.51112450e-03 
-1.50978845e+00 -1.50211548e-03 
-1.50068935e+00 -1.49310646e-03 
-1.49159026e+00 -1.48409744e-03 
-1.48249116e+00 -1.47508843e-03 
-1.47339206e+00 -1.46607941e-03 
-1.46429296e+00 -1.45707039e-03 
-1.45519386e+00 -1.44806137e-03 
-1.44609476e+00 -1.43905236e-03 
-1.43699567e+00 -1.43004334e-03 
-1.42789657e+00 -1.42103432e-03 
-1.41879747e+00 -1.41202530e-03 
-1.40969837e+00 -1.40301628e-03 
-1.40059927e+00 -1.39400726e-03 
-1.39150018e+00 -1.38499824e-03 
-1.38240108e+00 -1.37598922e-03 
-1.37330198e+00 -1.36698020e-03 
-1.36420288e+00 -1.35797118e-03 
-1.35510378e+00 -1.34896216e-03 
-1.34600469e+00 -1.33995314e-03 
-1.33690559e+00 -1.33094411e-03 
-1.32780649e+00 -1.32193509e-03 
-1.31870739e+00 -1.31292607e-03 
-1.30960830e+00 -1.30391705e-03 
-1.30050920e+00 -1.29490802e-03 
-1.29141010e+00 -1.28589900e-03 
-1.28231100e+00 -1.27688998e-03 
-1.27321190e+00 -1.26788095e-03 
-1.26411281e+00 -1.25887193e-03 
-1.25501371e+00 -1.24986290e-03 
-1.24591461e+00 -1.24085388e-03 
-1.23681552e+00 -1.23184485e-03 
-1.22771642e+00 -1.22283582e-03 
-1.21861732e+00 -1.21382679e-03 
-1.20951822e+00 -1.20481777e-03 
-1.20041913e+00 -1.19580874e-03 
-1.19132003e+00 -1.18679971e-03 
-1.18222093e+00 -1.17779068e-03 
-1.17312184e+00 -1.16878165e-03 
-1.16402274e+00 -1.15977262e-03 
-1.15492364e+00 -1.15076359e-03 
-1.14582454e+00 -1.14175455e-03 
-1.13672545e+00 -1.13274552e-03 
-1.12762635e+00 -1.12373648e-03 
-1.11852725e+00 -1.11472745e-03 
-1.10942816e+00 -1.10571841e-03 
-1.10032906e+00 -1.09670938e-03 
-1.09122997e+00 -1.08770034e-03 
-1.08213087e+00 -1.07869130e-03 
-1.07303177e+00 -1.06968226e-03 
-1.06393268e+00 -1.06067322e-03 
-1.05483358e+00 -1.05166418e-03 
-1.04573449e+00 -1.04265514e-03 
-1.03663539e+00 -1.03364609e-03 
-1.02753630e+00 -1.02463705e-03 
-1.01843720e+00 -1.01562800e-03 
-1.00933810e+00 -1.00661895e-03 
-1.00023901e+00 -9.97609902e-04 
-9.91139915e-01 -9.88600851e-04 
-9.82040820e-01 -9.79591799e-04 
-9.72941726e-01 -9.70582744e-04 
-9.63842631e-01 -9.61573688e-04 
-9.54743537e-01 -9.52564631e-04 
-9.45644443e-01 -9.43555571e-04 
-9.36545349e-01 -9.34546509e-04 
-9.27446255e-01 -9.25537446e-04 
-9.18347162e-01 -9.16528380e-04 
-9.09248069e-01 -9.07519311e-04 
-9.00148976e-01 -8.98510241e-04 
-8.91049883e-01 -8.89501168e-04 
-8.81950791e-01 -8.80492092e-04 
-8.72851699e-01 -8.71483013e-04 
-8.63752607e-01 -8.62473931e-04 
-8.54653515e-01 -8.53464847e-04 
-8.45554424e-01 -8.44455759e-04 
-8.36455333e-01 -8.35446667e-04 
-8.27356243e-01 -8.26437572e-04 
-8.18257153e-01 -8.17428473e-04 
-8.09158063e-01 -8.08419370e-04 
-8.00058974e-01 -7.99410262e-04 
-7.90959885e-01 -7.90401150e-04 
-7.81860797e-01 -7.81392033e-04 
-7.72761709e-01 -7.72382911e-04 
-7.63662622e-01 -7.63373783e-04 
-7.54563535e-01 -7.54364650e-04 
-7.45464449e-01 -7.45355510e-04 
-7.36365364e-01 -7.36346364e-04 
-7.27266279e-01 -7.27337211e-04 
-7.18167195e-01 -7.18328051e-04 
-7.09068112e-01 -7.09318883e-04 
-6.99969029e-01 -7.00309706e-04 
-6.90869948e-01 -6.91300521e-04 
-6.81770867e-01 -6.82291326e-04 
-6.72671788e-01 -6.73282120e-04 
-6.63572710e-01 -6.64272904e-04 
-6.54473632e-01 -6.55263676e-04 
-6.45374556e-01 -6.46254436e-04 
-6.36275482e-01 -6.37245182e-04 
-6.27176409e-01 -6.28235914e-04 
-6.18077337e-01 -6.19226630e-04 
-6.08978267e-01 -6.10217329e-04 
-5.99879199e-01 -6.01208011e-04 
-5.90780133e-01 -5.92198673e-04 
-5.81681069e-01 -5.83189315e-04 
-5.72582007e-01 -5.74179933e-04 
-5.63482947e-01 -5.65170528e-04 
-5.54383890e-01 -5.56161096e-04 
-5.45284837e-01 -5.47151635e-04 
-5.36185786e-01 -5.38142143e-04 
-5.27086738e-01 -5.29132617e-04 
-5.17987695e-01 -5.20123054e-04 
-5.08888655e-01 -5.11113451e-04 
-4.99789620e-01 -5.02103803e-04 
-4.90690589e-01 -4.93094108e-04 
-4.81591564e-01 -4.84084359e-04 
-4.72492545e-01 -4.75074553e-04 
-4.63393532e-01 -4.66064682e-04 
-4.54294526e-01 -4.57054742e-04 
-4.45195528e-01 -4.48044723e-04 
-4.36096538e-01 -4.39034619e-04 
-4.26997558e-01 -4.30024419e-04 
-4.17898589e-01 -4.21014113e-04 
-4.08799631e-01 -4.12003689e-04 
-3.99700687e-01 -4.02993133e-04 
-3.90601757e-01 -3.93982429e-04 
-3.81502844e-01 -3.84971560e-04 
-3.72403949e-01 -3.75960505e-04 
-3.63305076e-01 -3.66949240e-04 
-3.54206226e-01 -3.57937737e-04 
-3.45107404e-01 -3.48925963e-04 
-3.36008612e-01 -3.39913882e-04 
-3.26909855e-01 -3.30901450e-04 
-3.17811139e-01 -3.21888614e-04 
-3.08712469e-01 -3.12875313e-04 
-2.99613852e-01 -3.03861476e-04 
-2.90515299e-01 -2.94847014e-04 
-2.81416818e-01 -2.85831823e-04 
-2.72318422e-01 -2.76815779e-04 
-2.63220127e-01 -2.67798728e-04 
-2.54121952e-01 -2.58780484e-04 
-2.45023918e-01 -2.49760817e-04 
-2.35926056e-01 -2.40739441e-04 
-2.26828400e-01 -2.31716001e-04 
-2.17730995e-01 -2.22690047e-04 
-2.08633899e-01 -2.13661008e-04 
-1.99537185e-01 -2.04628148e-04 
-1.90440949e-01 -1.95590511e-04 
-1.81345316e-01 -1.86546841e-04 
-1.72250454e-01 -1.77495461e-04 
-1.63156572e-01 -1.68434283e-04 
-1.54063687e-01 -1.59363129e-04 
-1.44971910e-01 -1.50280898e-04 
-1.35881438e-01 -1.41185619e-04 
-1.26792503e-01 -1.32074974e-04 
-1.17705377e-01 -1.22946232e-04 
-1.08620382e-01 -1.13796183e-04 
-9.95378948e-02 -1.04621052e-04 
-9.04583603e-02 -9.54163972e-05 
-8.13822997e-02 -8.61770031e-05 
-7.23103258e-02 -7.68967419e-05 
-6.32431579e-02 -6.75684210e-05 
-5.41816396e-02 -5.81836039e-05 
-4.51267597e-02 -4.87324033e-05 
-3.60796757e-02 -3.92032427e-05 
-2.70417416e-02 -2.95825841e-05 
-1.80145383e-02 -1.98546173e-05 
-8.99990925e-03 -1.00009075e-05 
 2.84937624e-11 -2.84921213e-13 
 8.98269820e-03  1.01730180e-05 
 1.79452996e-02  2.05470042e-05 
 2.68844718e-02  3.11552819e-05 
 3.57963801e-02  4.20361988e-05 
 4.46766296e-02  5.32337044e-05 
 5.35202069e-02  6.47979309e-05 
 6.23214250e-02  7.67857501e-05 
 7.10738729e-02  8.92612713e-05 
 7.97703764e-02  1.02296236e-04 
 8.84029747e-02  1.15970253e-04 
 9.69629184e-02  1.30370816e-04 
 1.05440697e-01  1.45593028e-04 
 1.13826103e-01  1.61738974e-04 
 1.22108331e-01  1.78916688e-04 
 1.30276134e-01  1.97238661e-04 
 1.38318009e-01  2.16819909e-04 
 1.46222439e-01  2.37775614e-04 
 1.53978155e-01  2.60218445e-04 
 1.61574433e-01  2.84255666e-04 
 1.69001377e-01  3.09986227e-04 
 1.76250198e-01  3.37498021e-04 
 1.83313450e-01  3.66865503e-04 
 1.90185216e-01  3.98147840e-04 
 1.96861228e-01  4.31387719e-04 
 2.03338914e-01  4.66610860e-04 
 2.09617377e-01  5.03826231e-04 
 2.15697312e-01  5.43026883e-04 
 2.21580869e-01  5.84191307e-04 
 2.27271485e-01  6.27285149e-04 
 2.32773685e-01  6.72263149e-04 
 2.38092884e-01  7.19071161e-04 
 2.43235186e-01  7.67648139e-04 
 2.48207200e-01  8.17928001e-04 
 2.53015868e-01  8.69841318e-04 
 2.57668322e-01  9.23316778e-04 
 2.62171757e-01  9.78282431e-04 
 2.66533329e-01  1.03466671e-03 
 2.70760076e-01  1.09239924e-03 
 2.74858852e-01  1.15141148e-03 
 2.78836285e-01  1.21163715e-03 
 2.82698742e-01  1.27301258e-03 
 2.86452307e-01  1.33547693e-03 
 2.90102772e-01  1.39897228e-03 
 2.93655628e-01  1.46344372e-03 
 2.97116072e-01  1.52883928e-03 
 3.00489007e-01  1.59510993e-03 
 3.03779053e-01  1.66220947e-03 
 3.06990557e-01  1.73009443e-03 
 3.10127604e-01  1.79872396e-03 
 3.13194032e-01  1.86805968e-03 
 3.16193444e-01  1.93806556e-03 
 3.19129219e-01  2.00870781e-03 
 3.22004529e-01  2.07995471e-03 
 3.24822353e-01  2.15177647e-03 
 3.27585482e-01  2.22414518e-03 
 3.30296540e-01  2.29703460e-03 
 3.32957988e-01  2.37042012e-03 
 3.35572140e-01  2.44427860e-03 
 3.38141171e-01  2.51858829e-03 
 3.40667123e-01  2.59332877e-03 
 3.43151919e-01  2.66848081e-03 
 3.45597371e-01  2.74402629e-03 
 3.48005184e-01  2.81994816e-03 
 3.50376963e-01  2.89623037e-03 
 3.52714225e-01  2.97285775e-03 
 3.55018400e-01  3.04981600e-03 
 3.57290839e-01  3.12709161e-03 
 3.59532818e-01  3.20467182e-03 
 3.61745544e-01  3.28254456e-03 
 3.63930159e-01  3.36069841e-03 
 3.66087745e-01  3.43912255e-03 
 3.68219326e-01  3.51780674e-03 
 3.70325873e-01  3.59674127e-03 
 3.72408309e-01  3.67591691e-03 
 3.74467508e-01  3.75532492e-03 
 3.76504301e-01  3.83495699e-03 
 3.78519480e-01  3.91480520e-03 
 3.80513795e-01  3.99486205e-03 
 3.82487962e-01  4.07512038e-03 
 3.84442662e-01  4.15557338e-03 
 3.86378545e-01  4.23621455e-03 
 3.88296230e-01  4.31703770e-03 
 3.90196308e-01  4.39803692e-03 
 3.92079342e-01  4.47920658e-03 
 3.93945871e-01  4.56054129e-03 
 3.95796409e-01  4.64203591e-03 
 3.97631450e-01  4.72368550e-03 
 3.99451464e-01  4.80548536e-03 
 4.01256901e-01  4.88743099e-03 
 4.03048194e-01  4.96951806e-03 
 4.04825755e-01  5.05174245e-03 
 4.06589983e-01  5.13410017e-03 
 4.08341256e-01  5.21658744e-03 
 4.10079940e-01  5.29920060e-03 
 4.11806386e-01  5.38193614e-03 
 4.13520930e-01  5.46479070e-03 
 4.15223896e-01  5.54776104e-03 
 4.16915594e-01  5.63084406e-03 
 4.18596324e-01  5.71403676e-03 
 4.20266373e-01  5.79733627e-03 
 4.21926019e-01  5.88073981e-03 
 4.23575528e-01  5.96424472e-03 
 4.25215157e-01  6.04784843e-03 
 4.26845155e-01  6.13154845e-03 
 4.28465759e-01  6.21534241e-03 
 4.30077201e-01  6.29922799e-03 
 4.31679702e-01  6.38320298e-03 
 4.33273478e-01  6.46726522e-03 
 4.34858734e-01  6.55141266e-03 
 4.36435673e-01  6.63564327e-03 
 4.38004486e-01  6.71995514e-03 
 4.39565361e-01  6.80434639e-03 
 4.41118478e-01  6.88881522e-03 
 4.42664013e-01  6.97335987e-03 
 4.44202134e-01  7.05797866e-03 
 4.45733006e-01  7.14266994e-03 
 4.47256787e-01  7.22743213e-03 
 4.48773630e-01  7.31226370e-03 
 4.50283684e-01  7.39716316e-03 
 4.51787093e-01  7.48212907e-03 
 4.53283998e-01  7.56716002e-03 
 4.54774533e-01  7.65225467e-03 
 4.56258830e-01  7.73741170e-03 
 4.57737017e-01  7.82262983e-03 
 4.59209216e-01  7.90790784e-03 
 4.60675549e-01  7.99324451e-03 
 4.62136132e-01  8.07863868e-03 
 4.63591078e-01  8.16408922e-03 
 4.65040498e-01  8.24959502e-03 
 4.66484498e-01  8.33515502e-03 
 4.67923181e-01  8.42076819e-03 
 4.69356650e-01  8.50643350e-03 
 4.70785003e-01  8.59214997e-03 
 4.72208334e-01  8.67791666e-03 
 4.73626738e-01  8.76373262e-03 
 4.75040304e-01  8.84959696e-03 
 4.76449120e-01  8.93550880e-03 
 4.77853273e-01  9.02146727e-03 
 4.79252846e-01  9.10747154e-03 
 4.80647920e-01  9.19352080e-03 
 4.82038574e-01  9.27961426e-03 
 4.83424886e-01  9.36575114e-03 
 4.84806931e-01  9.45193069e-03 
 4.86184782e-01  9.53815218e-03 
 4.87558510e-01  9.62441490e-03 
 4.88928186e-01  9.71071814e-03 
 4.90293877e-01  9.79706123e-03 
 4.91655650e-01  9.88344350e-03 
 4.93013570e-01  9.96986430e-03 
 4.94367699e-01  1.00563230e-02 
 4.95718100e-01  1.01428190e-02 
 4.97064832e-01  1.02293517e-02 
 4.98407955e-01  1.03159205e-02 
 4.99747525e-01  1.04025248e-02 
 5.01083599e-01  1.04891640e-02 
 5.02416232e-01  1.05758377e-02 
 5.03745477e-01  1.06625452e-02 
 5.05071386e-01  1.07492861e-02 
 5.06394011e-01  1.08360599e-02 
 5.07713402e-01  1.09228660e-02 
 5.09029607e-01  1.10097039e-02 
 5.10342675e-01  1.10965732e-02 
 5.11652652e-01  1.11834735e-02 
 5.12959583e-01  1.12704042e-02 
 5.14263514e-01  1.13573649e-02 
 5.15564489e-01  1.14443551e-02 
 5.16862549e-01  1.15313745e-02 
 5.18157738e-01  1.16184226e-02 
 5.19450096e-01  1.17054990e-02 
 5.20739664e-01  1.17926034e-02 
 5.22026480e-01  1.18797352e-02 
 5.23310583e-01  1.19668942e-02 
 5.24592012e-01  1.20540799e-02 
 5.25870802e-01  1.21412920e-02 
 5.27146991e-01  1.22285301e-02 
 5.28420614e-01  1.23157939e-02 
 5.29691705e-01  1.24030829e-02 
 5.30960299e-01  1.24903970e-02 
 5.32226429e-01  1.25777357e-02 
 5.33490129e-01  1.26650987e-02 
 5.34751429e-01  1.27524857e-02 
 5.36010361e-01  1.28398964e-02 
 5.37266958e-01  1.29273304e-02 
 5.38521248e-01  1.30147875e-02 
 5.39773261e-01  1.31022674e-02 
 5.41023028e-01  1.31897697e-02 
 5.42270575e-01  1.32772942e-02 
 5.43515932e-01  1.33648407e-02 
 5.44759126e-01  1.34524087e-02 
 5.46000184e-01  1.35399982e-02 
 5.47239133e-01  1.36276087e-02 
 5.48475999e-01  1.37152400e-02 
 5.49710806e-01  1.38028919e-02 
 5.50943581e-01  1.38905642e-02 
 5.52174349e-01  1.39782565e-02 
 5.53403132e-01  1.40659687e-02 
 5.54629956e-01  1.41537004e-02 
 5.55854844e-01  1.42414516e-02 
 5.57077818e-01  1.43292218e-02 
 5.58298901e-01  1.44170110e-02 
