-1.81853469e+00 -1.81465305e-03 
-1.80943560e+00 -1.80564403e-03 
-1.80033650e+00 -1.79663502e-03 
-1.79123740e+00 -1.78762600e-03 
-1.78213830e+00 -1.77861698e-03 
-1.77303920e+00 -1.76960796e-03 
-1.76394011e+00 -1.76059895e-03 
-1.75484101e+00 -1.75158993e-03 
-1.74574191e+00 -1.74258091e-03 
-1.73664281e+00 -1.73357189e-03 
-1.72754371e+00 -1.72456287e-03 
-1.71844461e+00 -1.71555385e-03 
-1.70934552e+00 -1.70654483e-03 
-1.70024642e+00 -1.69753581e-03 
-1.69114732e+00 -1.68852679e-03 
-1.68204822e+00 -1.67951777e-03 
-1.67294912e+00 -1.67050875e-03 
-1.66385003e+00 -1.66149973e-03 
-1.65475093e+00 -1.65249071e-03 
-1.64565183e+00 -1.64348169e-03 
-1.63655273e+00 -1.63447267e-03 
-1.62745364e+00 -1.62546365e-03 
-1.61835454e+00 -1.61645463e-03 
-1.60925544e+00 -1.60744561e-03 
-1.60015634e+00 -1.59843658e-03 
-1.59105724e+00 -1.58942756e-03 
-1.58195815e+00 -1.58041854e-03 
-1.57285905e+00 -1.57140951e-03 
-1.56375995e+00 -1.56240049e-03 
-1.55466085e+00 -1.55339147e-03 
-1.54556176e+00 -1.54438244e-03 
-1.53646266e+00 -1.53537342e-03 
-1.52736356e+00 -1.52636439e-03 
-1.51826446e+00 -1.51735537e-03 
-1.50916537e+00 -1.50834634e-03 
-1.50006627e+00 -1.49933732e-03 
-1.49096717e+00 -1.49032829e-03 
-1.48186807e+00 -1.48131926e-03 
-1.47276898e+00 -1.47231024e-03 
-1.46366988e+00 -1.46330121e-03 
-1.45457078e+00 -1.45429218e-03 
-1.44547169e+00 -1.44528315e-03 
-1.43637259e+00 -1.43627412e-03 
-1.42727349e+00 -1.42726509e-03 
-1.41817439e+00 -1.41825606e-03 
-1.40907530e+00 -1.40924703e-03 
-1.39997620e+00 -1.40023800e-03 
-1.39087710e+00 -1.39122897e-03 
-1.38177801e+00 -1.38221993e-03 
-1.37267891e+00 -1.37321090e-03 
-1.36357981e+00 -1.36420186e-03 
-1.35448072e+00 -1.35519283e-03 
-1.34538162e+00 -1.34618379e-03 
-1.33628252e+00 -1.33717476e-03 
-1.32718343e+00 -1.32816572e-03 
-1.31808433e+00 -1.31915668e-03 
-1.30898524e+00 -1.31014764e-03 
-1.29988614e+00 -1.30113861e-03 
-1.29078704e+00 -1.29212957e-03 
-1.28168795e+00 -1.28312052e-03 
-1.27258885e+00 -1.27411148e-03 
-1.26348976e+00 -1.26510244e-03 
-1.25439066e+00 -1.25609339e-03 
-1.24529157e+00 -1.24708435e-03 
-1.23619247e+00 -1.23807530e-03 
-1.22709337e+00 -1.22906626e-03 
-1.21799428e+00 -1.22005721e-03 
-1.20889518e+00 -1.21104816e-03 
-1.19979609e+00 -1.20203911e-03 
-1.19069699e+00 -1.19303006e-03 
-1.18159790e+00 -1.18402100e-03 
-1.17249881e+00 -1.17501195e-03 
-1.16339971e+00 -1.16600289e-03 
-1.15430062e+00 -1.15699383e-03 
-1.14520152e+00 -1.14798477e-03 
-1.13610243e+00 -1.13897571e-03 
-1.12700333e+00 -1.12996665e-03 
-1.11790424e+00 -1.12095759e-03 
-1.10880515e+00 -1.11194852e-03 
-1.09970605e+00 -1.10293945e-03 
-1.09060696e+00 -1.09393038e-03 
-1.08150787e+00 -1.08492131e-03 
-1.07240878e+00 -1.07591223e-03 
-1.06330968e+00 -1.06690316e-03 
-1.05421059e+00 -1.05789408e-03 
-1.04511150e+00 -1.04888500e-03 
-1.03601241e+00 -1.03987591e-03 
-1.02691332e+00 -1.03086683e-03 
-1.01781423e+00 -1.02185774e-03 
-1.00871514e+00 -1.01284864e-03 
-9.99616045e-01 -1.00383955e-03 
-9.90516955e-01 -9.94830450e-04 
-9.81417865e-01 -9.85821348e-04 
-9.72318776e-01 -9.76812243e-04 
-9.63219687e-01 -9.67803133e-04 
-9.54120598e-01 -9.58794020e-04 
-9.45021510e-01 -9.49784903e-04 
-9.35922422e-01 -9.40775782e-04 
-9.26823334e-01 -9.31766656e-04 
-9.17724247e-01 -9.22757525e-04 
-9.08625161e-01 -9.13748390e-04 
-8.99526075e-01 -9.04739249e-04 
-8.90426990e-01 -8.95730103e-04 
-8.81327905e-01 -8.86720951e-04 
-8.72228821e-01 -8.77711793e-04 
-8.63129737e-01 -8.68702629e-04 
-8.54030654e-01 -8.59693458e-04 
-8.44931572e-01 -8.50684280e-04 
-8.35832491e-01 -8.41675095e-04 
-8.26733410e-01 -8.32665901e-04 
-8.17634330e-01 -8.23656700e-04 
-8.08535251e-01 -8.14647490e-04 
-7.99436173e-01 -8.05638270e-04 
-7.90337096e-01 -7.96629041e-04 
-7.81238020e-01 -7.87619801e-04 
-7.72138945e-01 -7.78610550e-04 
-7.63039871e-01 -7.69601288e-04 
-7.53940799e-01 -7.60592013e-04 
-7.44841728e-01 -7.51582725e-04 
-7.35742658e-01 -7.42573423e-04 
-7.26643589e-01 -7.33564106e-04 
-7.17544523e-01 -7.24554774e-04 
-7.08445458e-01 -7.15545424e-04 
-6.99346394e-01 -7.06536057e-04 
-6.90247333e-01 -6.97526670e-04 
-6.81148274e-01 -6.88517263e-04 
-6.72049217e-01 -6.79507834e-04 
-6.62950162e-01 -6.70498382e-04 
-6.53851109e-01 -6.61488905e-04 
-6.44752060e-01 -6.52479401e-04 
-6.35653013e-01 -6.43469868e-04 
-6.26553970e-01 -6.34460305e-04 
-6.17454929e-01 -6.25450708e-04 
-6.08355892e-01 -6.16441075e-04 
-5.99256860e-01 -6.07431404e-04 
-5.90157831e-01 -5.98421692e-04 
-5.81058807e-01 -5.89411934e-04 
-5.71959787e-01 -5.80402129e-04 
-5.62860773e-01 -5.71392271e-04 
-5.53761764e-01 -5.62382356e-04 
-5.44662762e-01 -5.53372380e-04 
-5.35563766e-01 -5.44362337e-04 
-5.26464778e-01 -5.35352221e-04 
-5.17365797e-01 -5.26342026e-04 
-5.08266826e-01 -5.17331744e-04 
-4.99167863e-01 -5.08321368e-04 
-4.90068911e-01 -4.99310888e-04 
-4.80969970e-01 -4.90300295e-04 
-4.71871042e-01 -4.81289578e-04 
-4.62772128e-01 -4.72278723e-04 
-4.53673228e-01 -4.63267717e-04 
-4.44574346e-01 -4.54256545e-04 
-4.35475481e-01 -4.45245187e-04 
-4.26376637e-01 -4.36233625e-04 
-4.17277816e-01 -4.27221835e-04 
-4.08179021e-01 -4.18209792e-04 
-3.99080253e-01 -4.09197466e-04 
-3.89981518e-01 -4.00184822e-04 
-3.80882818e-01 -3.91171823e-04 
-3.71784158e-01 -3.82158424e-04 
-3.62685543e-01 -3.73144573e-04 
-3.53586979e-01 -3.64130210e-04 
-3.44488473e-01 -3.55115266e-04 
-3.35390034e-01 -3.46099661e-04 
-3.26291670e-01 -3.37083299e-04 
-3.17193393e-01 -3.28066069e-04 
-3.08095216e-01 -3.19047839e-04 
-2.98997155e-01 -3.10028451e-04 
-2.89899228e-01 -3.01007719e-04 
-2.80801458e-01 -2.91985418e-04 
-2.71703872e-01 -2.82961276e-04 
-2.62606504e-01 -2.73934963e-04 
-2.53509392e-01 -2.64906076e-04 
-2.44412588e-01 -2.55874118e-04 
-2.35316153e-01 -2.46838472e-04 
-2.26220163e-01 -2.37798367e-04 
-2.17124717e-01 -2.28752831e-04 
-2.08029938e-01 -2.19700625e-04 
-1.98935984e-01 -2.10640155e-04 
-1.89843065e-01 -2.01569351e-04 
-1.80751452e-01 -1.92485484e-04 
-1.71661508e-01 -1.83384919e-04 
-1.62573411e-01 -1.74265893e-04 
-1.53487207e-01 -1.65127928e-04 
-1.44403222e-01 -1.55967776e-04 
-1.35321836e-01 -1.46781638e-04 
-1.26243493e-01 -1.37565067e-04 
-1.17168713e-01 -1.28312867e-04 
-1.08098104e-01 -1.19018964e-04 
-9.90323734e-02 -1.09676266e-04 
-8.99723506e-02 -1.00276494e-04 
-8.09190002e-02 -9.08099980e-05 
-7.18734467e-02 -8.12655330e-05 
-6.28369984e-02 -7.16300160e-05 
-5.38111757e-02 -6.18882431e-05 
-4.47977427e-02 -5.20225733e-05 
-3.57987425e-02 -4.20125748e-05 
-2.68165367e-02 -3.18346329e-05 
-1.78538480e-02 -2.14615205e-05 
-8.91380660e-03 -1.08619340e-05 
 1.46055020e-15  1.80498212e-18 
 8.88347724e-03  1.11652276e-05 
 1.77319702e-02  2.26802976e-05 
 2.65402160e-02  3.45978404e-05 
 3.53022974e-02  4.69770260e-05 
 4.40116072e-02  5.98839280e-05 
 5.26608237e-02  7.33917634e-05 
 6.12419046e-02  8.75809537e-05 
 6.97461046e-02  1.02538954e-04 
 7.81640210e-02  1.18359790e-04 
 8.64856738e-02  1.35143262e-04 
 9.47006236e-02  1.52993764e-04 
 1.02798128e-01  1.72018720e-04 
 1.10767335e-01  1.92326646e-04 
 1.18597512e-01  2.14024884e-04 
 1.26278288e-01  2.37217121e-04 
 1.33799920e-01  2.62000804e-04 
 1.41153539e-01  2.88464609e-04 
 1.48331386e-01  3.16686144e-04 
 1.55326998e-01  3.46730021e-04 
 1.62135356e-01  3.78646435e-04 
 1.68752967e-01  4.12470333e-04 
 1.75177881e-01  4.48221185e-04 
 1.81409665e-01  4.85903350e-04 
 1.87449305e-01  5.25506946e-04 
 1.93299086e-01  5.67009140e-04 
 1.98962429e-01  6.10375711e-04 
 2.04443721e-01  6.55562790e-04 
 2.09748136e-01  7.02518645e-04 
 2.14881457e-01  7.51185427e-04 
 2.19849919e-01  8.01500812e-04 
 2.24660053e-01  8.53399474e-04 
 2.29318562e-01  9.06814385e-04 
 2.33832209e-01  9.61677910e-04 
 2.38207728e-01  1.01792272e-03 
 2.42451748e-01  1.07548252e-03 
 2.46570738e-01  1.13429262e-03 
 2.50570966e-01  1.19429034e-03 
 2.54458464e-01  1.25541536e-03 
 2.58239012e-01  1.31760988e-03 
 2.61918124e-01  1.38081876e-03 
 2.65501043e-01  1.44498957e-03 
 2.68992741e-01  1.51007259e-03 
 2.72397919e-01  1.57602081e-03 
 2.75721020e-01  1.64278980e-03 
 2.78966232e-01  1.71033768e-03 
 2.82137502e-01  1.77862498e-03 
 2.85238543e-01  1.84761457e-03 
 2.88272849e-01  1.91727151e-03 
 2.91243706e-01  1.98756294e-03 
 2.94154205e-01  2.05845795e-03 
 2.97007249e-01  2.12992751e-03 
 2.99805569e-01  2.20194431e-03 
 3.02551734e-01  2.27448266e-03 
 3.05248159e-01  2.34751841e-03 
 3.07897117e-01  2.42102883e-03 
 3.10500748e-01  2.49499252e-03 
 3.13061065e-01  2.56938935e-03 
 3.15579968e-01  2.64420032e-03 
 3.18059245e-01  2.71940755e-03 
 3.20500584e-01  2.79499416e-03 
 3.22905577e-01  2.87094423e-03 
 3.25275729e-01  2.94724271e-03 
 3.27612459e-01  3.02387541e-03 
 3.29917112e-01  3.10082888e-03 
 3.32190957e-01  3.17809043e-03 
 3.34435198e-01  3.25564802e-03 
 3.36650974e-01  3.33349026e-03 
 3.38839365e-01  3.41160635e-03 
 3.41001394e-01  3.48998606e-03 
 3.43138033e-01  3.56861967e-03 
 3.45250206e-01  3.64749794e-03 
 3.47338789e-01  3.72661211e-03 
 3.49404615e-01  3.80595385e-03 
 3.51448478e-01  3.88551522e-03 
 3.53471132e-01  3.96528868e-03 
 3.55473297e-01  4.04526703e-03 
 3.57455658e-01  4.12544342e-03 
 3.59418867e-01  4.20581133e-03 
 3.61363549e-01  4.28636451e-03 
 3.63290299e-01  4.36709701e-03 
 3.65199684e-01  4.44800316e-03 
 3.67092249e-01  4.52907751e-03 
 3.68968513e-01  4.61031487e-03 
 3.70828972e-01  4.69171028e-03 
 3.72674103e-01  4.77325897e-03 
 3.74504362e-01  4.85495638e-03 
 3.76320184e-01  4.93679816e-03 
 3.78121988e-01  5.01878012e-03 
 3.79910176e-01  5.10089824e-03 
 3.81685133e-01  5.18314867e-03 
 3.83447229e-01  5.26552771e-03 
 3.85196818e-01  5.34803182e-03 
 3.86934242e-01  5.43065758e-03 
 3.88659830e-01  5.51340170e-03 
 3.90373896e-01  5.59626104e-03 
 3.92076745e-01  5.67923255e-03 
 3.93768668e-01  5.76231332e-03 
 3.95449946e-01  5.84550054e-03 
 3.97120852e-01  5.92879148e-03 
 3.98781645e-01  6.01218355e-03 
 4.00432578e-01  6.09567422e-03 
 4.02073895e-01  6.17926105e-03 
 4.03705828e-01  6.26294172e-03 
 4.05328604e-01  6.34671396e-03 
 4.06942442e-01  6.43057558e-03 
 4.08547553e-01  6.51452447e-03 
 4.10144140e-01  6.59855860e-03 
 4.11732401e-01  6.68267599e-03 
 4.13312525e-01  6.76687475e-03 
 4.14884697e-01  6.85115303e-03 
 4.16449096e-01  6.93550904e-03 
 4.18005893e-01  7.01994107e-03 
 4.19555255e-01  7.10444745e-03 
 4.21097345e-01  7.18902655e-03 
 4.22632319e-01  7.27367681e-03 
 4.24160329e-01  7.35839671e-03 
 4.25681522e-01  7.44318478e-03 
 4.27196040e-01  7.52803960e-03 
 4.28704022e-01  7.61295978e-03 
 4.30205602e-01  7.69794398e-03 
 4.31700911e-01  7.78299089e-03 
 4.33190074e-01  7.86809926e-03 
 4.34673214e-01  7.95326786e-03 
 4.36150451e-01  8.03849549e-03 
 4.37621900e-01  8.12378100e-03 
 4.39087675e-01  8.20912325e-03 
 4.40547883e-01  8.29452117e-03 
 4.42002632e-01  8.37997368e-03 
 4.43452024e-01  8.46547976e-03 
 4.44896161e-01  8.55103839e-03 
 4.46335140e-01  8.63664860e-03 
 4.47769056e-01  8.72230944e-03 
 4.49198001e-01  8.80801999e-03 
 4.50622067e-01  8.89377933e-03 
 4.52041340e-01  8.97958660e-03 
 4.53455906e-01  9.06544094e-03 
 4.54865849e-01  9.15134151e-03 
 4.56271249e-01  9.23728751e-03 
 4.57672186e-01  9.32327814e-03 
 4.59068736e-01  9.40931264e-03 
 4.60460975e-01  9.49539025e-03 
 4.61848976e-01  9.58151024e-03 
 4.63232811e-01  9.66767189e-03 
 4.64612548e-01  9.75387452e-03 
 4.65988257e-01  9.84011743e-03 
 4.67360003e-01  9.92639997e-03 
 4.68727851e-01  1.00127215e-02 
 4.70091864e-01  1.00990814e-02 
 4.71452105e-01  1.01854790e-02 
 4.72808633e-01  1.02719137e-02 
 4.74161507e-01  1.03583849e-02 
 4.75510785e-01  1.04448922e-02 
 4.76856523e-01  1.05314348e-02 
 4.78198775e-01  1.06180122e-02 
 4.79537596e-01  1.07046240e-02 
 4.80873039e-01  1.07912696e-02 
 4.82205153e-01  1.08779485e-02 
 4.83533990e-01  1.09646601e-02 
 4.84859598e-01  1.10514040e-02 
 4.86182025e-01  1.11381797e-02 
 4.87501319e-01  1.12249868e-02 
 4.88817525e-01  1.13118247e-02 
 4.90130688e-01  1.13986931e-02 
 4.91440853e-01  1.14855915e-02 
 4.92748062e-01  1.15725194e-02 
 4.94052357e-01  1.16594764e-02 
 4.95353779e-01  1.17464622e-02 
 4.96652370e-01  1.18334763e-02 
 4.97948168e-01  1.19205183e-02 
 4.99241213e-01  1.20075879e-02 
 5.00531542e-01  1.20946846e-02 
 5.01819193e-01  1.21818081e-02 
 5.03104202e-01  1.22689580e-02 
 5.04386604e-01  1.23561340e-02 
 5.05666436e-01  1.24433356e-02 
 5.06943730e-01  1.25305627e-02 
 5.08218521e-01  1.26178148e-02 
 5.09490843e-01  1.27050916e-02 
 5.10760726e-01  1.27923927e-02 
 5.12028204e-01  1.28797180e-02 
 5.13293306e-01  1.29670669e-02 
 5.14556064e-01  1.30544394e-02 
 5.15816508e-01  1.31418349e-02 
 5.17074667e-01  1.32292533e-02 
 5.18330570e-01  1.33166943e-02 
 5.19584246e-01  1.34041575e-02 
 5.20835721e-01  1.34916428e-02 
 5.22085024e-01  1.35791498e-02 
 5.23332181e-01  1.36666782e-02 
 5.24577218e-01  1.37542278e-02 
 5.25820162e-01  1.38417984e-02 
 5.27061037e-01  1.39293896e-02 
 5.28299870e-01  1.40170013e-02 
 5.29536683e-01  1.41046332e-02 
 5.30771502e-01  1.41922850e-02 
 5.32004349e-01  1.42799565e-02 
 5.33235248e-01  1.43676475e-02 
 5.34464223e-01  1.44553578e-02 
 5.35691295e-01  1.45430871e-02 
 5.36916486e-01  1.46308351e-02 
