-1.81741784e+00 -1.82582164e-03 
-1.80831874e+00 -1.81681261e-03 
-1.79921964e+00 -1.80780359e-03 
-1.79012054e+00 -1.79879456e-03 
-1.78102145e+00 -1.78978554e-03 
-1.77192235e+00 -1.78077651e-03 
-1.76282325e+00 -1.77176748e-03 
-1.75372415e+00 -1.76275845e-03 
-1.74462506e+00 -1.75374942e-03 
-1.73552596e+00 -1.74474040e-03 
-1.72642686e+00 -1.73573137e-03 
-1.71732777e+00 -1.72672234e-03 
-1.70822867e+00 -1.71771331e-03 
-1.69912957e+00 -1.70870428e-03 
-1.69003048e+00 -1.69969525e-03 
-1.68093138e+00 -1.69068621e-03 
-1.67183228e+00 -1.68167718e-03 
-1.66273318e+00 -1.67266815e-03 
-1.65363409e+00 -1.66365912e-03 
-1.64453499e+00 -1.65465008e-03 
-1.63543589e+00 -1.64564105e-03 
-1.62633680e+00 -1.63663202e-03 
-1.61723770e+00 -1.62762298e-03 
-1.60813861e+00 -1.61861395e-03 
-1.59903951e+00 -1.60960491e-03 
-1.58994041e+00 -1.60059587e-03 
-1.58084132e+00 -1.59158683e-03 
-1.57174222e+00 -1.58257780e-03 
-1.56264312e+00 -1.57356876e-03 
-1.55354403e+00 -1.56455972e-03 
-1.54444493e+00 -1.55555068e-03 
-1.53534584e+00 -1.54654164e-03 
-1.52624674e+00 -1.53753260e-03 
-1.51714764e+00 -1.52852355e-03 
-1.50804855e+00 -1.51951451e-03 
-1.49894945e+00 -1.51050547e-03 
-1.48985036e+00 -1.50149642e-03 
-1.48075126e+00 -1.49248737e-03 
-1.47165217e+00 -1.48347833e-03 
-1.46255307e+00 -1.47446928e-03 
-1.45345398e+00 -1.46546023e-03 
-1.44435488e+00 -1.45645118e-03 
-1.43525579e+00 -1.44744213e-03 
-1.42615669e+00 -1.43843308e-03 
-1.41705760e+00 -1.42942402e-03 
-1.40795850e+00 -1.42041497e-03 
-1.39885941e+00 -1.41140591e-03 
-1.38976031e+00 -1.40239686e-03 
-1.38066122e+00 -1.39338780e-03 
-1.37156213e+00 -1.38437874e-03 
-1.36246303e+00 -1.37536968e-03 
-1.35336394e+00 -1.36636062e-03 
-1.34426484e+00 -1.35735156e-03 
-1.33516575e+00 -1.34834249e-03 
-1.32606666e+00 -1.33933342e-03 
-1.31696756e+00 -1.33032436e-03 
-1.30786847e+00 -1.32131529e-03 
-1.29876938e+00 -1.31230622e-03 
-1.28967029e+00 -1.30329714e-03 
-1.28057119e+00 -1.29428807e-03 
-1.27147210e+00 -1.28527899e-03 
-1.26237301e+00 -1.27626991e-03 
-1.25327392e+00 -1.26726083e-03 
-1.24417483e+00 -1.25825175e-03 
-1.23507573e+00 -1.24924266e-03 
-1.22597664e+00 -1.24023357e-03 
-1.21687755e+00 -1.23122448e-03 
-1.20777846e+00 -1.22221539e-03 
-1.19867937e+00 -1.21320630e-03 
-1.18958028e+00 -1.20419720e-03 
-1.18048119e+00 -1.19518810e-03 
-1.17138210e+00 -1.18617900e-03 
-1.16228301e+00 -1.17716989e-03 
-1.15318392e+00 -1.16816078e-03 
-1.14408483e+00 -1.15915167e-03 
-1.13498574e+00 -1.15014255e-03 
-1.12588666e+00 -1.14113343e-03 
-1.11678757e+00 -1.13212431e-03 
-1.10768848e+00 -1.12311518e-03 
-1.09858939e+00 -1.11410605e-03 
-1.08949031e+00 -1.10509692e-03 
-1.08039122e+00 -1.09608778e-03 
-1.07129214e+00 -1.08707864e-03 
-1.06219305e+00 -1.07806949e-03 
-1.05309397e+00 -1.06906034e-03 
-1.04399488e+00 -1.06005118e-03 
-1.03489580e+00 -1.05104202e-03 
-1.02579672e+00 -1.04203285e-03 
-1.01669763e+00 -1.03302367e-03 
-1.00759855e+00 -1.02401449e-03 
-9.98499470e-01 -1.01500530e-03 
-9.89400389e-01 -1.00599611e-03 
-9.80301309e-01 -9.96986911e-04 
-9.71202230e-01 -9.87977703e-04 
-9.62103151e-01 -9.78968488e-04 
-9.53004073e-01 -9.69959265e-04 
-9.43904997e-01 -9.60950034e-04 
-9.34805921e-01 -9.51940794e-04 
-9.25706846e-01 -9.42931544e-04 
-9.16607771e-01 -9.33922285e-04 
-9.07508698e-01 -9.24913016e-04 
-8.98409626e-01 -9.15903736e-04 
-8.89310555e-01 -9.06894445e-04 
-8.80211486e-01 -8.97885143e-04 
-8.71112417e-01 -8.88875827e-04 
-8.62013350e-01 -8.79866499e-04 
-8.52914284e-01 -8.70857157e-04 
-8.43815220e-01 -8.61847801e-04 
-8.34716157e-01 -8.52838429e-04 
-8.25617096e-01 -8.43829041e-04 
-8.16518036e-01 -8.34819636e-04 
-8.07418979e-01 -8.25810213e-04 
-7.98319923e-01 -8.16800770e-04 
-7.89220869e-01 -8.07791308e-04 
-7.80121818e-01 -7.98781824e-04 
-7.71022768e-01 -7.89772317e-04 
-7.61923721e-01 -7.80762787e-04 
-7.52824677e-01 -7.71753231e-04 
-7.43725635e-01 -7.62743647e-04 
-7.34626596e-01 -7.53734035e-04 
-7.25527561e-01 -7.44724392e-04 
-7.16428528e-01 -7.35714717e-04 
-7.07329499e-01 -7.26705007e-04 
-6.98230474e-01 -7.17695260e-04 
-6.89131453e-01 -7.08685473e-04 
-6.80032436e-01 -6.99675644e-04 
-6.70933423e-01 -6.90665770e-04 
-6.61834415e-01 -6.81655848e-04 
-6.52735413e-01 -6.72645874e-04 
-6.43636415e-01 -6.63635845e-04 
-6.34537424e-01 -6.54625756e-04 
-6.25438440e-01 -6.45615604e-04 
-6.16339462e-01 -6.36605383e-04 
-6.07240491e-01 -6.27595089e-04 
-5.98141529e-01 -6.18584715e-04 
-5.89042575e-01 -6.09574255e-04 
-5.79943630e-01 -6.00563702e-04 
-5.70844695e-01 -5.91553050e-04 
-5.61745771e-01 -5.82542290e-04 
-5.52646859e-01 -5.73531412e-04 
-5.43547959e-01 -5.64520407e-04 
-5.34449074e-01 -5.55509263e-04 
-5.25350203e-01 -5.46497969e-04 
-5.16251349e-01 -5.37486511e-04 
-5.07152513e-01 -5.28474874e-04 
-4.98053696e-01 -5.19463041e-04 
-4.88954901e-01 -5.10450994e-04 
-4.79856129e-01 -5.01438713e-04 
-4.70757383e-01 -4.92426173e-04 
-4.61658665e-01 -4.83413349e-04 
-4.52559979e-01 -4.74400212e-04 
-4.43461327e-01 -4.65386729e-04 
-4.34362714e-01 -4.56372863e-04 
-4.25264143e-01 -4.47358572e-04 
-4.16165619e-01 -4.38343809e-04 
-4.07067148e-01 -4.29328520e-04 
-3.97968736e-01 -4.20312642e-04 
-3.88870389e-01 -4.11296107e-04 
-3.79772117e-01 -4.02278832e-04 
-3.70673927e-01 -3.93260726e-04 
-3.61575832e-01 -3.84241680e-04 
-3.52477843e-01 -3.75221570e-04 
-3.43379975e-01 -3.66200251e-04 
-3.34282244e-01 -3.57177556e-04 
-3.25184672e-01 -3.48153284e-04 
-3.16087280e-01 -3.39127203e-04 
-3.06990096e-01 -3.30099037e-04 
-2.97893154e-01 -3.21068458e-04 
-2.88796493e-01 -3.12035073e-04 
-2.79700159e-01 -3.02998412e-04 
-2.70604210e-01 -2.93957904e-04 
-2.61508714e-01 -2.84912859e-04 
-2.52413757e-01 -2.75862428e-04 
-2.43319443e-01 -2.66805568e-04 
-2.34225902e-01 -2.57740984e-04 
-2.25133295e-01 -2.48667052e-04 
-2.16041827e-01 -2.39581725e-04 
-2.06951761e-01 -2.30482394e-04 
-1.97863430e-01 -2.21365700e-04 
-1.88777273e-01 -2.12227271e-04 
-1.79693865e-01 -2.03061353e-04 
-1.70613720e-01 -1.93862798e-04 
-1.61536779e-01 -1.84632215e-04 
-1.52463518e-01 -1.75364824e-04 
-1.43394544e-01 -1.66054557e-04 
-1.34330564e-01 -1.56694359e-04 
-1.25272396e-01 -1.47276039e-04 
-1.16220991e-01 -1.37790090e-04 
-1.07177451e-01 -1.28225490e-04 
-9.81430525e-02 -1.18569475e-04 
-8.91192716e-02 -1.08807284e-04 
-8.01078133e-02 -9.89218670e-05 
-7.11106428e-02 -8.88935717e-05 
-6.21300214e-02 -7.86997856e-05 
-5.31685446e-02 -6.83145539e-05 
-4.42291835e-02 -5.77081647e-05 
-3.53153288e-02 -4.68467115e-05 
-2.64308360e-02 -3.56916400e-05 
-1.75800708e-02 -2.41992918e-05 
-8.76795358e-03 -1.23204642e-05 
 1.43520638e-15  2.05842033e-18 
 8.71764938e-03  1.28235062e-05 
 1.73781984e-02  2.62180162e-05 
 2.59741950e-02  4.02580503e-05 
 3.44975384e-02  5.50246157e-05 
 4.29395152e-02  7.06048485e-05 
 5.12908621e-02  8.70913789e-05 
 5.95418620e-02  1.04581380e-04 
 6.76824717e-02  1.23175283e-04 
 7.57024843e-02  1.42975157e-04 
 8.35917198e-02  1.64082802e-04 
 9.13402395e-02  1.86597605e-04 
 9.89385735e-02  2.10614265e-04 
 1.06377948e-01  2.36220516e-04 
 1.13650504e-01  2.63494963e-04 
 1.20749480e-01  2.92505196e-04 
 1.27669373e-01  3.23306272e-04 
 1.34406032e-01  3.55939680e-04 
 1.40956718e-01  3.90432820e-04 
 1.47320099e-01  4.26799005e-04 
 1.53496205e-01  4.65037952e-04 
 1.59486332e-01  5.05136682e-04 
 1.65292925e-01  5.47070750e-04 
 1.70919432e-01  5.90805682e-04 
 1.76370146e-01  6.36298535e-04 
 1.81650052e-01  6.83499483e-04 
 1.86764665e-01  7.32353354e-04 
 1.91719894e-01  7.82801062e-04 
 1.96521909e-01  8.34780906e-04 
 2.01177030e-01  8.88229702e-04 
 2.05691625e-01  9.43083750e-04 
 2.10072037e-01  9.99279632e-04 
 2.14324513e-01  1.05675487e-03 
 2.18455158e-01  1.11544842e-03 
 2.22469893e-01  1.17530107e-03 
 2.26374428e-01  1.23625572e-03 
 2.30174245e-01  1.29825755e-03 
 2.33874583e-01  1.36125417e-03 
 2.37480434e-01  1.42519566e-03 
 2.40996541e-01  1.49003459e-03 
 2.44427403e-01  1.55572597e-03 
 2.47777274e-01  1.62222726e-03 
 2.51050179e-01  1.68949821e-03 
 2.54249913e-01  1.75750087e-03 
 2.57380060e-01  1.82619940e-03 
 2.60443995e-01  1.89556005e-03 
 2.63444899e-01  1.96555101e-03 
 2.66385770e-01  2.03614230e-03 
 2.69269430e-01  2.10730570e-03 
 2.72098538e-01  2.17901462e-03 
 2.74875598e-01  2.25124402e-03 
 2.77602969e-01  2.32397031e-03 
 2.80282876e-01  2.39717124e-03 
 2.82917415e-01  2.47082585e-03 
 2.85508562e-01  2.54491438e-03 
 2.88058183e-01  2.61941817e-03 
 2.90568039e-01  2.69431961e-03 
 2.93039793e-01  2.76960207e-03 
 2.95475016e-01  2.84524984e-03 
 2.97875193e-01  2.92124807e-03 
 3.00241730e-01  2.99758270e-03 
 3.02575956e-01  3.07424044e-03 
 3.04879132e-01  3.15120868e-03 
 3.07152450e-01  3.22847550e-03 
 3.09397042e-01  3.30602958e-03 
 3.11613982e-01  3.38386018e-03 
 3.13804289e-01  3.46195711e-03 
 3.15968930e-01  3.54031070e-03 
 3.18108827e-01  3.61891173e-03 
 3.20224853e-01  3.69775147e-03 
 3.22317841e-01  3.77682159e-03 
 3.24388583e-01  3.85611417e-03 
 3.26437835e-01  3.93562165e-03 
 3.28466317e-01  4.01533683e-03 
 3.30474713e-01  4.09525287e-03 
 3.32463680e-01  4.17536320e-03 
 3.34433843e-01  4.25566157e-03 
 3.36385798e-01  4.33614202e-03 
 3.38320117e-01  4.41679883e-03 
 3.40237345e-01  4.49762655e-03 
 3.42138005e-01  4.57861995e-03 
 3.44022596e-01  4.65977404e-03 
 3.45891598e-01  4.74108402e-03 
 3.47745469e-01  4.82254531e-03 
 3.49584649e-01  4.90415351e-03 
 3.51409560e-01  4.98590440e-03 
 3.53220607e-01  5.06779393e-03 
 3.55018177e-01  5.14981823e-03 
 3.56802646e-01  5.23197354e-03 
 3.58574370e-01  5.31425630e-03 
 3.60333695e-01  5.39666305e-03 
 3.62080952e-01  5.47919048e-03 
 3.63816461e-01  5.56183539e-03 
 3.65540528e-01  5.64459472e-03 
 3.67253449e-01  5.72746551e-03 
 3.68955509e-01  5.81044491e-03 
 3.70646982e-01  5.89353018e-03 
 3.72328133e-01  5.97671867e-03 
 3.73999216e-01  6.06000784e-03 
 3.75660479e-01  6.14339521e-03 
 3.77312158e-01  6.22687842e-03 
 3.78954483e-01  6.31045517e-03 
 3.80587676e-01  6.39412324e-03 
 3.82211950e-01  6.47788050e-03 
 3.83827512e-01  6.56172488e-03 
 3.85434563e-01  6.64565437e-03 
 3.87033295e-01  6.72966705e-03 
 3.88623896e-01  6.81376104e-03 
 3.90206547e-01  6.89793453e-03 
 3.91781423e-01  6.98218577e-03 
 3.93348694e-01  7.06651306e-03 
 3.94908525e-01  7.15091475e-03 
 3.96461074e-01  7.23538926e-03 
 3.98006496e-01  7.31993504e-03 
 3.99544940e-01  7.40455060e-03 
 4.01076553e-01  7.48923447e-03 
 4.02601474e-01  7.57398526e-03 
 4.04119840e-01  7.65880160e-03 
 4.05631784e-01  7.74368216e-03 
 4.07137435e-01  7.82862565e-03 
 4.08636917e-01  7.91363083e-03 
 4.10130352e-01  7.99869648e-03 
 4.11617859e-01  8.08382141e-03 
 4.13099551e-01  8.16900449e-03 
 4.14575540e-01  8.25424460e-03 
 4.16045934e-01  8.33954066e-03 
 4.17510839e-01  8.42489161e-03 
 4.18970358e-01  8.51029642e-03 
 4.20424590e-01  8.59575410e-03 
 4.21873631e-01  8.68126369e-03 
 4.23317578e-01  8.76682422e-03 
 4.24756520e-01  8.85243480e-03 
 4.26190549e-01  8.93809451e-03 
 4.27619752e-01  9.02380248e-03 
 4.29044212e-01  9.10955788e-03 
 4.30464014e-01  9.19535986e-03 
 4.31879238e-01  9.28120762e-03 
 4.33289963e-01  9.36710037e-03 
 4.34696264e-01  9.45303736e-03 
 4.36098218e-01  9.53901782e-03 
 4.37495898e-01  9.62504102e-03 
 4.38889373e-01  9.71110627e-03 
 4.40278714e-01  9.79721286e-03 
 4.41663990e-01  9.88336010e-03 
 4.43045264e-01  9.96954736e-03 
 4.44422604e-01  1.00557740e-02 
 4.45796071e-01  1.01420393e-02 
 4.47165727e-01  1.02283427e-02 
 4.48531633e-01  1.03146837e-02 
 4.49893847e-01  1.04010615e-02 
 4.51252426e-01  1.04874757e-02 
 4.52607428e-01  1.05739257e-02 
 4.53958906e-01  1.06604109e-02 
 4.55306915e-01  1.07469309e-02 
 4.56651506e-01  1.08334849e-02 
 4.57992732e-01  1.09200727e-02 
 4.59330642e-01  1.10066936e-02 
 4.60665286e-01  1.10933471e-02 
 4.61996712e-01  1.11800329e-02 
 4.63324966e-01  1.12667503e-02 
 4.64650094e-01  1.13534991e-02 
 4.65972142e-01  1.14402786e-02 
 4.67291154e-01  1.15270885e-02 
 4.68607173e-01  1.16139283e-02 
 4.69920241e-01  1.17007976e-02 
 4.71230399e-01  1.17876960e-02 
 4.72537689e-01  1.18746231e-02 
 4.73842149e-01  1.19615785e-02 
 4.75143819e-01  1.20485618e-02 
 4.76442736e-01  1.21355726e-02 
 4.77738939e-01  1.22226106e-02 
 4.79032464e-01  1.23096754e-02 
 4.80323346e-01  1.23967665e-02 
 4.81611622e-01  1.24838838e-02 
 4.82897324e-01  1.25710268e-02 
 4.84180488e-01  1.26581951e-02 
 4.85461146e-01  1.27453885e-02 
 4.86739332e-01  1.28326067e-02 
 4.88015076e-01  1.29198492e-02 
 4.89288410e-01  1.30071159e-02 
 4.90559365e-01  1.30944063e-02 
 4.91827972e-01  1.31817203e-02 
 4.93094259e-01  1.32690574e-02 
 4.94358256e-01  1.33564174e-02 
 4.95619991e-01  1.34438001e-02 
 4.96879492e-01  1.35312051e-02 
 4.98136788e-01  1.36186321e-02 
 4.99391904e-01  1.37060810e-02 
 5.00644867e-01  1.37935513e-02 
 5.01895703e-01  1.38810430e-02 
 5.03144439e-01  1.39685556e-02 
 5.04391098e-01  1.40560890e-02 
 5.05635706e-01  1.41436429e-02 
 5.06878288e-01  1.42312171e-02 
 5.08118865e-01  1.43188113e-02 
 5.09357463e-01  1.44064254e-02 
 5.10594105e-01  1.44940590e-02 
 5.11828812e-01  1.45817119e-02 
 5.13061607e-01  1.46693839e-02 
 5.14292512e-01  1.47570749e-02 
 5.15521548e-01  1.48447845e-02 
