-1.81548327e+00 -1.84516729e-03 
-1.80638418e+00 -1.83615825e-03 
-1.79728508e+00 -1.82714920e-03 
-1.78818598e+00 -1.81814016e-03 
-1.77908689e+00 -1.80913112e-03 
-1.76998779e+00 -1.80012207e-03 
-1.76088870e+00 -1.79111303e-03 
-1.75178960e+00 -1.78210398e-03 
-1.74269051e+00 -1.77309493e-03 
-1.73359141e+00 -1.76408589e-03 
-1.72449232e+00 -1.75507684e-03 
-1.71539322e+00 -1.74606779e-03 
-1.70629413e+00 -1.73705874e-03 
-1.69719503e+00 -1.72804969e-03 
-1.68809594e+00 -1.71904063e-03 
-1.67899684e+00 -1.71003158e-03 
-1.66989775e+00 -1.70102253e-03 
-1.66079865e+00 -1.69201347e-03 
-1.65169956e+00 -1.68300441e-03 
-1.64260046e+00 -1.67399536e-03 
-1.63350137e+00 -1.66498630e-03 
-1.62440228e+00 -1.65597724e-03 
-1.61530318e+00 -1.64696818e-03 
-1.60620409e+00 -1.63795912e-03 
-1.59710499e+00 -1.62895005e-03 
-1.58800590e+00 -1.61994099e-03 
-1.57890681e+00 -1.61093193e-03 
-1.56980771e+00 -1.60192286e-03 
-1.56070862e+00 -1.59291379e-03 
-1.55160953e+00 -1.58390472e-03 
-1.54251044e+00 -1.57489565e-03 
-1.53341134e+00 -1.56588658e-03 
-1.52431225e+00 -1.55687750e-03 
-1.51521316e+00 -1.54786843e-03 
-1.50611406e+00 -1.53885935e-03 
-1.49701497e+00 -1.52985027e-03 
-1.48791588e+00 -1.52084119e-03 
-1.47881679e+00 -1.51183211e-03 
-1.46971770e+00 -1.50282303e-03 
-1.46061861e+00 -1.49381394e-03 
-1.45151951e+00 -1.48480485e-03 
-1.44242042e+00 -1.47579576e-03 
-1.43332133e+00 -1.46678667e-03 
-1.42422224e+00 -1.45777758e-03 
-1.41512315e+00 -1.44876848e-03 
-1.40602406e+00 -1.43975938e-03 
-1.39692497e+00 -1.43075028e-03 
-1.38782588e+00 -1.42174118e-03 
-1.37872679e+00 -1.41273207e-03 
-1.36962770e+00 -1.40372296e-03 
-1.36052861e+00 -1.39471385e-03 
-1.35142953e+00 -1.38570474e-03 
-1.34233044e+00 -1.37669562e-03 
-1.33323135e+00 -1.36768650e-03 
-1.32413226e+00 -1.35867738e-03 
-1.31503317e+00 -1.34966825e-03 
-1.30593409e+00 -1.34065912e-03 
-1.29683500e+00 -1.33164999e-03 
-1.28773591e+00 -1.32264085e-03 
-1.27863683e+00 -1.31363171e-03 
-1.26953774e+00 -1.30462257e-03 
-1.26043866e+00 -1.29561342e-03 
-1.25133957e+00 -1.28660427e-03 
-1.24224049e+00 -1.27759511e-03 
-1.23314140e+00 -1.26858595e-03 
-1.22404232e+00 -1.25957679e-03 
-1.21494324e+00 -1.25056762e-03 
-1.20584416e+00 -1.24155845e-03 
-1.19674507e+00 -1.23254927e-03 
-1.18764599e+00 -1.22354008e-03 
-1.17854691e+00 -1.21453089e-03 
-1.16944783e+00 -1.20552170e-03 
-1.16034875e+00 -1.19651249e-03 
-1.15124967e+00 -1.18750329e-03 
-1.14215059e+00 -1.17849407e-03 
-1.13305151e+00 -1.16948485e-03 
-1.12395244e+00 -1.16047562e-03 
-1.11485336e+00 -1.15146639e-03 
-1.10575429e+00 -1.14245715e-03 
-1.09665521e+00 -1.13344790e-03 
-1.08755614e+00 -1.12443864e-03 
-1.07845706e+00 -1.11542937e-03 
-1.06935799e+00 -1.10642009e-03 
-1.06025892e+00 -1.09741081e-03 
-1.05115985e+00 -1.08840151e-03 
-1.04206078e+00 -1.07939221e-03 
-1.03296171e+00 -1.07038289e-03 
-1.02386264e+00 -1.06137357e-03 
-1.01476358e+00 -1.05236423e-03 
-1.00566451e+00 -1.04335488e-03 
-9.96565448e-01 -1.03434552e-03 
-9.87466386e-01 -1.02533614e-03 
-9.78367325e-01 -1.01632675e-03 
-9.69268265e-01 -1.00731735e-03 
-9.60169207e-01 -9.98307931e-04 
-9.51070150e-01 -9.89298496e-04 
-9.41971095e-01 -9.80289045e-04 
-9.32872042e-01 -9.71279576e-04 
-9.23772991e-01 -9.62270090e-04 
-9.14673942e-01 -9.53260583e-04 
-9.05574894e-01 -9.44251057e-04 
-8.96475849e-01 -9.35241509e-04 
-8.87376806e-01 -9.26231939e-04 
-8.78277765e-01 -9.17222346e-04 
-8.69178727e-01 -9.08212728e-04 
-8.60079692e-01 -8.99203084e-04 
-8.50980659e-01 -8.90193412e-04 
-8.41881629e-01 -8.81183711e-04 
-8.32782602e-01 -8.72173980e-04 
-8.23683578e-01 -8.63164216e-04 
-8.14584558e-01 -8.54154419e-04 
-8.05485542e-01 -8.45144585e-04 
-7.96386529e-01 -8.36134713e-04 
-7.87287520e-01 -8.27124801e-04 
-7.78188515e-01 -8.18114846e-04 
-7.69089515e-01 -8.09104845e-04 
-7.59990520e-01 -8.00094797e-04 
-7.50891530e-01 -7.91084698e-04 
-7.41792546e-01 -7.82074544e-04 
-7.32693567e-01 -7.73064333e-04 
-7.23594594e-01 -7.64054060e-04 
-7.14495628e-01 -7.55043723e-04 
-7.05396668e-01 -7.46033315e-04 
-6.96297717e-01 -7.37022834e-04 
-6.87198773e-01 -7.28012274e-04 
-6.78099837e-01 -7.19001629e-04 
-6.69000911e-01 -7.09990894e-04 
-6.59901994e-01 -7.00980062e-04 
-6.50803087e-01 -6.91969127e-04 
-6.41704192e-01 -6.82958081e-04 
-6.32605308e-01 -6.73946916e-04 
-6.23506438e-01 -6.64935623e-04 
-6.14407581e-01 -6.55924193e-04 
-6.05308738e-01 -6.46912615e-04 
-5.96209912e-01 -6.37900878e-04 
-5.87111103e-01 -6.28888969e-04 
-5.78012313e-01 -6.19876874e-04 
-5.68913542e-01 -6.10864578e-04 
-5.59814793e-01 -6.01852065e-04 
-5.50716068e-01 -5.92839317e-04 
-5.41617369e-01 -5.83826312e-04 
-5.32518697e-01 -5.74813030e-04 
-5.23420055e-01 -5.65799445e-04 
-5.14321447e-01 -5.56785531e-04 
-5.05222874e-01 -5.47771256e-04 
-4.96124341e-01 -5.38756588e-04 
-4.87025851e-01 -5.29741488e-04 
-4.77927409e-01 -5.20725915e-04 
-4.68829018e-01 -5.11709822e-04 
-4.59730684e-01 -5.02693157e-04 
-4.50632414e-01 -4.93675860e-04 
-4.41534213e-01 -4.84657866e-04 
-4.32436090e-01 -4.75639098e-04 
-4.23338053e-01 -4.66619473e-04 
-4.14240111e-01 -4.57598893e-04 
-4.05142275e-01 -4.48577250e-04 
-3.96044558e-01 -4.39554417e-04 
-3.86946975e-01 -4.30530253e-04 
-3.77849541e-01 -4.21504592e-04 
-3.68752276e-01 -4.12477245e-04 
-3.59655201e-01 -4.03447993e-04 
-3.50558342e-01 -3.94416584e-04 
-3.41461728e-01 -3.85382720e-04 
-3.32365394e-01 -3.76346058e-04 
-3.23269381e-01 -3.67306192e-04 
-3.14173736e-01 -3.58262644e-04 
-3.05078515e-01 -3.49214850e-04 
-2.95983786e-01 -3.40162136e-04 
-2.86889630e-01 -3.31103697e-04 
-2.77796143e-01 -3.22038566e-04 
-2.68703443e-01 -3.12965572e-04 
-2.59611671e-01 -3.03883290e-04 
-2.50521003e-01 -2.94789974e-04 
-2.41431653e-01 -2.85683472e-04 
-2.32343890e-01 -2.76561105e-04 
-2.23258048e-01 -2.67419518e-04 
-2.14174553e-01 -2.58254472e-04 
-2.05093944e-01 -2.49060557e-04 
-1.96016920e-01 -2.39830803e-04 
-1.86944387e-01 -2.30556134e-04 
-1.77877336e-01 -2.21226640e-04 
-1.68815656e-01 -2.11843443e-04 
-1.59759973e-01 -2.02400270e-04 
-1.50711237e-01 -1.92887626e-04 
-1.41670545e-01 -1.83294553e-04 
-1.32639158e-01 -1.73608424e-04 
-1.23618530e-01 -1.63814695e-04 
-1.14610335e-01 -1.53896654e-04 
-1.05616488e-01 -1.43835117e-04 
-9.66391886e-02 -1.33608114e-04 
-8.76809461e-02 -1.23190539e-04 
-7.87446224e-02 -1.12553776e-04 
-6.98334693e-02 -1.01665307e-04 
-6.09511691e-02 -9.04883091e-05 
-5.21018752e-02 -7.89812483e-05 
-4.32902513e-02 -6.70974874e-05 
-3.45215069e-02 -5.47849309e-05 
-2.58014271e-02 -4.19857291e-05 
-1.71363928e-02 -2.86360719e-05 
-8.53338914e-03 -1.46661086e-05 
 1.40132414e-15  2.39724272e-18 
 8.45563696e-03  1.54436304e-05 
 1.68248505e-02  3.17514948e-05 
 2.50985486e-02  4.90145142e-05 
 3.32673106e-02  6.73268938e-05 
 4.13215287e-02  8.67847135e-05 
 4.92515713e-02  1.07484287e-04 
 5.70479698e-02  1.29520302e-04 
 6.47016175e-02  1.52983825e-04 
 7.22039748e-02  1.77960252e-04 
 7.95472662e-02  2.04527338e-04 
 8.67246598e-02  2.32753402e-04 
 9.37304168e-02  2.62695832e-04 
 1.00560004e-01  2.94399957e-04 
 1.07210163e-01  3.27898365e-04 
 1.13678933e-01  3.63210675e-04 
 1.19965626e-01  4.00343742e-04 
 1.26070773e-01  4.39292272e-04 
 1.31996025e-01  4.80039748e-04 
 1.37744039e-01  5.22559610e-04 
 1.43318342e-01  5.66816581e-04 
 1.48723192e-01  6.12768075e-04 
 1.53963440e-01  6.60365601e-04 
 1.59044389e-01  7.09556108e-04 
 1.63971676e-01  7.60283241e-04 
 1.68751154e-01  8.12488459e-04 
 1.73388798e-01  8.66112023e-04 
 1.77890617e-01  9.21093827e-04 
 1.82262590e-01  9.77374102e-04 
 1.86510602e-01  1.03489398e-03 
 1.90640408e-01  1.09359592e-03 
 1.94657592e-01  1.15342408e-03 
 1.98567546e-01  1.21432454e-03 
 2.02375452e-01  1.27624548e-03 
 2.06086272e-01  1.33913728e-03 
 2.09704739e-01  1.40295261e-03 
 2.13235361e-01  1.46764639e-03 
 2.16682419e-01  1.53317581e-03 
 2.20049971e-01  1.59950029e-03 
 2.23341861e-01  1.66658139e-03 
 2.26561724e-01  1.73438276e-03 
 2.29712995e-01  1.80287005e-03 
 2.32798917e-01  1.87201083e-03 
 2.35822554e-01  1.94177446e-03 
 2.38786794e-01  2.01213206e-03 
 2.41694363e-01  2.08305637e-03 
 2.44547836e-01  2.15452164e-03 
 2.47349638e-01  2.22650362e-03 
 2.50102061e-01  2.29897939e-03 
 2.52807266e-01  2.37192734e-03 
 2.55467295e-01  2.44532705e-03 
 2.58084076e-01  2.51915924e-03 
 2.60659430e-01  2.59340570e-03 
 2.63195080e-01  2.66804920e-03 
 2.65692653e-01  2.74307347e-03 
 2.68153691e-01  2.81846309e-03 
 2.70579652e-01  2.89420348e-03 
 2.72971916e-01  2.97028084e-03 
 2.75331793e-01  3.04668207e-03 
 2.77660524e-01  3.12339476e-03 
 2.79959285e-01  3.20040715e-03 
 2.82229193e-01  3.27770807e-03 
 2.84471310e-01  3.35528690e-03 
 2.86686644e-01  3.43313356e-03 
 2.88876153e-01  3.51123847e-03 
 2.91040748e-01  3.58959252e-03 
 2.93181299e-01  3.66818701e-03 
 2.95298630e-01  3.74701370e-03 
 2.97393530e-01  3.82606470e-03 
 2.99466749e-01  3.90533251e-03 
 3.01519003e-01  3.98480997e-03 
 3.03550976e-01  4.06449024e-03 
 3.05563321e-01  4.14436679e-03 
 3.07556660e-01  4.22443340e-03 
 3.09531591e-01  4.30468409e-03 
 3.11488683e-01  4.38511317e-03 
 3.13428481e-01  4.46571519e-03 
 3.15351508e-01  4.54648492e-03 
 3.17258263e-01  4.62741737e-03 
 3.19149227e-01  4.70850773e-03 
 3.21024859e-01  4.78975141e-03 
 3.22885600e-01  4.87114400e-03 
 3.24731872e-01  4.95268128e-03 
 3.26564081e-01  5.03435919e-03 
 3.28382618e-01  5.11617382e-03 
 3.30187858e-01  5.19812142e-03 
 3.31980160e-01  5.28019840e-03 
 3.33759872e-01  5.36240128e-03 
 3.35527326e-01  5.44472674e-03 
 3.37282844e-01  5.52717156e-03 
 3.39026735e-01  5.60973265e-03 
 3.40759295e-01  5.69240705e-03 
 3.42480813e-01  5.77519187e-03 
 3.44191564e-01  5.85808436e-03 
 3.45891816e-01  5.94108184e-03 
 3.47581825e-01  6.02418175e-03 
 3.49261840e-01  6.10738160e-03 
 3.50932101e-01  6.19067899e-03 
 3.52592838e-01  6.27407162e-03 
 3.54244277e-01  6.35755723e-03 
 3.55886632e-01  6.44113368e-03 
 3.57520114e-01  6.52479886e-03 
 3.59144923e-01  6.60855077e-03 
 3.60761256e-01  6.69238744e-03 
 3.62369303e-01  6.77630697e-03 
 3.63969245e-01  6.86030755e-03 
 3.65561260e-01  6.94438740e-03 
 3.67145521e-01  7.02854479e-03 
 3.68722193e-01  7.11277807e-03 
 3.70291439e-01  7.19708561e-03 
 3.71853413e-01  7.28146587e-03 
 3.73408269e-01  7.36591731e-03 
 3.74956153e-01  7.45043847e-03 
 3.76497208e-01  7.53502792e-03 
 3.78031572e-01  7.61968428e-03 
 3.79559380e-01  7.70440620e-03 
 3.81080763e-01  7.78919237e-03 
 3.82595847e-01  7.87404153e-03 
 3.84104755e-01  7.95895245e-03 
 3.85607608e-01  8.04392392e-03 
 3.87104521e-01  8.12895479e-03 
 3.88595608e-01  8.21404392e-03 
 3.90080979e-01  8.29919021e-03 
 3.91560741e-01  8.38439259e-03 
 3.93034997e-01  8.46965003e-03 
 3.94503851e-01  8.55496149e-03 
 3.95967399e-01  8.64032601e-03 
 3.97425738e-01  8.72574262e-03 
 3.98878962e-01  8.81121038e-03 
 4.00327162e-01  8.89672838e-03 
 4.01770426e-01  8.98229574e-03 
 4.03208840e-01  9.06791160e-03 
 4.04642490e-01  9.15357510e-03 
 4.06071458e-01  9.23928542e-03 
 4.07495822e-01  9.32504178e-03 
 4.08915662e-01  9.41084338e-03 
 4.10331054e-01  9.49668946e-03 
 4.11742071e-01  9.58257929e-03 
 4.13148787e-01  9.66851213e-03 
 4.14551272e-01  9.75448728e-03 
 4.15949596e-01  9.84050404e-03 
 4.17343825e-01  9.92656175e-03 
 4.18734026e-01  1.00126597e-02 
 4.20120262e-01  1.00987974e-02 
 4.21502597e-01  1.01849740e-02 
 4.22881092e-01  1.02711891e-02 
 4.24255808e-01  1.03574419e-02 
 4.25626801e-01  1.04437320e-02 
 4.26994131e-01  1.05300587e-02 
 4.28357852e-01  1.06164215e-02 
 4.29718019e-01  1.07028198e-02 
 4.31074687e-01  1.07892531e-02 
 4.32427907e-01  1.08757209e-02 
 4.33777731e-01  1.09622227e-02 
 4.35124208e-01  1.10487579e-02 
 4.36467388e-01  1.11353261e-02 
 4.37807319e-01  1.12219268e-02 
 4.39144047e-01  1.13085595e-02 
 4.40477619e-01  1.13952238e-02 
 4.41808079e-01  1.14819192e-02 
 4.43135472e-01  1.15686453e-02 
 4.44459841e-01  1.16554016e-02 
 4.45781228e-01  1.17421877e-02 
 4.47099674e-01  1.18290033e-02 
 4.48415220e-01  1.19158478e-02 
 4.49727906e-01  1.20027209e-02 
 4.51037771e-01  1.20896223e-02 
 4.52344852e-01  1.21765515e-02 
 4.53649188e-01  1.22635081e-02 
 4.54950814e-01  1.23504919e-02 
 4.56249768e-01  1.24375023e-02 
 4.57546083e-01  1.25245392e-02 
 4.58839795e-01  1.26116020e-02 
 4.60130938e-01  1.26986906e-02 
 4.61419545e-01  1.27858046e-02 
 4.62705648e-01  1.28729435e-02 
 4.63989280e-01  1.29601072e-02 
 4.65270472e-01  1.30472953e-02 
 4.66549254e-01  1.31345075e-02 
 4.67825658e-01  1.32217434e-02 
 4.69099712e-01  1.33090029e-02 
 4.70371446e-01  1.33962855e-02 
 4.71640889e-01  1.34835911e-02 
 4.72908068e-01  1.35709193e-02 
 4.74173012e-01  1.36582699e-02 
 4.75435747e-01  1.37456425e-02 
 4.76696300e-01  1.38330370e-02 
 4.77954697e-01  1.39204530e-02 
 4.79210964e-01  1.40078904e-02 
 4.80465127e-01  1.40953487e-02 
 4.81717209e-01  1.41828279e-02 
 4.82967235e-01  1.42703276e-02 
 4.84215230e-01  1.43578477e-02 
 4.85461217e-01  1.44453878e-02 
 4.86705218e-01  1.45329478e-02 
 4.87947257e-01  1.46205274e-02 
 4.89187357e-01  1.47081264e-02 
 4.90425538e-01  1.47957446e-02 
 4.91661823e-01  1.48833818e-02 
 4.92896233e-01  1.49710377e-02 
 4.94128789e-01  1.50587121e-02 
