 0.00000000e+00 -0.00000000e+00 
-1.00000000e-02 -3.35101841e-06 
-2.00000000e-02 -6.68406147e-06 
-3.00000000e-02 -9.99911092e-06 
-4.00000000e-02 -1.32961485e-05 
-5.00000000e-02 -1.65751561e-05 
-6.00000000e-02 -1.98361153e-05 
-7.00000000e-02 -2.30790079e-05 
-8.00000000e-02 -2.63038158e-05 
-9.00000000e-02 -2.95105206e-05 
-1.00000000e-01 -3.26991041e-05 
-1.10000000e-01 -3.58695481e-05 
-1.20000000e-01 -3.90218344e-05 
-1.30000000e-01 -4.21559446e-05 
-1.40000000e-01 -4.52718606e-05 
-1.50000000e-01 -4.83695642e-05 
-1.60000000e-01 -5.14490370e-05 
-1.70000000e-01 -5.45102608e-05 
-1.80000000e-01 -5.75532175e-05 
-1.90000000e-01 -6.05778887e-05 
-2.00000000e-01 -6.35842562e-05 
-2.10000000e-01 -6.65723018e-05 
-2.20000000e-01 -6.95420073e-05 
-2.30000000e-01 -7.24933543e-05 
-2.40000000e-01 -7.54263247e-05 
-2.50000000e-01 -7.83409003e-05 
-2.60000000e-01 -8.12370627e-05 
-2.70000000e-01 -8.41147937e-05 
-2.80000000e-01 -8.69740752e-05 
-2.90000000e-01 -8.98148888e-05 
-3.00000000e-01 -9.26372163e-05 
-3.10000000e-01 -9.54410395e-05 
-3.20000000e-01 -9.82263402e-05 
-3.30000000e-01 -1.00993100e-04 
-3.40000000e-01 -1.03741301e-04 
-3.50000000e-01 -1.06470924e-04 
-3.60000000e-01 -1.09181952e-04 
-3.70000000e-01 -1.11874367e-04 
-3.80000000e-01 -1.14548149e-04 
-3.90000000e-01 -1.17203281e-04 
-4.00000000e-01 -1.19839744e-04 
-4.10000000e-01 -1.22457521e-04 
-4.20000000e-01 -1.25056593e-04 
-4.30000000e-01 -1.27636942e-04 
-4.40000000e-01 -1.30198549e-04 
-4.50000000e-01 -1.32741396e-04 
-4.60000000e-01 -1.35265466e-04 
-4.70000000e-01 -1.37770740e-04 
-4.80000000e-01 -1.40257199e-04 
-4.90000000e-01 -1.42724825e-04 
-5.00000000e-01 -1.45173601e-04 
-5.10000000e-01 -1.47603507e-04 
-5.20000000e-01 -1.50014526e-04 
-5.30000000e-01 -1.52406639e-04 
-5.40000000e-01 -1.54779829e-04 
-5.50000000e-01 -1.57134077e-04 
-5.60000000e-01 -1.59469364e-04 
-5.70000000e-01 -1.61785672e-04 
-5.80000000e-01 -1.64082984e-04 
-5.90000000e-01 -1.66361281e-04 
-6.00000000e-01 -1.68620545e-04 
-6.10000000e-01 -1.70860757e-04 
-6.20000000e-01 -1.73081899e-04 
-6.30000000e-01 -1.75283953e-04 
-6.40000000e-01 -1.77466901e-04 
-6.50000000e-01 -1.79630725e-04 
-6.60000000e-01 -1.81775405e-04 
-6.70000000e-01 -1.83900925e-04 
-6.80000000e-01 -1.86007266e-04 
-6.90000000e-01 -1.88094409e-04 
-7.00000000e-01 -1.90162337e-04 
-7.10000000e-01 -1.92211030e-04 
-7.20000000e-01 -1.94240472e-04 
-7.30000000e-01 -1.96250643e-04 
-7.40000000e-01 -1.98241525e-04 
-7.50000000e-01 -2.00213101e-04 
-7.60000000e-01 -2.02165351e-04 
-7.70000000e-01 -2.04098258e-04 
-7.80000000e-01 -2.06011804e-04 
-7.90000000e-01 -2.07905969e-04 
-8.00000000e-01 -2.09780737e-04 
-8.10000000e-01 -2.11636088e-04 
-8.20000000e-01 -2.13472005e-04 
-8.30000000e-01 -2.15288469e-04 
-8.40000000e-01 -2.17085461e-04 
-8.50000000e-01 -2.18862965e-04 
-8.60000000e-01 -2.20620961e-04 
-8.70000000e-01 -2.22359431e-04 
-8.80000000e-01 -2.24078357e-04 
-8.90000000e-01 -2.25777721e-04 
-9.00000000e-01 -2.27457505e-04 
-9.10000000e-01 -2.29117690e-04 
-9.20000000e-01 -2.30758258e-04 
-9.30000000e-01 -2.32379190e-04 
-9.40000000e-01 -2.33980469e-04 
-9.50000000e-01 -2.35562077e-04 
-9.60000000e-01 -2.37123995e-04 
-9.70000000e-01 -2.38666204e-04 
-9.80000000e-01 -2.40188687e-04 
-9.90000000e-01 -2.41691425e-04 
-1.00000000e+00 -2.43174401e-04 
-1.01000000e+00 -2.44637595e-04 
-1.02000000e+00 -2.46080990e-04 
-1.03000000e+00 -2.47504568e-04 
-1.04000000e+00 -2.48908310e-04 
-1.05000000e+00 -2.50292197e-04 
-1.06000000e+00 -2.51656212e-04 
-1.07000000e+00 -2.53000337e-04 
-1.08000000e+00 -2.54324553e-04 
-1.09000000e+00 -2.55628842e-04 
-1.10000000e+00 -2.56913185e-04 
-1.11000000e+00 -2.58177565e-04 
-1.12000000e+00 -2.59421963e-04 
-1.13000000e+00 -2.60646362e-04 
-1.14000000e+00 -2.61850742e-04 
-1.15000000e+00 -2.63035085e-04 
-1.16000000e+00 -2.64199374e-04 
-1.17000000e+00 -2.65343590e-04 
-1.18000000e+00 -2.66467714e-04 
-1.19000000e+00 -2.67571730e-04 
-1.20000000e+00 -2.68655617e-04 
-1.21000000e+00 -2.69719359e-04 
-1.22000000e+00 -2.70762936e-04 
-1.23000000e+00 -2.71786331e-04 
-1.24000000e+00 -2.72789526e-04 
-1.25000000e+00 -2.73772501e-04 
-1.26000000e+00 -2.74735240e-04 
-1.27000000e+00 -2.75677723e-04 
-1.28000000e+00 -2.76599932e-04 
-1.29000000e+00 -2.77501850e-04 
-1.30000000e+00 -2.78383457e-04 
-1.31000000e+00 -2.79244737e-04 
-1.32000000e+00 -2.80085669e-04 
-1.33000000e+00 -2.80906237e-04 
-1.34000000e+00 -2.81706422e-04 
-1.35000000e+00 -2.82486205e-04 
-1.36000000e+00 -2.83245569e-04 
-1.37000000e+00 -2.83984496e-04 
-1.38000000e+00 -2.84702966e-04 
-1.39000000e+00 -2.85400962e-04 
-1.40000000e+00 -2.86078465e-04 
-1.41000000e+00 -2.86735458e-04 
-1.42000000e+00 -2.87371922e-04 
-1.43000000e+00 -2.87987839e-04 
-1.44000000e+00 -2.88583190e-04 
-1.45000000e+00 -2.89157957e-04 
-1.46000000e+00 -2.89712123e-04 
-1.47000000e+00 -2.90245669e-04 
-1.48000000e+00 -2.90758576e-04 
-1.49000000e+00 -2.91250826e-04 
-1.50000000e+00 -2.91722402e-04 
-1.51000000e+00 -2.92173284e-04 
-1.52000000e+00 -2.92603455e-04 
-1.53000000e+00 -2.93012896e-04 
-1.54000000e+00 -2.93401590e-04 
-1.55000000e+00 -2.93769518e-04 
-1.56000000e+00 -2.94116661e-04 
-1.57000000e+00 -2.94443001e-04 
-1.58000000e+00 -2.94748521e-04 
-1.59000000e+00 -2.95033202e-04 
-1.60000000e+00 -2.95297026e-04 
-1.61000000e+00 -2.95539974e-04 
-1.62000000e+00 -2.95762028e-04 
-1.63000000e+00 -2.95963170e-04 
-1.64000000e+00 -2.96143382e-04 
-1.65000000e+00 -2.96302646e-04 
-1.66000000e+00 -2.96440942e-04 
-1.67000000e+00 -2.96558254e-04 
-1.68000000e+00 -2.96654563e-04 
-1.69000000e+00 -2.96740364e-04 
-1.70000000e+00 -2.96826165e-04 
-1.71000000e+00 -2.96911966e-04 
-1.72000000e+00 -2.96997767e-04 
-1.73000000e+00 -2.97083568e-04 
-1.74000000e+00 -2.97169369e-04 
-1.75000000e+00 -2.97255170e-04 
-1.76000000e+00 -2.97340971e-04 
-1.77000000e+00 -2.97426772e-04 
-1.78000000e+00 -2.97512573e-04 
-1.79000000e+00 -2.97598374e-04 
-1.80000000e+00 -2.97684175e-04 
-1.81000000e+00 -2.97769976e-04 
-1.82000000e+00 -2.97855777e-04 
-1.83000000e+00 -2.97941578e-04 
-1.84000000e+00 -2.98027378e-04 
-1.85000000e+00 -2.98113179e-04 
-1.86000000e+00 -2.98198980e-04 
-1.87000000e+00 -2.98284781e-04 
-1.88000000e+00 -2.98370582e-04 
-1.89000000e+00 -2.98456383e-04 
-1.90000000e+00 -2.98542184e-04 
-1.91000000e+00 -2.98627985e-04 
-1.92000000e+00 -2.98713786e-04 
-1.93000000e+00 -2.98799587e-04 
-1.94000000e+00 -2.98885388e-04 
-1.95000000e+00 -2.98971189e-04 
-1.96000000e+00 -2.99056990e-04 
-1.97000000e+00 -2.99142791e-04 
-1.98000000e+00 -2.99228592e-04 
-1.99000000e+00 -2.99314393e-04 
-2.00000000e+00 -2.99400194e-04 
-2.01000000e+00 -2.99485995e-04 
-2.02000000e+00 -2.99571796e-04 
-2.03000000e+00 -2.99657597e-04 
-2.04000000e+00 -2.99743398e-04 
-2.05000000e+00 -2.99829199e-04 
-2.06000000e+00 -2.99915000e-04 
-2.07000000e+00 -3.00000801e-04 
-2.08000000e+00 -3.00086602e-04 
-2.09000000e+00 -3.00172403e-04 
-2.10000000e+00 -3.00258204e-04 
-2.11000000e+00 -3.00344005e-04 
-2.12000000e+00 -3.00429806e-04 
-2.13000000e+00 -3.00515607e-04 
-2.14000000e+00 -3.00601408e-04 
-2.15000000e+00 -3.00687209e-04 
-2.16000000e+00 -3.00773010e-04 
-2.17000000e+00 -3.00858810e-04 
-2.18000000e+00 -3.00944611e-04 
-2.19000000e+00 -3.01030412e-04 
-2.20000000e+00 -3.01116213e-04 
-2.21000000e+00 -3.01202014e-04 
-2.22000000e+00 -3.01287815e-04 
-2.23000000e+00 -3.01373616e-04 
-2.24000000e+00 -3.01459417e-04 
-2.25000000e+00 -3.01545218e-04 
-2.26000000e+00 -3.01631019e-04 
-2.27000000e+00 -3.01716820e-04 
-2.28000000e+00 -3.01802621e-04 
-2.29000000e+00 -3.01888422e-04 
-2.30000000e+00 -3.01974223e-04 
-2.31000000e+00 -3.02060024e-04 
-2.32000000e+00 -3.02145825e-04 
-2.33000000e+00 -3.02231626e-04 
-2.34000000e+00 -3.02317427e-04 
-2.35000000e+00 -3.02403228e-04 
-2.36000000e+00 -3.02489029e-04 
-2.37000000e+00 -3.02574830e-04 
-2.38000000e+00 -3.02660631e-04 
-2.39000000e+00 -3.02746432e-04 
-2.40000000e+00 -3.02832233e-04 
-2.41000000e+00 -3.02918034e-04 
-2.42000000e+00 -3.03003835e-04 
-2.43000000e+00 -3.03089636e-04 
-2.44000000e+00 -3.03175437e-04 
-2.45000000e+00 -3.03261238e-04 
-2.46000000e+00 -3.03347039e-04 
-2.47000000e+00 -3.03432840e-04 
-2.48000000e+00 -3.03518641e-04 
-2.49000000e+00 -3.03604442e-04 
-2.50000000e+00 -3.03690243e-04 
-2.51000000e+00 -3.03776043e-04 
-2.52000000e+00 -3.03861844e-04 
-2.53000000e+00 -3.03947645e-04 
-2.54000000e+00 -3.04033446e-04 
-2.55000000e+00 -3.04119247e-04 
-2.56000000e+00 -3.04205048e-04 
-2.57000000e+00 -3.04290849e-04 
-2.58000000e+00 -3.04376650e-04 
-2.59000000e+00 -3.04462451e-04 
-2.60000000e+00 -3.04548252e-04 
-2.61000000e+00 -3.04634053e-04 
-2.62000000e+00 -3.04719854e-04 
-2.63000000e+00 -3.04805655e-04 
-2.64000000e+00 -3.04891456e-04 
-2.65000000e+00 -3.04977257e-04 
-2.66000000e+00 -3.05063058e-04 
-2.67000000e+00 -3.05148859e-04 
-2.68000000e+00 -3.05234660e-04 
-2.69000000e+00 -3.05320461e-04 
-2.70000000e+00 -3.05406262e-04 
-2.71000000e+00 -3.05492063e-04 
-2.72000000e+00 -3.05577864e-04 
-2.73000000e+00 -3.05663665e-04 
-2.74000000e+00 -3.05749466e-04 
-2.75000000e+00 -3.05835267e-04 
-2.76000000e+00 -3.05921068e-04 
-2.77000000e+00 -3.06006869e-04 
-2.78000000e+00 -3.06092670e-04 
-2.79000000e+00 -3.06178471e-04 
-2.80000000e+00 -3.06264272e-04 
-2.81000000e+00 -3.06350073e-04 
-2.82000000e+00 -3.06435874e-04 
-2.83000000e+00 -3.06521675e-04 
-2.84000000e+00 -3.06607475e-04 
-2.85000000e+00 -3.06693276e-04 
-2.86000000e+00 -3.06779077e-04 
-2.87000000e+00 -3.06864878e-04 
-2.88000000e+00 -3.06950679e-04 
-2.89000000e+00 -3.07036480e-04 
-2.90000000e+00 -3.07122281e-04 
-2.91000000e+00 -3.07208082e-04 
-2.92000000e+00 -3.07293883e-04 
-2.93000000e+00 -3.07379684e-04 
-2.94000000e+00 -3.07465485e-04 
-2.95000000e+00 -3.07551286e-04 
-2.96000000e+00 -3.07637087e-04 
-2.97000000e+00 -3.07722888e-04 
-2.98000000e+00 -3.07808689e-04 
-2.99000000e+00 -3.07894490e-04 
-3.00000000e+00 -3.07980291e-04 
-3.01000000e+00 -3.08066092e-04 
-3.02000000e+00 -3.08151893e-04 
-3.03000000e+00 -3.08237694e-04 
-3.04000000e+00 -3.08323495e-04 
-3.05000000e+00 -3.08409296e-04 
-3.06000000e+00 -3.08495097e-04 
-3.07000000e+00 -3.08580898e-04 
-3.08000000e+00 -3.08666699e-04 
-3.09000000e+00 -3.08752500e-04 
-3.10000000e+00 -3.08838301e-04 
-3.11000000e+00 -3.08924102e-04 
-3.12000000e+00 -3.09009903e-04 
-3.13000000e+00 -3.09095704e-04 
-3.14000000e+00 -3.09181505e-04 
-3.15000000e+00 -3.09267306e-04 
-3.16000000e+00 -3.09353107e-04 
-3.17000000e+00 -3.09438907e-04 
-3.18000000e+00 -3.09524708e-04 
-3.19000000e+00 -3.09610509e-04 
-3.20000000e+00 -3.09696310e-04 
-3.21000000e+00 -3.09782111e-04 
-3.22000000e+00 -3.09867912e-04 
-3.23000000e+00 -3.09953713e-04 
-3.24000000e+00 -3.10039514e-04 
-3.25000000e+00 -3.10125315e-04 
-3.26000000e+00 -3.10211116e-04 
-3.27000000e+00 -3.10296917e-04 
-3.28000000e+00 -3.10382718e-04 
-3.29000000e+00 -3.10468519e-04 
-3.30000000e+00 -3.10554320e-04 
-3.31000000e+00 -3.10640121e-04 
-3.32000000e+00 -3.10725922e-04 
-3.33000000e+00 -3.10811723e-04 
-3.34000000e+00 -3.10897524e-04 
-3.35000000e+00 -3.10983325e-04 
-3.36000000e+00 -3.11069126e-04 
-3.37000000e+00 -3.11154927e-04 
-3.38000000e+00 -3.11240728e-04 
-3.39000000e+00 -3.11326529e-04 
-3.40000000e+00 -3.11412330e-04 
-3.41000000e+00 -3.11498131e-04 
-3.42000000e+00 -3.11583932e-04 
-3.43000000e+00 -3.11669733e-04 
-3.44000000e+00 -3.11755534e-04 
-3.45000000e+00 -3.11841335e-04 
-3.46000000e+00 -3.11927136e-04 
-3.47000000e+00 -3.12012937e-04 
-3.48000000e+00 -3.12098738e-04 
-3.49000000e+00 -3.12184539e-04 
-3.50000000e+00 -3.12270340e-04 
-3.51000000e+00 -3.12356140e-04 
-3.52000000e+00 -3.12441941e-04 
-3.53000000e+00 -3.12527742e-04 
-3.54000000e+00 -3.12613543e-04 
-3.55000000e+00 -3.12699344e-04 
-3.56000000e+00 -3.12785145e-04 
-3.57000000e+00 -3.12870946e-04 
-3.58000000e+00 -3.12956747e-04 
-3.59000000e+00 -3.13042548e-04 
-3.60000000e+00 -3.13128349e-04 
-3.61000000e+00 -3.13214150e-04 
-3.62000000e+00 -3.13299951e-04 
-3.63000000e+00 -3.13385752e-04 
-3.64000000e+00 -3.13471553e-04 
-3.65000000e+00 -3.13557354e-04 
-3.66000000e+00 -3.13643155e-04 
-3.67000000e+00 -3.13728956e-04 
-3.68000000e+00 -3.13814757e-04 
-3.69000000e+00 -3.13900558e-04 
-3.70000000e+00 -3.13986359e-04 
-3.71000000e+00 -3.14072160e-04 
-3.72000000e+00 -3.14157961e-04 
-3.73000000e+00 -3.14243762e-04 
-3.74000000e+00 -3.14329563e-04 
-3.75000000e+00 -3.14415364e-04 
-3.76000000e+00 -3.14501165e-04 
-3.77000000e+00 -3.14586966e-04 
-3.78000000e+00 -3.14672767e-04 
-3.79000000e+00 -3.14758568e-04 
-3.80000000e+00 -3.14844369e-04 
-3.81000000e+00 -3.14930170e-04 
-3.82000000e+00 -3.15015971e-04 
-3.83000000e+00 -3.15101772e-04 
-3.84000000e+00 -3.15187572e-04 
-3.85000000e+00 -3.15273373e-04 
-3.86000000e+00 -3.15359174e-04 
-3.87000000e+00 -3.15444975e-04 
-3.88000000e+00 -3.15530776e-04 
-3.89000000e+00 -3.15616577e-04 
-3.90000000e+00 -3.15702378e-04 
-3.91000000e+00 -3.15788179e-04 
-3.92000000e+00 -3.15873980e-04 
-3.93000000e+00 -3.15959781e-04 
-3.94000000e+00 -3.16045582e-04 
-3.95000000e+00 -3.16131383e-04 
-3.96000000e+00 -3.16217184e-04 
-3.97000000e+00 -3.16302985e-04 
-3.98000000e+00 -3.16388786e-04 
-3.99000000e+00 -3.16474587e-04 
-4.00000000e+00 -3.16560388e-04 
-4.01000000e+00 -3.16646189e-04 
-4.02000000e+00 -3.16731990e-04 
-4.03000000e+00 -3.16817791e-04 
-4.04000000e+00 -3.16903592e-04 
-4.05000000e+00 -3.16989393e-04 
-4.06000000e+00 -3.17075194e-04 
-4.07000000e+00 -3.17160995e-04 
-4.08000000e+00 -3.17246796e-04 
-4.09000000e+00 -3.17332597e-04 
-4.10000000e+00 -3.17418398e-04 
-4.11000000e+00 -3.17504199e-04 
-4.12000000e+00 -3.17590000e-04 
-4.13000000e+00 -3.17675801e-04 
-4.14000000e+00 -3.17761602e-04 
-4.15000000e+00 -3.17847403e-04 
-4.16000000e+00 -3.17933204e-04 
-4.17000000e+00 -3.18019004e-04 
-4.18000000e+00 -3.18104805e-04 
-4.19000000e+00 -3.18190606e-04 
-4.20000000e+00 -3.18276407e-04 
-4.21000000e+00 -3.18362208e-04 
-4.22000000e+00 -3.18448009e-04 
-4.23000000e+00 -3.18533810e-04 
-4.24000000e+00 -3.18619611e-04 
-4.25000000e+00 -3.18705412e-04 
-4.26000000e+00 -3.18791213e-04 
-4.27000000e+00 -3.18877014e-04 
-4.28000000e+00 -3.18962815e-04 
-4.29000000e+00 -3.19048616e-04 
-4.30000000e+00 -3.19134417e-04 
-4.31000000e+00 -3.19220218e-04 
-4.32000000e+00 -3.19306019e-04 
-4.33000000e+00 -3.19391820e-04 
-4.34000000e+00 -3.19477621e-04 
-4.35000000e+00 -3.19563422e-04 
-4.36000000e+00 -3.19649223e-04 
-4.37000000e+00 -3.19735024e-04 
-4.38000000e+00 -3.19820825e-04 
-4.39000000e+00 -3.19906626e-04 
-4.40000000e+00 -3.19992427e-04 
-4.41000000e+00 -3.20078228e-04 
-4.42000000e+00 -3.20164029e-04 
-4.43000000e+00 -3.20249830e-04 
-4.44000000e+00 -3.20335631e-04 
-4.45000000e+00 -3.20421432e-04 
-4.46000000e+00 -3.20507233e-04 
-4.47000000e+00 -3.20593034e-04 
-4.48000000e+00 -3.20678835e-04 
-4.49000000e+00 -3.20764636e-04 
-4.50000000e+00 -3.20850437e-04 
-4.51000000e+00 -3.20936237e-04 
-4.52000000e+00 -3.21022038e-04 
-4.53000000e+00 -3.21107839e-04 
-4.54000000e+00 -3.21193640e-04 
-4.55000000e+00 -3.21279441e-04 
-4.56000000e+00 -3.21365242e-04 
-4.57000000e+00 -3.21451043e-04 
-4.58000000e+00 -3.21536844e-04 
-4.59000000e+00 -3.21622645e-04 
-4.60000000e+00 -3.21708446e-04 
-4.61000000e+00 -3.21794247e-04 
-4.62000000e+00 -3.21880048e-04 
-4.63000000e+00 -3.21965849e-04 
-4.64000000e+00 -3.22051650e-04 
-4.65000000e+00 -3.22137451e-04 
-4.66000000e+00 -3.22223252e-04 
-4.67000000e+00 -3.22309053e-04 
-4.68000000e+00 -3.22394854e-04 
-4.69000000e+00 -3.22480655e-04 
-4.70000000e+00 -3.22566456e-04 
-4.71000000e+00 -3.22652257e-04 
-4.72000000e+00 -3.22738058e-04 
-4.73000000e+00 -3.22823859e-04 
-4.74000000e+00 -3.22909660e-04 
-4.75000000e+00 -3.22995461e-04 
-4.76000000e+00 -3.23081262e-04 
-4.77000000e+00 -3.23167063e-04 
-4.78000000e+00 -3.23252864e-04 
-4.79000000e+00 -3.23338665e-04 
-4.80000000e+00 -3.23424466e-04 
-4.81000000e+00 -3.23510267e-04 
-4.82000000e+00 -3.23596068e-04 
-4.83000000e+00 -3.23681869e-04 
-4.84000000e+00 -3.23767669e-04 
-4.85000000e+00 -3.23853470e-04 
-4.86000000e+00 -3.23939271e-04 
-4.87000000e+00 -3.24025072e-04 
-4.88000000e+00 -3.24110873e-04 
-4.89000000e+00 -3.24196674e-04 
-4.90000000e+00 -3.24282475e-04 
-4.91000000e+00 -3.24368276e-04 
-4.92000000e+00 -3.24454077e-04 
-4.93000000e+00 -3.24539878e-04 
-4.94000000e+00 -3.24625679e-04 
-4.95000000e+00 -3.24711480e-04 
-4.96000000e+00 -3.24797281e-04 
-4.97000000e+00 -3.24883082e-04 
-4.98000000e+00 -3.24968883e-04 
-4.99000000e+00 -3.25054684e-04 
-5.00000000e+00 -3.25140485e-04 
