 0.00000000e+00 -0.00000000e+00 
-1.00000000e-02 -4.35132241e-06 
-2.00000000e-02 -8.68527747e-06 
-3.00000000e-02 -1.30018469e-05 
-4.00000000e-02 -1.73010125e-05 
-5.00000000e-02 -2.15827561e-05 
-6.00000000e-02 -2.58470593e-05 
-7.00000000e-02 -3.00939039e-05 
-8.00000000e-02 -3.43232718e-05 
-9.00000000e-02 -3.85351446e-05 
-1.00000000e-01 -4.27295041e-05 
-1.10000000e-01 -4.69063321e-05 
-1.20000000e-01 -5.10656104e-05 
-1.30000000e-01 -5.52073206e-05 
-1.40000000e-01 -5.93314446e-05 
-1.50000000e-01 -6.34379642e-05 
-1.60000000e-01 -6.75268610e-05 
-1.70000000e-01 -7.15981168e-05 
-1.80000000e-01 -7.56517135e-05 
-1.90000000e-01 -7.96876327e-05 
-2.00000000e-01 -8.37058562e-05 
-2.10000000e-01 -8.77063658e-05 
-2.20000000e-01 -9.16891433e-05 
-2.30000000e-01 -9.56541703e-05 
-2.40000000e-01 -9.96014287e-05 
-2.50000000e-01 -1.03530900e-04 
-2.60000000e-01 -1.07442567e-04 
-2.70000000e-01 -1.11336410e-04 
-2.80000000e-01 -1.15212411e-04 
-2.90000000e-01 -1.19070553e-04 
-3.00000000e-01 -1.22910816e-04 
-3.10000000e-01 -1.26733184e-04 
-3.20000000e-01 -1.30537636e-04 
-3.30000000e-01 -1.34324156e-04 
-3.40000000e-01 -1.38092725e-04 
-3.50000000e-01 -1.41843324e-04 
-3.60000000e-01 -1.45575936e-04 
-3.70000000e-01 -1.49290543e-04 
-3.80000000e-01 -1.52987125e-04 
-3.90000000e-01 -1.56665665e-04 
-4.00000000e-01 -1.60326144e-04 
-4.10000000e-01 -1.63968545e-04 
-4.20000000e-01 -1.67592849e-04 
-4.30000000e-01 -1.71199038e-04 
-4.40000000e-01 -1.74787093e-04 
-4.50000000e-01 -1.78356996e-04 
-4.60000000e-01 -1.81908730e-04 
-4.70000000e-01 -1.85442276e-04 
-4.80000000e-01 -1.88957615e-04 
-4.90000000e-01 -1.92454729e-04 
-5.00000000e-01 -1.95933601e-04 
-5.10000000e-01 -1.99394211e-04 
-5.20000000e-01 -2.02836542e-04 
-5.30000000e-01 -2.06260575e-04 
-5.40000000e-01 -2.09666293e-04 
-5.50000000e-01 -2.13053677e-04 
-5.60000000e-01 -2.16422708e-04 
-5.70000000e-01 -2.19773368e-04 
-5.80000000e-01 -2.23105640e-04 
-5.90000000e-01 -2.26419505e-04 
-6.00000000e-01 -2.29714945e-04 
-6.10000000e-01 -2.32991941e-04 
-6.20000000e-01 -2.36250475e-04 
-6.30000000e-01 -2.39490529e-04 
-6.40000000e-01 -2.42712085e-04 
-6.50000000e-01 -2.45915125e-04 
-6.60000000e-01 -2.49099629e-04 
-6.70000000e-01 -2.52265581e-04 
-6.80000000e-01 -2.55412962e-04 
-6.90000000e-01 -2.58541753e-04 
-7.00000000e-01 -2.61651937e-04 
-7.10000000e-01 -2.64743494e-04 
-7.20000000e-01 -2.67816408e-04 
-7.30000000e-01 -2.70870659e-04 
-7.40000000e-01 -2.73906229e-04 
-7.50000000e-01 -2.76923101e-04 
-7.60000000e-01 -2.79921255e-04 
-7.70000000e-01 -2.82900674e-04 
-7.80000000e-01 -2.85861340e-04 
-7.90000000e-01 -2.88803233e-04 
-8.00000000e-01 -2.91726337e-04 
-8.10000000e-01 -2.94630632e-04 
-8.20000000e-01 -2.97516101e-04 
-8.30000000e-01 -3.00382725e-04 
-8.40000000e-01 -3.03230485e-04 
-8.50000000e-01 -3.06059365e-04 
-8.60000000e-01 -3.08869345e-04 
-8.70000000e-01 -3.11660407e-04 
-8.80000000e-01 -3.14432533e-04 
-8.90000000e-01 -3.17185705e-04 
-9.00000000e-01 -3.19919905e-04 
-9.10000000e-01 -3.22635114e-04 
-9.20000000e-01 -3.25331314e-04 
-9.30000000e-01 -3.28008486e-04 
-9.40000000e-01 -3.30666613e-04 
-9.50000000e-01 -3.33305677e-04 
-9.60000000e-01 -3.35925659e-04 
-9.70000000e-01 -3.38526540e-04 
-9.80000000e-01 -3.41108303e-04 
-9.90000000e-01 -3.43670929e-04 
-1.00000000e+00 -3.46214401e-04 
-1.01000000e+00 -3.48738699e-04 
-1.02000000e+00 -3.51243806e-04 
-1.03000000e+00 -3.53729704e-04 
-1.04000000e+00 -3.56196374e-04 
-1.05000000e+00 -3.58643797e-04 
-1.06000000e+00 -3.61071956e-04 
-1.07000000e+00 -3.63480833e-04 
-1.08000000e+00 -3.65870409e-04 
-1.09000000e+00 -3.68240666e-04 
-1.10000000e+00 -3.70591585e-04 
-1.11000000e+00 -3.72923149e-04 
-1.12000000e+00 -3.75235339e-04 
-1.13000000e+00 -3.77528138e-04 
-1.14000000e+00 -3.79801526e-04 
-1.15000000e+00 -3.82055485e-04 
-1.16000000e+00 -3.84289998e-04 
-1.17000000e+00 -3.86505046e-04 
-1.18000000e+00 -3.88700610e-04 
-1.19000000e+00 -3.90876674e-04 
-1.20000000e+00 -3.93033217e-04 
-1.21000000e+00 -3.95170223e-04 
-1.22000000e+00 -3.97287672e-04 
-1.23000000e+00 -3.99385547e-04 
-1.24000000e+00 -4.01463830e-04 
-1.25000000e+00 -4.03522501e-04 
-1.26000000e+00 -4.05561544e-04 
-1.27000000e+00 -4.07580939e-04 
-1.28000000e+00 -4.09580668e-04 
-1.29000000e+00 -4.11560714e-04 
-1.30000000e+00 -4.13521057e-04 
-1.31000000e+00 -4.15461681e-04 
-1.32000000e+00 -4.17382565e-04 
-1.33000000e+00 -4.19283693e-04 
-1.34000000e+00 -4.21165046e-04 
-1.35000000e+00 -4.23026605e-04 
-1.36000000e+00 -4.24868353e-04 
-1.37000000e+00 -4.26690272e-04 
-1.38000000e+00 -4.28492342e-04 
-1.39000000e+00 -4.30274546e-04 
-1.40000000e+00 -4.32036865e-04 
-1.41000000e+00 -4.33779282e-04 
-1.42000000e+00 -4.35501778e-04 
-1.43000000e+00 -4.37204335e-04 
-1.44000000e+00 -4.38886934e-04 
-1.45000000e+00 -4.40549557e-04 
-1.46000000e+00 -4.42192187e-04 
-1.47000000e+00 -4.43814805e-04 
-1.48000000e+00 -4.45417392e-04 
-1.49000000e+00 -4.46999930e-04 
-1.50000000e+00 -4.48562402e-04 
-1.51000000e+00 -4.50104788e-04 
-1.52000000e+00 -4.51627071e-04 
-1.53000000e+00 -4.53129232e-04 
-1.54000000e+00 -4.54611254e-04 
-1.55000000e+00 -4.56073118e-04 
-1.56000000e+00 -4.57514805e-04 
-1.57000000e+00 -4.58936297e-04 
-1.58000000e+00 -4.60337577e-04 
-1.59000000e+00 -4.61718626e-04 
-1.60000000e+00 -4.63079426e-04 
-1.61000000e+00 -4.64419958e-04 
-1.62000000e+00 -4.65740204e-04 
-1.63000000e+00 -4.67040146e-04 
-1.64000000e+00 -4.68319766e-04 
-1.65000000e+00 -4.69579046e-04 
-1.66000000e+00 -4.70817966e-04 
-1.67000000e+00 -4.72036510e-04 
-1.68000000e+00 -4.73234659e-04 
-1.69000000e+00 -4.74412394e-04 
-1.70000000e+00 -4.75569698e-04 
-1.71000000e+00 -4.76706551e-04 
-1.72000000e+00 -4.77822937e-04 
-1.73000000e+00 -4.78918836e-04 
-1.74000000e+00 -4.79994230e-04 
-1.75000000e+00 -4.81049102e-04 
-1.76000000e+00 -4.82083432e-04 
-1.77000000e+00 -4.83097203e-04 
-1.78000000e+00 -4.84090397e-04 
-1.79000000e+00 -4.85062994e-04 
-1.80000000e+00 -4.86014978e-04 
-1.81000000e+00 -4.86946329e-04 
-1.82000000e+00 -4.87857030e-04 
-1.83000000e+00 -4.88747062e-04 
-1.84000000e+00 -4.89616406e-04 
-1.85000000e+00 -4.90465046e-04 
-1.86000000e+00 -4.91292962e-04 
-1.87000000e+00 -4.92100136e-04 
-1.88000000e+00 -4.92886550e-04 
-1.89000000e+00 -4.93652186e-04 
-1.90000000e+00 -4.94397026e-04 
-1.91000000e+00 -4.95121051e-04 
-1.92000000e+00 -4.95824243e-04 
-1.93000000e+00 -4.96506583e-04 
-1.94000000e+00 -4.97168054e-04 
-1.95000000e+00 -4.97808638e-04 
-1.96000000e+00 -4.98428316e-04 
-1.97000000e+00 -4.99027069e-04 
-1.98000000e+00 -4.99604880e-04 
-1.99000000e+00 -5.00161730e-04 
-2.00000000e+00 -5.00697602e-04 
-2.01000000e+00 -5.01212476e-04 
-2.02000000e+00 -5.01706335e-04 
-2.03000000e+00 -5.02179161e-04 
-2.04000000e+00 -5.02630935e-04 
-2.05000000e+00 -5.03061638e-04 
-2.06000000e+00 -5.03471253e-04 
-2.07000000e+00 -5.03859762e-04 
-2.08000000e+00 -5.04227146e-04 
-2.09000000e+00 -5.04573387e-04 
-2.10000000e+00 -5.04898466e-04 
-2.11000000e+00 -5.05202366e-04 
-2.12000000e+00 -5.05485068e-04 
-2.13000000e+00 -5.05746555e-04 
-2.14000000e+00 -5.05986807e-04 
-2.15000000e+00 -5.06205806e-04 
-2.16000000e+00 -5.06403535e-04 
-2.17000000e+00 -5.06579975e-04 
-2.18000000e+00 -5.06735107e-04 
-2.19000000e+00 -5.06879580e-04 
-2.20000000e+00 -5.07024053e-04 
-2.21000000e+00 -5.07168526e-04 
-2.22000000e+00 -5.07312999e-04 
-2.23000000e+00 -5.07457472e-04 
-2.24000000e+00 -5.07601945e-04 
-2.25000000e+00 -5.07746418e-04 
-2.26000000e+00 -5.07890891e-04 
-2.27000000e+00 -5.08035364e-04 
-2.28000000e+00 -5.08179837e-04 
-2.29000000e+00 -5.08324310e-04 
-2.30000000e+00 -5.08468783e-04 
-2.31000000e+00 -5.08613256e-04 
-2.32000000e+00 -5.08757729e-04 
-2.33000000e+00 -5.08902202e-04 
-2.34000000e+00 -5.09046675e-04 
-2.35000000e+00 -5.09191148e-04 
-2.36000000e+00 -5.09335621e-04 
-2.37000000e+00 -5.09480094e-04 
-2.38000000e+00 -5.09624567e-04 
-2.39000000e+00 -5.09769040e-04 
-2.40000000e+00 -5.09913513e-04 
-2.41000000e+00 -5.10057986e-04 
-2.42000000e+00 -5.10202459e-04 
-2.43000000e+00 -5.10346932e-04 
-2.44000000e+00 -5.10491405e-04 
-2.45000000e+00 -5.10635878e-04 
-2.46000000e+00 -5.10780351e-04 
-2.47000000e+00 -5.10924824e-04 
-2.48000000e+00 -5.11069297e-04 
-2.49000000e+00 -5.11213770e-04 
-2.50000000e+00 -5.11358243e-04 
-2.51000000e+00 -5.11502715e-04 
-2.52000000e+00 -5.11647188e-04 
-2.53000000e+00 -5.11791661e-04 
-2.54000000e+00 -5.11936134e-04 
-2.55000000e+00 -5.12080607e-04 
-2.56000000e+00 -5.12225080e-04 
-2.57000000e+00 -5.12369553e-04 
-2.58000000e+00 -5.12514026e-04 
-2.59000000e+00 -5.12658499e-04 
-2.60000000e+00 -5.12802972e-04 
-2.61000000e+00 -5.12947445e-04 
-2.62000000e+00 -5.13091918e-04 
-2.63000000e+00 -5.13236391e-04 
-2.64000000e+00 -5.13380864e-04 
-2.65000000e+00 -5.13525337e-04 
-2.66000000e+00 -5.13669810e-04 
-2.67000000e+00 -5.13814283e-04 
-2.68000000e+00 -5.13958756e-04 
-2.69000000e+00 -5.14103229e-04 
-2.70000000e+00 -5.14247702e-04 
-2.71000000e+00 -5.14392175e-04 
-2.72000000e+00 -5.14536648e-04 
-2.73000000e+00 -5.14681121e-04 
-2.74000000e+00 -5.14825594e-04 
-2.75000000e+00 -5.14970067e-04 
-2.76000000e+00 -5.15114540e-04 
-2.77000000e+00 -5.15259013e-04 
-2.78000000e+00 -5.15403486e-04 
-2.79000000e+00 -5.15547959e-04 
-2.80000000e+00 -5.15692432e-04 
-2.81000000e+00 -5.15836905e-04 
-2.82000000e+00 -5.15981378e-04 
-2.83000000e+00 -5.16125851e-04 
-2.84000000e+00 -5.16270323e-04 
-2.85000000e+00 -5.16414796e-04 
-2.86000000e+00 -5.16559269e-04 
-2.87000000e+00 -5.16703742e-04 
-2.88000000e+00 -5.16848215e-04 
-2.89000000e+00 -5.16992688e-04 
-2.90000000e+00 -5.17137161e-04 
-2.91000000e+00 -5.17281634e-04 
-2.92000000e+00 -5.17426107e-04 
-2.93000000e+00 -5.17570580e-04 
-2.94000000e+00 -5.17715053e-04 
-2.95000000e+00 -5.17859526e-04 
-2.96000000e+00 -5.18003999e-04 
-2.97000000e+00 -5.18148472e-04 
-2.98000000e+00 -5.18292945e-04 
-2.99000000e+00 -5.18437418e-04 
-3.00000000e+00 -5.18581891e-04 
-3.01000000e+00 -5.18726364e-04 
-3.02000000e+00 -5.18870837e-04 
-3.03000000e+00 -5.19015310e-04 
-3.04000000e+00 -5.19159783e-04 
-3.05000000e+00 -5.19304256e-04 
-3.06000000e+00 -5.19448729e-04 
-3.07000000e+00 -5.19593202e-04 
-3.08000000e+00 -5.19737675e-04 
-3.09000000e+00 -5.19882148e-04 
-3.10000000e+00 -5.20026621e-04 
-3.11000000e+00 -5.20171094e-04 
-3.12000000e+00 -5.20315567e-04 
-3.13000000e+00 -5.20460040e-04 
-3.14000000e+00 -5.20604513e-04 
-3.15000000e+00 -5.20748986e-04 
-3.16000000e+00 -5.20893459e-04 
-3.17000000e+00 -5.21037931e-04 
-3.18000000e+00 -5.21182404e-04 
-3.19000000e+00 -5.21326877e-04 
-3.20000000e+00 -5.21471350e-04 
-3.21000000e+00 -5.21615823e-04 
-3.22000000e+00 -5.21760296e-04 
-3.23000000e+00 -5.21904769e-04 
-3.24000000e+00 -5.22049242e-04 
-3.25000000e+00 -5.22193715e-04 
-3.26000000e+00 -5.22338188e-04 
-3.27000000e+00 -5.22482661e-04 
-3.28000000e+00 -5.22627134e-04 
-3.29000000e+00 -5.22771607e-04 
-3.30000000e+00 -5.22916080e-04 
-3.31000000e+00 -5.23060553e-04 
-3.32000000e+00 -5.23205026e-04 
-3.33000000e+00 -5.23349499e-04 
-3.34000000e+00 -5.23493972e-04 
-3.35000000e+00 -5.23638445e-04 
-3.36000000e+00 -5.23782918e-04 
-3.37000000e+00 -5.23927391e-04 
-3.38000000e+00 -5.24071864e-04 
-3.39000000e+00 -5.24216337e-04 
-3.40000000e+00 -5.24360810e-04 
-3.41000000e+00 -5.24505283e-04 
-3.42000000e+00 -5.24649756e-04 
-3.43000000e+00 -5.24794229e-04 
-3.44000000e+00 -5.24938702e-04 
-3.45000000e+00 -5.25083175e-04 
-3.46000000e+00 -5.25227648e-04 
-3.47000000e+00 -5.25372121e-04 
-3.48000000e+00 -5.25516594e-04 
-3.49000000e+00 -5.25661067e-04 
-3.50000000e+00 -5.25805540e-04 
-3.51000000e+00 -5.25950012e-04 
-3.52000000e+00 -5.26094485e-04 
-3.53000000e+00 -5.26238958e-04 
-3.54000000e+00 -5.26383431e-04 
-3.55000000e+00 -5.26527904e-04 
-3.56000000e+00 -5.26672377e-04 
-3.57000000e+00 -5.26816850e-04 
-3.58000000e+00 -5.26961323e-04 
-3.59000000e+00 -5.27105796e-04 
-3.60000000e+00 -5.27250269e-04 
-3.61000000e+00 -5.27394742e-04 
-3.62000000e+00 -5.27539215e-04 
-3.63000000e+00 -5.27683688e-04 
-3.64000000e+00 -5.27828161e-04 
-3.65000000e+00 -5.27972634e-04 
-3.66000000e+00 -5.28117107e-04 
-3.67000000e+00 -5.28261580e-04 
-3.68000000e+00 -5.28406053e-04 
-3.69000000e+00 -5.28550526e-04 
-3.70000000e+00 -5.28694999e-04 
-3.71000000e+00 -5.28839472e-04 
-3.72000000e+00 -5.28983945e-04 
-3.73000000e+00 -5.29128418e-04 
-3.74000000e+00 -5.29272891e-04 
-3.75000000e+00 -5.29417364e-04 
-3.76000000e+00 -5.29561837e-04 
-3.77000000e+00 -5.29706310e-04 
-3.78000000e+00 -5.29850783e-04 
-3.79000000e+00 -5.29995256e-04 
-3.80000000e+00 -5.30139729e-04 
-3.81000000e+00 -5.30284202e-04 
-3.82000000e+00 -5.30428675e-04 
-3.83000000e+00 -5.30573148e-04 
-3.84000000e+00 -5.30717620e-04 
-3.85000000e+00 -5.30862093e-04 
-3.86000000e+00 -5.31006566e-04 
-3.87000000e+00 -5.31151039e-04 
-3.88000000e+00 -5.31295512e-04 
-3.89000000e+00 -5.31439985e-04 
-3.90000000e+00 -5.31584458e-04 
-3.91000000e+00 -5.31728931e-04 
-3.92000000e+00 -5.31873404e-04 
-3.93000000e+00 -5.32017877e-04 
-3.94000000e+00 -5.32162350e-04 
-3.95000000e+00 -5.32306823e-04 
-3.96000000e+00 -5.32451296e-04 
-3.97000000e+00 -5.32595769e-04 
-3.98000000e+00 -5.32740242e-04 
-3.99000000e+00 -5.32884715e-04 
-4.00000000e+00 -5.33029188e-04 
-4.01000000e+00 -5.33173661e-04 
-4.02000000e+00 -5.33318134e-04 
-4.03000000e+00 -5.33462607e-04 
-4.04000000e+00 -5.33607080e-04 
-4.05000000e+00 -5.33751553e-04 
-4.06000000e+00 -5.33896026e-04 
-4.07000000e+00 -5.34040499e-04 
-4.08000000e+00 -5.34184972e-04 
-4.09000000e+00 -5.34329445e-04 
-4.10000000e+00 -5.34473918e-04 
-4.11000000e+00 -5.34618391e-04 
-4.12000000e+00 -5.34762864e-04 
-4.13000000e+00 -5.34907337e-04 
-4.14000000e+00 -5.35051810e-04 
-4.15000000e+00 -5.35196283e-04 
-4.16000000e+00 -5.35340756e-04 
-4.17000000e+00 -5.35485228e-04 
-4.18000000e+00 -5.35629701e-04 
-4.19000000e+00 -5.35774174e-04 
-4.20000000e+00 -5.35918647e-04 
-4.21000000e+00 -5.36063120e-04 
-4.22000000e+00 -5.36207593e-04 
-4.23000000e+00 -5.36352066e-04 
-4.24000000e+00 -5.36496539e-04 
-4.25000000e+00 -5.36641012e-04 
-4.26000000e+00 -5.36785485e-04 
-4.27000000e+00 -5.36929958e-04 
-4.28000000e+00 -5.37074431e-04 
-4.29000000e+00 -5.37218904e-04 
-4.30000000e+00 -5.37363377e-04 
-4.31000000e+00 -5.37507850e-04 
-4.32000000e+00 -5.37652323e-04 
-4.33000000e+00 -5.37796796e-04 
-4.34000000e+00 -5.37941269e-04 
-4.35000000e+00 -5.38085742e-04 
-4.36000000e+00 -5.38230215e-04 
-4.37000000e+00 -5.38374688e-04 
-4.38000000e+00 -5.38519161e-04 
-4.39000000e+00 -5.38663634e-04 
-4.40000000e+00 -5.38808107e-04 
-4.41000000e+00 -5.38952580e-04 
-4.42000000e+00 -5.39097053e-04 
-4.43000000e+00 -5.39241526e-04 
-4.44000000e+00 -5.39385999e-04 
-4.45000000e+00 -5.39530472e-04 
-4.46000000e+00 -5.39674945e-04 
-4.47000000e+00 -5.39819418e-04 
-4.48000000e+00 -5.39963891e-04 
-4.49000000e+00 -5.40108364e-04 
-4.50000000e+00 -5.40252837e-04 
-4.51000000e+00 -5.40397309e-04 
-4.52000000e+00 -5.40541782e-04 
-4.53000000e+00 -5.40686255e-04 
-4.54000000e+00 -5.40830728e-04 
-4.55000000e+00 -5.40975201e-04 
-4.56000000e+00 -5.41119674e-04 
-4.57000000e+00 -5.41264147e-04 
-4.58000000e+00 -5.41408620e-04 
-4.59000000e+00 -5.41553093e-04 
-4.60000000e+00 -5.41697566e-04 
-4.61000000e+00 -5.41842039e-04 
-4.62000000e+00 -5.41986512e-04 
-4.63000000e+00 -5.42130985e-04 
-4.64000000e+00 -5.42275458e-04 
-4.65000000e+00 -5.42419931e-04 
-4.66000000e+00 -5.42564404e-04 
-4.67000000e+00 -5.42708877e-04 
-4.68000000e+00 -5.42853350e-04 
-4.69000000e+00 -5.42997823e-04 
-4.70000000e+00 -5.43142296e-04 
-4.71000000e+00 -5.43286769e-04 
-4.72000000e+00 -5.43431242e-04 
-4.73000000e+00 -5.43575715e-04 
-4.74000000e+00 -5.43720188e-04 
-4.75000000e+00 -5.43864661e-04 
-4.76000000e+00 -5.44009134e-04 
-4.77000000e+00 -5.44153607e-04 
-4.78000000e+00 -5.44298080e-04 
-4.79000000e+00 -5.44442553e-04 
-4.80000000e+00 -5.44587026e-04 
-4.81000000e+00 -5.44731499e-04 
-4.82000000e+00 -5.44875972e-04 
-4.83000000e+00 -5.45020445e-04 
-4.84000000e+00 -5.45164917e-04 
-4.85000000e+00 -5.45309390e-04 
-4.86000000e+00 -5.45453863e-04 
-4.87000000e+00 -5.45598336e-04 
-4.88000000e+00 -5.45742809e-04 
-4.89000000e+00 -5.45887282e-04 
-4.90000000e+00 -5.46031755e-04 
-4.91000000e+00 -5.46176228e-04 
-4.92000000e+00 -5.46320701e-04 
-4.93000000e+00 -5.46465174e-04 
-4.94000000e+00 -5.46609647e-04 
-4.95000000e+00 -5.46754120e-04 
-4.96000000e+00 -5.46898593e-04 
-4.97000000e+00 -5.47043066e-04 
-4.98000000e+00 -5.47187539e-04 
-4.99000000e+00 -5.47332012e-04 
-5.00000000e+00 -5.47476485e-04 
