 0.00000000e+00 -0.00000000e+00 
-1.00000000e-02 -5.35162641e-06 
-2.00000000e-02 -1.06864935e-05 
-3.00000000e-02 -1.60045829e-05 
-4.00000000e-02 -2.13058765e-05 
-5.00000000e-02 -2.65903561e-05 
-6.00000000e-02 -3.18580033e-05 
-7.00000000e-02 -3.71087999e-05 
-8.00000000e-02 -4.23427278e-05 
-9.00000000e-02 -4.75597686e-05 
-1.00000000e-01 -5.27599041e-05 
-1.10000000e-01 -5.79431161e-05 
-1.20000000e-01 -6.31093864e-05 
-1.30000000e-01 -6.82586966e-05 
-1.40000000e-01 -7.33910286e-05 
-1.50000000e-01 -7.85063642e-05 
-1.60000000e-01 -8.36046850e-05 
-1.70000000e-01 -8.86859728e-05 
-1.80000000e-01 -9.37502095e-05 
-1.90000000e-01 -9.87973767e-05 
-2.00000000e-01 -1.03827456e-04 
-2.10000000e-01 -1.08840430e-04 
-2.20000000e-01 -1.13836279e-04 
-2.30000000e-01 -1.18814986e-04 
-2.40000000e-01 -1.23776533e-04 
-2.50000000e-01 -1.28720900e-04 
-2.60000000e-01 -1.33648071e-04 
-2.70000000e-01 -1.38558026e-04 
-2.80000000e-01 -1.43450747e-04 
-2.90000000e-01 -1.48326217e-04 
-3.00000000e-01 -1.53184416e-04 
-3.10000000e-01 -1.58025328e-04 
-3.20000000e-01 -1.62848932e-04 
-3.30000000e-01 -1.67655212e-04 
-3.40000000e-01 -1.72444149e-04 
-3.50000000e-01 -1.77215724e-04 
-3.60000000e-01 -1.81969920e-04 
-3.70000000e-01 -1.86706719e-04 
-3.80000000e-01 -1.91426101e-04 
-3.90000000e-01 -1.96128049e-04 
-4.00000000e-01 -2.00812544e-04 
-4.10000000e-01 -2.05479569e-04 
-4.20000000e-01 -2.10129105e-04 
-4.30000000e-01 -2.14761134e-04 
-4.40000000e-01 -2.19375637e-04 
-4.50000000e-01 -2.23972596e-04 
-4.60000000e-01 -2.28551994e-04 
-4.70000000e-01 -2.33113812e-04 
-4.80000000e-01 -2.37658031e-04 
-4.90000000e-01 -2.42184633e-04 
-5.00000000e-01 -2.46693601e-04 
-5.10000000e-01 -2.51184915e-04 
-5.20000000e-01 -2.55658558e-04 
-5.30000000e-01 -2.60114511e-04 
-5.40000000e-01 -2.64552757e-04 
-5.50000000e-01 -2.68973277e-04 
-5.60000000e-01 -2.73376052e-04 
-5.70000000e-01 -2.77761064e-04 
-5.80000000e-01 -2.82128296e-04 
-5.90000000e-01 -2.86477729e-04 
-6.00000000e-01 -2.90809345e-04 
-6.10000000e-01 -2.95123125e-04 
-6.20000000e-01 -2.99419051e-04 
-6.30000000e-01 -3.03697105e-04 
-6.40000000e-01 -3.07957269e-04 
-6.50000000e-01 -3.12199525e-04 
-6.60000000e-01 -3.16423853e-04 
-6.70000000e-01 -3.20630237e-04 
-6.80000000e-01 -3.24818658e-04 
-6.90000000e-01 -3.28989097e-04 
-7.00000000e-01 -3.33141537e-04 
-7.10000000e-01 -3.37275958e-04 
-7.20000000e-01 -3.41392344e-04 
-7.30000000e-01 -3.45490675e-04 
-7.40000000e-01 -3.49570933e-04 
-7.50000000e-01 -3.53633101e-04 
-7.60000000e-01 -3.57677159e-04 
-7.70000000e-01 -3.61703090e-04 
-7.80000000e-01 -3.65710876e-04 
-7.90000000e-01 -3.69700497e-04 
-8.00000000e-01 -3.73671937e-04 
-8.10000000e-01 -3.77625176e-04 
-8.20000000e-01 -3.81560197e-04 
-8.30000000e-01 -3.85476981e-04 
-8.40000000e-01 -3.89375509e-04 
-8.50000000e-01 -3.93255765e-04 
-8.60000000e-01 -3.97117729e-04 
-8.70000000e-01 -4.00961383e-04 
-8.80000000e-01 -4.04786709e-04 
-8.90000000e-01 -4.08593689e-04 
-9.00000000e-01 -4.12382305e-04 
-9.10000000e-01 -4.16152538e-04 
-9.20000000e-01 -4.19904370e-04 
-9.30000000e-01 -4.23637782e-04 
-9.40000000e-01 -4.27352757e-04 
-9.50000000e-01 -4.31049277e-04 
-9.60000000e-01 -4.34727323e-04 
-9.70000000e-01 -4.38386876e-04 
-9.80000000e-01 -4.42027919e-04 
-9.90000000e-01 -4.45650433e-04 
-1.00000000e+00 -4.49254401e-04 
-1.01000000e+00 -4.52839803e-04 
-1.02000000e+00 -4.56406622e-04 
-1.03000000e+00 -4.59954840e-04 
-1.04000000e+00 -4.63484438e-04 
-1.05000000e+00 -4.66995397e-04 
-1.06000000e+00 -4.70487700e-04 
-1.07000000e+00 -4.73961329e-04 
-1.08000000e+00 -4.77416265e-04 
-1.09000000e+00 -4.80852490e-04 
-1.10000000e+00 -4.84269985e-04 
-1.11000000e+00 -4.87668733e-04 
-1.12000000e+00 -4.91048715e-04 
-1.13000000e+00 -4.94409914e-04 
-1.14000000e+00 -4.97752310e-04 
-1.15000000e+00 -5.01075885e-04 
-1.16000000e+00 -5.04380622e-04 
-1.17000000e+00 -5.07666502e-04 
-1.18000000e+00 -5.10933506e-04 
-1.19000000e+00 -5.14181618e-04 
-1.20000000e+00 -5.17410817e-04 
-1.21000000e+00 -5.20621087e-04 
-1.22000000e+00 -5.23812408e-04 
-1.23000000e+00 -5.26984763e-04 
-1.24000000e+00 -5.30138134e-04 
-1.25000000e+00 -5.33272501e-04 
-1.26000000e+00 -5.36387848e-04 
-1.27000000e+00 -5.39484155e-04 
-1.28000000e+00 -5.42561404e-04 
-1.29000000e+00 -5.45619578e-04 
-1.30000000e+00 -5.48658657e-04 
-1.31000000e+00 -5.51678625e-04 
-1.32000000e+00 -5.54679461e-04 
-1.33000000e+00 -5.57661149e-04 
-1.34000000e+00 -5.60623670e-04 
-1.35000000e+00 -5.63567005e-04 
-1.36000000e+00 -5.66491137e-04 
-1.37000000e+00 -5.69396048e-04 
-1.38000000e+00 -5.72281718e-04 
-1.39000000e+00 -5.75148130e-04 
-1.40000000e+00 -5.77995265e-04 
-1.41000000e+00 -5.80823106e-04 
-1.42000000e+00 -5.83631634e-04 
-1.43000000e+00 -5.86420831e-04 
-1.44000000e+00 -5.89190678e-04 
-1.45000000e+00 -5.91941157e-04 
-1.46000000e+00 -5.94672251e-04 
-1.47000000e+00 -5.97383941e-04 
-1.48000000e+00 -6.00076208e-04 
-1.49000000e+00 -6.02749034e-04 
-1.50000000e+00 -6.05402402e-04 
-1.51000000e+00 -6.08036292e-04 
-1.52000000e+00 -6.10650687e-04 
-1.53000000e+00 -6.13245568e-04 
-1.54000000e+00 -6.15820918e-04 
-1.55000000e+00 -6.18376718e-04 
-1.56000000e+00 -6.20912949e-04 
-1.57000000e+00 -6.23429593e-04 
-1.58000000e+00 -6.25926633e-04 
-1.59000000e+00 -6.28404050e-04 
-1.60000000e+00 -6.30861826e-04 
-1.61000000e+00 -6.33299942e-04 
-1.62000000e+00 -6.35718380e-04 
-1.63000000e+00 -6.38117122e-04 
-1.64000000e+00 -6.40496150e-04 
-1.65000000e+00 -6.42855446e-04 
-1.66000000e+00 -6.45194990e-04 
-1.67000000e+00 -6.47514766e-04 
-1.68000000e+00 -6.49814755e-04 
-1.69000000e+00 -6.52094938e-04 
-1.70000000e+00 -6.54355298e-04 
-1.71000000e+00 -6.56595815e-04 
-1.72000000e+00 -6.58816473e-04 
-1.73000000e+00 -6.61017252e-04 
-1.74000000e+00 -6.63198134e-04 
-1.75000000e+00 -6.65359102e-04 
-1.76000000e+00 -6.67500136e-04 
-1.77000000e+00 -6.69621219e-04 
-1.78000000e+00 -6.71722333e-04 
-1.79000000e+00 -6.73803458e-04 
-1.80000000e+00 -6.75864578e-04 
-1.81000000e+00 -6.77905673e-04 
-1.82000000e+00 -6.79926726e-04 
-1.83000000e+00 -6.81927718e-04 
-1.84000000e+00 -6.83908630e-04 
-1.85000000e+00 -6.85869446e-04 
-1.86000000e+00 -6.87810146e-04 
-1.87000000e+00 -6.89730712e-04 
-1.88000000e+00 -6.91631126e-04 
-1.89000000e+00 -6.93511370e-04 
-1.90000000e+00 -6.95371426e-04 
-1.91000000e+00 -6.97211275e-04 
-1.92000000e+00 -6.99030899e-04 
-1.93000000e+00 -7.00830279e-04 
-1.94000000e+00 -7.02609398e-04 
-1.95000000e+00 -7.04368238e-04 
-1.96000000e+00 -7.06106780e-04 
-1.97000000e+00 -7.07825005e-04 
-1.98000000e+00 -7.09522896e-04 
-1.99000000e+00 -7.11200434e-04 
-2.00000000e+00 -7.12857602e-04 
-2.01000000e+00 -7.14494380e-04 
-2.02000000e+00 -7.16110751e-04 
-2.03000000e+00 -7.17706697e-04 
-2.04000000e+00 -7.19282199e-04 
-2.05000000e+00 -7.20837238e-04 
-2.06000000e+00 -7.22371797e-04 
-2.07000000e+00 -7.23885858e-04 
-2.08000000e+00 -7.25379402e-04 
-2.09000000e+00 -7.26852411e-04 
-2.10000000e+00 -7.28304866e-04 
-2.11000000e+00 -7.29736750e-04 
-2.12000000e+00 -7.31148044e-04 
-2.13000000e+00 -7.32538731e-04 
-2.14000000e+00 -7.33908791e-04 
-2.15000000e+00 -7.35258206e-04 
-2.16000000e+00 -7.36586959e-04 
-2.17000000e+00 -7.37895031e-04 
-2.18000000e+00 -7.39182403e-04 
-2.19000000e+00 -7.40449059e-04 
-2.20000000e+00 -7.41694978e-04 
-2.21000000e+00 -7.42920144e-04 
-2.22000000e+00 -7.44124537e-04 
-2.23000000e+00 -7.45308140e-04 
-2.24000000e+00 -7.46470935e-04 
-2.25000000e+00 -7.47612902e-04 
-2.26000000e+00 -7.48734025e-04 
-2.27000000e+00 -7.49834284e-04 
-2.28000000e+00 -7.50913661e-04 
-2.29000000e+00 -7.51972139e-04 
-2.30000000e+00 -7.53009698e-04 
-2.31000000e+00 -7.54026322e-04 
-2.32000000e+00 -7.55021990e-04 
-2.33000000e+00 -7.55996686e-04 
-2.34000000e+00 -7.56950391e-04 
-2.35000000e+00 -7.57883086e-04 
-2.36000000e+00 -7.58794754e-04 
-2.37000000e+00 -7.59685377e-04 
-2.38000000e+00 -7.60554935e-04 
-2.39000000e+00 -7.61403411e-04 
-2.40000000e+00 -7.62230786e-04 
-2.41000000e+00 -7.63037043e-04 
-2.42000000e+00 -7.63822163e-04 
-2.43000000e+00 -7.64586128e-04 
-2.44000000e+00 -7.65328919e-04 
-2.45000000e+00 -7.66050518e-04 
-2.46000000e+00 -7.66750908e-04 
-2.47000000e+00 -7.67430070e-04 
-2.48000000e+00 -7.68087985e-04 
-2.49000000e+00 -7.68724635e-04 
-2.50000000e+00 -7.69340003e-04 
-2.51000000e+00 -7.69934069e-04 
-2.52000000e+00 -7.70506816e-04 
-2.53000000e+00 -7.71058225e-04 
-2.54000000e+00 -7.71588279e-04 
-2.55000000e+00 -7.72096959e-04 
-2.56000000e+00 -7.72584246e-04 
-2.57000000e+00 -7.73050122e-04 
-2.58000000e+00 -7.73494570e-04 
-2.59000000e+00 -7.73917571e-04 
-2.60000000e+00 -7.74319107e-04 
-2.61000000e+00 -7.74699159e-04 
-2.62000000e+00 -7.75057709e-04 
-2.63000000e+00 -7.75394739e-04 
-2.64000000e+00 -7.75710231e-04 
-2.65000000e+00 -7.76004167e-04 
-2.66000000e+00 -7.76276527e-04 
-2.67000000e+00 -7.76527295e-04 
-2.68000000e+00 -7.76756452e-04 
-2.69000000e+00 -7.76974797e-04 
-2.70000000e+00 -7.77193142e-04 
-2.71000000e+00 -7.77411487e-04 
-2.72000000e+00 -7.77629832e-04 
-2.73000000e+00 -7.77848177e-04 
-2.74000000e+00 -7.78066522e-04 
-2.75000000e+00 -7.78284867e-04 
-2.76000000e+00 -7.78503212e-04 
-2.77000000e+00 -7.78721557e-04 
-2.78000000e+00 -7.78939902e-04 
-2.79000000e+00 -7.79158247e-04 
-2.80000000e+00 -7.79376592e-04 
-2.81000000e+00 -7.79594937e-04 
-2.82000000e+00 -7.79813282e-04 
-2.83000000e+00 -7.80031627e-04 
-2.84000000e+00 -7.80249971e-04 
-2.85000000e+00 -7.80468316e-04 
-2.86000000e+00 -7.80686661e-04 
-2.87000000e+00 -7.80905006e-04 
-2.88000000e+00 -7.81123351e-04 
-2.89000000e+00 -7.81341696e-04 
-2.90000000e+00 -7.81560041e-04 
-2.91000000e+00 -7.81778386e-04 
-2.92000000e+00 -7.81996731e-04 
-2.93000000e+00 -7.82215076e-04 
-2.94000000e+00 -7.82433421e-04 
-2.95000000e+00 -7.82651766e-04 
-2.96000000e+00 -7.82870111e-04 
-2.97000000e+00 -7.83088456e-04 
-2.98000000e+00 -7.83306801e-04 
-2.99000000e+00 -7.83525146e-04 
-3.00000000e+00 -7.83743491e-04 
-3.01000000e+00 -7.83961836e-04 
-3.02000000e+00 -7.84180181e-04 
-3.03000000e+00 -7.84398526e-04 
-3.04000000e+00 -7.84616871e-04 
-3.05000000e+00 -7.84835216e-04 
-3.06000000e+00 -7.85053561e-04 
-3.07000000e+00 -7.85271906e-04 
-3.08000000e+00 -7.85490251e-04 
-3.09000000e+00 -7.85708596e-04 
-3.10000000e+00 -7.85926941e-04 
-3.11000000e+00 -7.86145286e-04 
-3.12000000e+00 -7.86363631e-04 
-3.13000000e+00 -7.86581976e-04 
-3.14000000e+00 -7.86800321e-04 
-3.15000000e+00 -7.87018666e-04 
-3.16000000e+00 -7.87237011e-04 
-3.17000000e+00 -7.87455355e-04 
-3.18000000e+00 -7.87673700e-04 
-3.19000000e+00 -7.87892045e-04 
-3.20000000e+00 -7.88110390e-04 
-3.21000000e+00 -7.88328735e-04 
-3.22000000e+00 -7.88547080e-04 
-3.23000000e+00 -7.88765425e-04 
-3.24000000e+00 -7.88983770e-04 
-3.25000000e+00 -7.89202115e-04 
-3.26000000e+00 -7.89420460e-04 
-3.27000000e+00 -7.89638805e-04 
-3.28000000e+00 -7.89857150e-04 
-3.29000000e+00 -7.90075495e-04 
-3.30000000e+00 -7.90293840e-04 
-3.31000000e+00 -7.90512185e-04 
-3.32000000e+00 -7.90730530e-04 
-3.33000000e+00 -7.90948875e-04 
-3.34000000e+00 -7.91167220e-04 
-3.35000000e+00 -7.91385565e-04 
-3.36000000e+00 -7.91603910e-04 
-3.37000000e+00 -7.91822255e-04 
-3.38000000e+00 -7.92040600e-04 
-3.39000000e+00 -7.92258945e-04 
-3.40000000e+00 -7.92477290e-04 
-3.41000000e+00 -7.92695635e-04 
-3.42000000e+00 -7.92913980e-04 
-3.43000000e+00 -7.93132325e-04 
-3.44000000e+00 -7.93350670e-04 
-3.45000000e+00 -7.93569015e-04 
-3.46000000e+00 -7.93787360e-04 
-3.47000000e+00 -7.94005705e-04 
-3.48000000e+00 -7.94224050e-04 
-3.49000000e+00 -7.94442395e-04 
-3.50000000e+00 -7.94660740e-04 
-3.51000000e+00 -7.94879084e-04 
-3.52000000e+00 -7.95097429e-04 
-3.53000000e+00 -7.95315774e-04 
-3.54000000e+00 -7.95534119e-04 
-3.55000000e+00 -7.95752464e-04 
-3.56000000e+00 -7.95970809e-04 
-3.57000000e+00 -7.96189154e-04 
-3.58000000e+00 -7.96407499e-04 
-3.59000000e+00 -7.96625844e-04 
-3.60000000e+00 -7.96844189e-04 
-3.61000000e+00 -7.97062534e-04 
-3.62000000e+00 -7.97280879e-04 
-3.63000000e+00 -7.97499224e-04 
-3.64000000e+00 -7.97717569e-04 
-3.65000000e+00 -7.97935914e-04 
-3.66000000e+00 -7.98154259e-04 
-3.67000000e+00 -7.98372604e-04 
-3.68000000e+00 -7.98590949e-04 
-3.69000000e+00 -7.98809294e-04 
-3.70000000e+00 -7.99027639e-04 
-3.71000000e+00 -7.99245984e-04 
-3.72000000e+00 -7.99464329e-04 
-3.73000000e+00 -7.99682674e-04 
-3.74000000e+00 -7.99901019e-04 
-3.75000000e+00 -8.00119364e-04 
-3.76000000e+00 -8.00337709e-04 
-3.77000000e+00 -8.00556054e-04 
-3.78000000e+00 -8.00774399e-04 
-3.79000000e+00 -8.00992744e-04 
-3.80000000e+00 -8.01211089e-04 
-3.81000000e+00 -8.01429434e-04 
-3.82000000e+00 -8.01647779e-04 
-3.83000000e+00 -8.01866124e-04 
-3.84000000e+00 -8.02084468e-04 
-3.85000000e+00 -8.02302813e-04 
-3.86000000e+00 -8.02521158e-04 
-3.87000000e+00 -8.02739503e-04 
-3.88000000e+00 -8.02957848e-04 
-3.89000000e+00 -8.03176193e-04 
-3.90000000e+00 -8.03394538e-04 
-3.91000000e+00 -8.03612883e-04 
-3.92000000e+00 -8.03831228e-04 
-3.93000000e+00 -8.04049573e-04 
-3.94000000e+00 -8.04267918e-04 
-3.95000000e+00 -8.04486263e-04 
-3.96000000e+00 -8.04704608e-04 
-3.97000000e+00 -8.04922953e-04 
-3.98000000e+00 -8.05141298e-04 
-3.99000000e+00 -8.05359643e-04 
-4.00000000e+00 -8.05577988e-04 
-4.01000000e+00 -8.05796333e-04 
-4.02000000e+00 -8.06014678e-04 
-4.03000000e+00 -8.06233023e-04 
-4.04000000e+00 -8.06451368e-04 
-4.05000000e+00 -8.06669713e-04 
-4.06000000e+00 -8.06888058e-04 
-4.07000000e+00 -8.07106403e-04 
-4.08000000e+00 -8.07324748e-04 
-4.09000000e+00 -8.07543093e-04 
-4.10000000e+00 -8.07761438e-04 
-4.11000000e+00 -8.07979783e-04 
-4.12000000e+00 -8.08198128e-04 
-4.13000000e+00 -8.08416473e-04 
-4.14000000e+00 -8.08634818e-04 
-4.15000000e+00 -8.08853163e-04 
-4.16000000e+00 -8.09071508e-04 
-4.17000000e+00 -8.09289852e-04 
-4.18000000e+00 -8.09508197e-04 
-4.19000000e+00 -8.09726542e-04 
-4.20000000e+00 -8.09944887e-04 
-4.21000000e+00 -8.10163232e-04 
-4.22000000e+00 -8.10381577e-04 
-4.23000000e+00 -8.10599922e-04 
-4.24000000e+00 -8.10818267e-04 
-4.25000000e+00 -8.11036612e-04 
-4.26000000e+00 -8.11254957e-04 
-4.27000000e+00 -8.11473302e-04 
-4.28000000e+00 -8.11691647e-04 
-4.29000000e+00 -8.11909992e-04 
-4.30000000e+00 -8.12128337e-04 
-4.31000000e+00 -8.12346682e-04 
-4.32000000e+00 -8.12565027e-04 
-4.33000000e+00 -8.12783372e-04 
-4.34000000e+00 -8.13001717e-04 
-4.35000000e+00 -8.13220062e-04 
-4.36000000e+00 -8.13438407e-04 
-4.37000000e+00 -8.13656752e-04 
-4.38000000e+00 -8.13875097e-04 
-4.39000000e+00 -8.14093442e-04 
-4.40000000e+00 -8.14311787e-04 
-4.41000000e+00 -8.14530132e-04 
-4.42000000e+00 -8.14748477e-04 
-4.43000000e+00 -8.14966822e-04 
-4.44000000e+00 -8.15185167e-04 
-4.45000000e+00 -8.15403512e-04 
-4.46000000e+00 -8.15621857e-04 
-4.47000000e+00 -8.15840202e-04 
-4.48000000e+00 -8.16058547e-04 
-4.49000000e+00 -8.16276892e-04 
-4.50000000e+00 -8.16495237e-04 
-4.51000000e+00 -8.16713581e-04 
-4.52000000e+00 -8.16931926e-04 
-4.53000000e+00 -8.17150271e-04 
-4.54000000e+00 -8.17368616e-04 
-4.55000000e+00 -8.17586961e-04 
-4.56000000e+00 -8.17805306e-04 
-4.57000000e+00 -8.18023651e-04 
-4.58000000e+00 -8.18241996e-04 
-4.59000000e+00 -8.18460341e-04 
-4.60000000e+00 -8.18678686e-04 
-4.61000000e+00 -8.18897031e-04 
-4.62000000e+00 -8.19115376e-04 
-4.63000000e+00 -8.19333721e-04 
-4.64000000e+00 -8.19552066e-04 
-4.65000000e+00 -8.19770411e-04 
-4.66000000e+00 -8.19988756e-04 
-4.67000000e+00 -8.20207101e-04 
-4.68000000e+00 -8.20425446e-04 
-4.69000000e+00 -8.20643791e-04 
-4.70000000e+00 -8.20862136e-04 
-4.71000000e+00 -8.21080481e-04 
-4.72000000e+00 -8.21298826e-04 
-4.73000000e+00 -8.21517171e-04 
-4.74000000e+00 -8.21735516e-04 
-4.75000000e+00 -8.21953861e-04 
-4.76000000e+00 -8.22172206e-04 
-4.77000000e+00 -8.22390551e-04 
-4.78000000e+00 -8.22608896e-04 
-4.79000000e+00 -8.22827241e-04 
-4.80000000e+00 -8.23045586e-04 
-4.81000000e+00 -8.23263931e-04 
-4.82000000e+00 -8.23482276e-04 
-4.83000000e+00 -8.23700621e-04 
-4.84000000e+00 -8.23918965e-04 
-4.85000000e+00 -8.24137310e-04 
-4.86000000e+00 -8.24355655e-04 
-4.87000000e+00 -8.24574000e-04 
-4.88000000e+00 -8.24792345e-04 
-4.89000000e+00 -8.25010690e-04 
-4.90000000e+00 -8.25229035e-04 
-4.91000000e+00 -8.25447380e-04 
-4.92000000e+00 -8.25665725e-04 
-4.93000000e+00 -8.25884070e-04 
-4.94000000e+00 -8.26102415e-04 
-4.95000000e+00 -8.26320760e-04 
-4.96000000e+00 -8.26539105e-04 
-4.97000000e+00 -8.26757450e-04 
-4.98000000e+00 -8.26975795e-04 
-4.99000000e+00 -8.27194140e-04 
-5.00000000e+00 -8.27412485e-04 
