 0.00000000e+00 -0.00000000e+00 
-1.00000000e-02 -6.35193041e-06 
-2.00000000e-02 -1.26877095e-05 
-3.00000000e-02 -1.90073189e-05 
-4.00000000e-02 -2.53107405e-05 
-5.00000000e-02 -3.15979561e-05 
-6.00000000e-02 -3.78689473e-05 
-7.00000000e-02 -4.41236959e-05 
-8.00000000e-02 -5.03621838e-05 
-9.00000000e-02 -5.65843926e-05 
-1.00000000e-01 -6.27903041e-05 
-1.10000000e-01 -6.89799001e-05 
-1.20000000e-01 -7.51531624e-05 
-1.30000000e-01 -8.13100726e-05 
-1.40000000e-01 -8.74506126e-05 
-1.50000000e-01 -9.35747642e-05 
-1.60000000e-01 -9.96825090e-05 
-1.70000000e-01 -1.05773829e-04 
-1.80000000e-01 -1.11848705e-04 
-1.90000000e-01 -1.17907121e-04 
-2.00000000e-01 -1.23949056e-04 
-2.10000000e-01 -1.29974494e-04 
-2.20000000e-01 -1.35983415e-04 
-2.30000000e-01 -1.41975802e-04 
-2.40000000e-01 -1.47951637e-04 
-2.50000000e-01 -1.53910900e-04 
-2.60000000e-01 -1.59853575e-04 
-2.70000000e-01 -1.65779642e-04 
-2.80000000e-01 -1.71689083e-04 
-2.90000000e-01 -1.77581881e-04 
-3.00000000e-01 -1.83458016e-04 
-3.10000000e-01 -1.89317472e-04 
-3.20000000e-01 -1.95160228e-04 
-3.30000000e-01 -2.00986268e-04 
-3.40000000e-01 -2.06795573e-04 
-3.50000000e-01 -2.12588124e-04 
-3.60000000e-01 -2.18363904e-04 
-3.70000000e-01 -2.24122895e-04 
-3.80000000e-01 -2.29865077e-04 
-3.90000000e-01 -2.35590433e-04 
-4.00000000e-01 -2.41298944e-04 
-4.10000000e-01 -2.46990593e-04 
-4.20000000e-01 -2.52665361e-04 
-4.30000000e-01 -2.58323230e-04 
-4.40000000e-01 -2.63964181e-04 
-4.50000000e-01 -2.69588196e-04 
-4.60000000e-01 -2.75195258e-04 
-4.70000000e-01 -2.80785348e-04 
-4.80000000e-01 -2.86358447e-04 
-4.90000000e-01 -2.91914537e-04 
-5.00000000e-01 -2.97453601e-04 
-5.10000000e-01 -3.02975619e-04 
-5.20000000e-01 -3.08480574e-04 
-5.30000000e-01 -3.13968447e-04 
-5.40000000e-01 -3.19439221e-04 
-5.50000000e-01 -3.24892877e-04 
-5.60000000e-01 -3.30329396e-04 
-5.70000000e-01 -3.35748760e-04 
-5.80000000e-01 -3.41150952e-04 
-5.90000000e-01 -3.46535953e-04 
-6.00000000e-01 -3.51903745e-04 
-6.10000000e-01 -3.57254309e-04 
-6.20000000e-01 -3.62587627e-04 
-6.30000000e-01 -3.67903681e-04 
-6.40000000e-01 -3.73202453e-04 
-6.50000000e-01 -3.78483925e-04 
-6.60000000e-01 -3.83748077e-04 
-6.70000000e-01 -3.88994893e-04 
-6.80000000e-01 -3.94224354e-04 
-6.90000000e-01 -3.99436441e-04 
-7.00000000e-01 -4.04631137e-04 
-7.10000000e-01 -4.09808422e-04 
-7.20000000e-01 -4.14968280e-04 
-7.30000000e-01 -4.20110691e-04 
-7.40000000e-01 -4.25235637e-04 
-7.50000000e-01 -4.30343101e-04 
-7.60000000e-01 -4.35433063e-04 
-7.70000000e-01 -4.40505506e-04 
-7.80000000e-01 -4.45560412e-04 
-7.90000000e-01 -4.50597761e-04 
-8.00000000e-01 -4.55617537e-04 
-8.10000000e-01 -4.60619720e-04 
-8.20000000e-01 -4.65604293e-04 
-8.30000000e-01 -4.70571237e-04 
-8.40000000e-01 -4.75520533e-04 
-8.50000000e-01 -4.80452165e-04 
-8.60000000e-01 -4.85366113e-04 
-8.70000000e-01 -4.90262359e-04 
-8.80000000e-01 -4.95140885e-04 
-8.90000000e-01 -5.00001673e-04 
-9.00000000e-01 -5.04844705e-04 
-9.10000000e-01 -5.09669962e-04 
-9.20000000e-01 -5.14477426e-04 
-9.30000000e-01 -5.19267078e-04 
-9.40000000e-01 -5.24038901e-04 
-9.50000000e-01 -5.28792877e-04 
-9.60000000e-01 -5.33528987e-04 
-9.70000000e-01 -5.38247212e-04 
-9.80000000e-01 -5.42947535e-04 
-9.90000000e-01 -5.47629937e-04 
-1.00000000e+00 -5.52294401e-04 
-1.01000000e+00 -5.56940907e-04 
-1.02000000e+00 -5.61569438e-04 
-1.03000000e+00 -5.66179976e-04 
-1.04000000e+00 -5.70772502e-04 
-1.05000000e+00 -5.75346997e-04 
-1.06000000e+00 -5.79903444e-04 
-1.07000000e+00 -5.84441825e-04 
-1.08000000e+00 -5.88962121e-04 
-1.09000000e+00 -5.93464314e-04 
-1.10000000e+00 -5.97948385e-04 
-1.11000000e+00 -6.02414317e-04 
-1.12000000e+00 -6.06862091e-04 
-1.13000000e+00 -6.11291690e-04 
-1.14000000e+00 -6.15703094e-04 
-1.15000000e+00 -6.20096285e-04 
-1.16000000e+00 -6.24471246e-04 
-1.17000000e+00 -6.28827958e-04 
-1.18000000e+00 -6.33166402e-04 
-1.19000000e+00 -6.37486562e-04 
-1.20000000e+00 -6.41788417e-04 
-1.21000000e+00 -6.46071951e-04 
-1.22000000e+00 -6.50337144e-04 
-1.23000000e+00 -6.54583979e-04 
-1.24000000e+00 -6.58812438e-04 
-1.25000000e+00 -6.63022501e-04 
-1.26000000e+00 -6.67214152e-04 
-1.27000000e+00 -6.71387371e-04 
-1.28000000e+00 -6.75542140e-04 
-1.29000000e+00 -6.79678442e-04 
-1.30000000e+00 -6.83796257e-04 
-1.31000000e+00 -6.87895569e-04 
-1.32000000e+00 -6.91976357e-04 
-1.33000000e+00 -6.96038605e-04 
-1.34000000e+00 -7.00082294e-04 
-1.35000000e+00 -7.04107405e-04 
-1.36000000e+00 -7.08113921e-04 
-1.37000000e+00 -7.12101824e-04 
-1.38000000e+00 -7.16071094e-04 
-1.39000000e+00 -7.20021714e-04 
-1.40000000e+00 -7.23953665e-04 
-1.41000000e+00 -7.27866930e-04 
-1.42000000e+00 -7.31761490e-04 
-1.43000000e+00 -7.35637327e-04 
-1.44000000e+00 -7.39494422e-04 
-1.45000000e+00 -7.43332757e-04 
-1.46000000e+00 -7.47152315e-04 
-1.47000000e+00 -7.50953077e-04 
-1.48000000e+00 -7.54735024e-04 
-1.49000000e+00 -7.58498138e-04 
-1.50000000e+00 -7.62242402e-04 
-1.51000000e+00 -7.65967796e-04 
-1.52000000e+00 -7.69674303e-04 
-1.53000000e+00 -7.73361904e-04 
-1.54000000e+00 -7.77030582e-04 
-1.55000000e+00 -7.80680318e-04 
-1.56000000e+00 -7.84311093e-04 
-1.57000000e+00 -7.87922889e-04 
-1.58000000e+00 -7.91515689e-04 
-1.59000000e+00 -7.95089474e-04 
-1.60000000e+00 -7.98644226e-04 
-1.61000000e+00 -8.02179926e-04 
-1.62000000e+00 -8.05696556e-04 
-1.63000000e+00 -8.09194098e-04 
-1.64000000e+00 -8.12672534e-04 
-1.65000000e+00 -8.16131846e-04 
-1.66000000e+00 -8.19572014e-04 
-1.67000000e+00 -8.22993022e-04 
-1.68000000e+00 -8.26394851e-04 
-1.69000000e+00 -8.29777482e-04 
-1.70000000e+00 -8.33140898e-04 
-1.71000000e+00 -8.36485079e-04 
-1.72000000e+00 -8.39810009e-04 
-1.73000000e+00 -8.43115668e-04 
-1.74000000e+00 -8.46402038e-04 
-1.75000000e+00 -8.49669102e-04 
-1.76000000e+00 -8.52916840e-04 
-1.77000000e+00 -8.56145235e-04 
-1.78000000e+00 -8.59354269e-04 
-1.79000000e+00 -8.62543922e-04 
-1.80000000e+00 -8.65714178e-04 
-1.81000000e+00 -8.68865017e-04 
-1.82000000e+00 -8.71996422e-04 
-1.83000000e+00 -8.75108374e-04 
-1.84000000e+00 -8.78200854e-04 
-1.85000000e+00 -8.81273846e-04 
-1.86000000e+00 -8.84327330e-04 
-1.87000000e+00 -8.87361288e-04 
-1.88000000e+00 -8.90375702e-04 
-1.89000000e+00 -8.93370554e-04 
-1.90000000e+00 -8.96345826e-04 
-1.91000000e+00 -8.99301499e-04 
-1.92000000e+00 -9.02237555e-04 
-1.93000000e+00 -9.05153975e-04 
-1.94000000e+00 -9.08050742e-04 
-1.95000000e+00 -9.10927838e-04 
-1.96000000e+00 -9.13785244e-04 
-1.97000000e+00 -9.16622941e-04 
-1.98000000e+00 -9.19440912e-04 
-1.99000000e+00 -9.22239138e-04 
-2.00000000e+00 -9.25017602e-04 
-2.01000000e+00 -9.27776284e-04 
-2.02000000e+00 -9.30515167e-04 
-2.03000000e+00 -9.33234233e-04 
-2.04000000e+00 -9.35933463e-04 
-2.05000000e+00 -9.38612838e-04 
-2.06000000e+00 -9.41272341e-04 
-2.07000000e+00 -9.43911954e-04 
-2.08000000e+00 -9.46531658e-04 
-2.09000000e+00 -9.49131435e-04 
-2.10000000e+00 -9.51711266e-04 
-2.11000000e+00 -9.54271134e-04 
-2.12000000e+00 -9.56811020e-04 
-2.13000000e+00 -9.59330907e-04 
-2.14000000e+00 -9.61830775e-04 
-2.15000000e+00 -9.64310606e-04 
-2.16000000e+00 -9.66770383e-04 
-2.17000000e+00 -9.69210087e-04 
-2.18000000e+00 -9.71629699e-04 
-2.19000000e+00 -9.74029203e-04 
-2.20000000e+00 -9.76408578e-04 
-2.21000000e+00 -9.78767808e-04 
-2.22000000e+00 -9.81106873e-04 
-2.23000000e+00 -9.83425756e-04 
-2.24000000e+00 -9.85724439e-04 
-2.25000000e+00 -9.88002902e-04 
-2.26000000e+00 -9.90261129e-04 
-2.27000000e+00 -9.92499100e-04 
-2.28000000e+00 -9.94716797e-04 
-2.29000000e+00 -9.96914203e-04 
-2.30000000e+00 -9.99091298e-04 
-2.31000000e+00 -1.00124807e-03 
-2.32000000e+00 -1.00338449e-03 
-2.33000000e+00 -1.00550054e-03 
-2.34000000e+00 -1.00759621e-03 
-2.35000000e+00 -1.00967149e-03 
-2.36000000e+00 -1.01172634e-03 
-2.37000000e+00 -1.01376075e-03 
-2.38000000e+00 -1.01577471e-03 
-2.39000000e+00 -1.01776819e-03 
-2.40000000e+00 -1.01974119e-03 
-2.41000000e+00 -1.02169367e-03 
-2.42000000e+00 -1.02362562e-03 
-2.43000000e+00 -1.02553702e-03 
-2.44000000e+00 -1.02742786e-03 
-2.45000000e+00 -1.02929812e-03 
-2.46000000e+00 -1.03114777e-03 
-2.47000000e+00 -1.03297681e-03 
-2.48000000e+00 -1.03478520e-03 
-2.49000000e+00 -1.03657294e-03 
-2.50000000e+00 -1.03834000e-03 
-2.51000000e+00 -1.04008637e-03 
-2.52000000e+00 -1.04181203e-03 
-2.53000000e+00 -1.04351696e-03 
-2.54000000e+00 -1.04520114e-03 
-2.55000000e+00 -1.04686456e-03 
-2.56000000e+00 -1.04850719e-03 
-2.57000000e+00 -1.05012902e-03 
-2.58000000e+00 -1.05173003e-03 
-2.59000000e+00 -1.05331020e-03 
-2.60000000e+00 -1.05486951e-03 
-2.61000000e+00 -1.05640794e-03 
-2.62000000e+00 -1.05792548e-03 
-2.63000000e+00 -1.05942212e-03 
-2.64000000e+00 -1.06089782e-03 
-2.65000000e+00 -1.06235257e-03 
-2.66000000e+00 -1.06378635e-03 
-2.67000000e+00 -1.06519915e-03 
-2.68000000e+00 -1.06659095e-03 
-2.69000000e+00 -1.06796172e-03 
-2.70000000e+00 -1.06931146e-03 
-2.71000000e+00 -1.07064014e-03 
-2.72000000e+00 -1.07194774e-03 
-2.73000000e+00 -1.07323424e-03 
-2.74000000e+00 -1.07449964e-03 
-2.75000000e+00 -1.07574390e-03 
-2.76000000e+00 -1.07696702e-03 
-2.77000000e+00 -1.07816896e-03 
-2.78000000e+00 -1.07934973e-03 
-2.79000000e+00 -1.08050928e-03 
-2.80000000e+00 -1.08164762e-03 
-2.81000000e+00 -1.08276471e-03 
-2.82000000e+00 -1.08386055e-03 
-2.83000000e+00 -1.08493511e-03 
-2.84000000e+00 -1.08598838e-03 
-2.85000000e+00 -1.08702033e-03 
-2.86000000e+00 -1.08803095e-03 
-2.87000000e+00 -1.08902022e-03 
-2.88000000e+00 -1.08998812e-03 
-2.89000000e+00 -1.09093464e-03 
-2.90000000e+00 -1.09185975e-03 
-2.91000000e+00 -1.09276344e-03 
-2.92000000e+00 -1.09364568e-03 
-2.93000000e+00 -1.09450647e-03 
-2.94000000e+00 -1.09534578e-03 
-2.95000000e+00 -1.09616360e-03 
-2.96000000e+00 -1.09695990e-03 
-2.97000000e+00 -1.09773467e-03 
-2.98000000e+00 -1.09848789e-03 
-2.99000000e+00 -1.09921954e-03 
-3.00000000e+00 -1.09992960e-03 
-3.01000000e+00 -1.10061806e-03 
-3.02000000e+00 -1.10128490e-03 
-3.03000000e+00 -1.10193009e-03 
-3.04000000e+00 -1.10255362e-03 
-3.05000000e+00 -1.10315548e-03 
-3.06000000e+00 -1.10373564e-03 
-3.07000000e+00 -1.10429408e-03 
-3.08000000e+00 -1.10483079e-03 
-3.09000000e+00 -1.10534576e-03 
-3.10000000e+00 -1.10583895e-03 
-3.11000000e+00 -1.10631035e-03 
-3.12000000e+00 -1.10675995e-03 
-3.13000000e+00 -1.10718772e-03 
-3.14000000e+00 -1.10759366e-03 
-3.15000000e+00 -1.10797773e-03 
-3.16000000e+00 -1.10833992e-03 
-3.17000000e+00 -1.10868022e-03 
-3.18000000e+00 -1.10899860e-03 
-3.19000000e+00 -1.10930601e-03 
-3.20000000e+00 -1.10961343e-03 
-3.21000000e+00 -1.10992085e-03 
-3.22000000e+00 -1.11022826e-03 
-3.23000000e+00 -1.11053568e-03 
-3.24000000e+00 -1.11084310e-03 
-3.25000000e+00 -1.11115052e-03 
-3.26000000e+00 -1.11145793e-03 
-3.27000000e+00 -1.11176535e-03 
-3.28000000e+00 -1.11207277e-03 
-3.29000000e+00 -1.11238018e-03 
-3.30000000e+00 -1.11268760e-03 
-3.31000000e+00 -1.11299502e-03 
-3.32000000e+00 -1.11330243e-03 
-3.33000000e+00 -1.11360985e-03 
-3.34000000e+00 -1.11391727e-03 
-3.35000000e+00 -1.11422468e-03 
-3.36000000e+00 -1.11453210e-03 
-3.37000000e+00 -1.11483952e-03 
-3.38000000e+00 -1.11514694e-03 
-3.39000000e+00 -1.11545435e-03 
-3.40000000e+00 -1.11576177e-03 
-3.41000000e+00 -1.11606919e-03 
-3.42000000e+00 -1.11637660e-03 
-3.43000000e+00 -1.11668402e-03 
-3.44000000e+00 -1.11699144e-03 
-3.45000000e+00 -1.11729885e-03 
-3.46000000e+00 -1.11760627e-03 
-3.47000000e+00 -1.11791369e-03 
-3.48000000e+00 -1.11822111e-03 
-3.49000000e+00 -1.11852852e-03 
-3.50000000e+00 -1.11883594e-03 
-3.51000000e+00 -1.11914336e-03 
-3.52000000e+00 -1.11945077e-03 
-3.53000000e+00 -1.11975819e-03 
-3.54000000e+00 -1.12006561e-03 
-3.55000000e+00 -1.12037302e-03 
-3.56000000e+00 -1.12068044e-03 
-3.57000000e+00 -1.12098786e-03 
-3.58000000e+00 -1.12129528e-03 
-3.59000000e+00 -1.12160269e-03 
-3.60000000e+00 -1.12191011e-03 
-3.61000000e+00 -1.12221753e-03 
-3.62000000e+00 -1.12252494e-03 
-3.63000000e+00 -1.12283236e-03 
-3.64000000e+00 -1.12313978e-03 
-3.65000000e+00 -1.12344719e-03 
-3.66000000e+00 -1.12375461e-03 
-3.67000000e+00 -1.12406203e-03 
-3.68000000e+00 -1.12436944e-03 
-3.69000000e+00 -1.12467686e-03 
-3.70000000e+00 -1.12498428e-03 
-3.71000000e+00 -1.12529170e-03 
-3.72000000e+00 -1.12559911e-03 
-3.73000000e+00 -1.12590653e-03 
-3.74000000e+00 -1.12621395e-03 
-3.75000000e+00 -1.12652136e-03 
-3.76000000e+00 -1.12682878e-03 
-3.77000000e+00 -1.12713620e-03 
-3.78000000e+00 -1.12744361e-03 
-3.79000000e+00 -1.12775103e-03 
-3.80000000e+00 -1.12805845e-03 
-3.81000000e+00 -1.12836587e-03 
-3.82000000e+00 -1.12867328e-03 
-3.83000000e+00 -1.12898070e-03 
-3.84000000e+00 -1.12928812e-03 
-3.85000000e+00 -1.12959553e-03 
-3.86000000e+00 -1.12990295e-03 
-3.87000000e+00 -1.13021037e-03 
-3.88000000e+00 -1.13051778e-03 
-3.89000000e+00 -1.13082520e-03 
-3.90000000e+00 -1.13113262e-03 
-3.91000000e+00 -1.13144004e-03 
-3.92000000e+00 -1.13174745e-03 
-3.93000000e+00 -1.13205487e-03 
-3.94000000e+00 -1.13236229e-03 
-3.95000000e+00 -1.13266970e-03 
-3.96000000e+00 -1.13297712e-03 
-3.97000000e+00 -1.13328454e-03 
-3.98000000e+00 -1.13359195e-03 
-3.99000000e+00 -1.13389937e-03 
-4.00000000e+00 -1.13420679e-03 
-4.01000000e+00 -1.13451420e-03 
-4.02000000e+00 -1.13482162e-03 
-4.03000000e+00 -1.13512904e-03 
-4.04000000e+00 -1.13543646e-03 
-4.05000000e+00 -1.13574387e-03 
-4.06000000e+00 -1.13605129e-03 
-4.07000000e+00 -1.13635871e-03 
-4.08000000e+00 -1.13666612e-03 
-4.09000000e+00 -1.13697354e-03 
-4.10000000e+00 -1.13728096e-03 
-4.11000000e+00 -1.13758837e-03 
-4.12000000e+00 -1.13789579e-03 
-4.13000000e+00 -1.13820321e-03 
-4.14000000e+00 -1.13851063e-03 
-4.15000000e+00 -1.13881804e-03 
-4.16000000e+00 -1.13912546e-03 
-4.17000000e+00 -1.13943288e-03 
-4.18000000e+00 -1.13974029e-03 
-4.19000000e+00 -1.14004771e-03 
-4.20000000e+00 -1.14035513e-03 
-4.21000000e+00 -1.14066254e-03 
-4.22000000e+00 -1.14096996e-03 
-4.23000000e+00 -1.14127738e-03 
-4.24000000e+00 -1.14158480e-03 
-4.25000000e+00 -1.14189221e-03 
-4.26000000e+00 -1.14219963e-03 
-4.27000000e+00 -1.14250705e-03 
-4.28000000e+00 -1.14281446e-03 
-4.29000000e+00 -1.14312188e-03 
-4.30000000e+00 -1.14342930e-03 
-4.31000000e+00 -1.14373671e-03 
-4.32000000e+00 -1.14404413e-03 
-4.33000000e+00 -1.14435155e-03 
-4.34000000e+00 -1.14465896e-03 
-4.35000000e+00 -1.14496638e-03 
-4.36000000e+00 -1.14527380e-03 
-4.37000000e+00 -1.14558122e-03 
-4.38000000e+00 -1.14588863e-03 
-4.39000000e+00 -1.14619605e-03 
-4.40000000e+00 -1.14650347e-03 
-4.41000000e+00 -1.14681088e-03 
-4.42000000e+00 -1.14711830e-03 
-4.43000000e+00 -1.14742572e-03 
-4.44000000e+00 -1.14773313e-03 
-4.45000000e+00 -1.14804055e-03 
-4.46000000e+00 -1.14834797e-03 
-4.47000000e+00 -1.14865539e-03 
-4.48000000e+00 -1.14896280e-03 
-4.49000000e+00 -1.14927022e-03 
-4.50000000e+00 -1.14957764e-03 
-4.51000000e+00 -1.14988505e-03 
-4.52000000e+00 -1.15019247e-03 
-4.53000000e+00 -1.15049989e-03 
-4.54000000e+00 -1.15080730e-03 
-4.55000000e+00 -1.15111472e-03 
-4.56000000e+00 -1.15142214e-03 
-4.57000000e+00 -1.15172956e-03 
-4.58000000e+00 -1.15203697e-03 
-4.59000000e+00 -1.15234439e-03 
-4.60000000e+00 -1.15265181e-03 
-4.61000000e+00 -1.15295922e-03 
-4.62000000e+00 -1.15326664e-03 
-4.63000000e+00 -1.15357406e-03 
-4.64000000e+00 -1.15388147e-03 
-4.65000000e+00 -1.15418889e-03 
-4.66000000e+00 -1.15449631e-03 
-4.67000000e+00 -1.15480372e-03 
-4.68000000e+00 -1.15511114e-03 
-4.69000000e+00 -1.15541856e-03 
-4.70000000e+00 -1.15572598e-03 
-4.71000000e+00 -1.15603339e-03 
-4.72000000e+00 -1.15634081e-03 
-4.73000000e+00 -1.15664823e-03 
-4.74000000e+00 -1.15695564e-03 
-4.75000000e+00 -1.15726306e-03 
-4.76000000e+00 -1.15757048e-03 
-4.77000000e+00 -1.15787789e-03 
-4.78000000e+00 -1.15818531e-03 
-4.79000000e+00 -1.15849273e-03 
-4.80000000e+00 -1.15880015e-03 
-4.81000000e+00 -1.15910756e-03 
-4.82000000e+00 -1.15941498e-03 
-4.83000000e+00 -1.15972240e-03 
-4.84000000e+00 -1.16002981e-03 
-4.85000000e+00 -1.16033723e-03 
-4.86000000e+00 -1.16064465e-03 
-4.87000000e+00 -1.16095206e-03 
-4.88000000e+00 -1.16125948e-03 
-4.89000000e+00 -1.16156690e-03 
-4.90000000e+00 -1.16187432e-03 
-4.91000000e+00 -1.16218173e-03 
-4.92000000e+00 -1.16248915e-03 
-4.93000000e+00 -1.16279657e-03 
-4.94000000e+00 -1.16310398e-03 
-4.95000000e+00 -1.16341140e-03 
-4.96000000e+00 -1.16371882e-03 
-4.97000000e+00 -1.16402623e-03 
-4.98000000e+00 -1.16433365e-03 
-4.99000000e+00 -1.16464107e-03 
-5.00000000e+00 -1.16494849e-03 
