 0.00000000e+00  5.01000000e-12 
-1.00000000e-02  5.01000000e-12 
-2.00000000e-02  5.01000000e-12 
-3.00000000e-02  5.01000000e-12 
-4.00000000e-02  5.01000000e-12 
-5.00000000e-02  5.01000000e-12 
-6.00000000e-02  5.01000000e-12 
-7.00000000e-02  5.01000000e-12 
-8.00000000e-02  5.01000000e-12 
-9.00000000e-02  5.01000000e-12 
-1.00000000e-01  5.01000000e-12 
-1.10000000e-01  5.01000000e-12 
-1.20000000e-01  5.01000000e-12 
-1.30000000e-01  5.01000000e-12 
-1.40000000e-01  5.01000000e-12 
-1.50000000e-01  5.01000000e-12 
-1.60000000e-01  5.01000000e-12 
-1.70000000e-01  5.01000000e-12 
-1.80000000e-01  5.01000000e-12 
-1.90000000e-01  5.01000000e-12 
-2.00000000e-01  5.01000000e-12 
-2.10000000e-01  5.01000000e-12 
-2.20000000e-01  5.01000000e-12 
-2.30000000e-01  5.01000000e-12 
-2.40000000e-01  5.01000000e-12 
-2.50000000e-01  5.01000000e-12 
-2.60000000e-01  5.01000000e-12 
-2.70000000e-01  5.01000000e-12 
-2.80000000e-01  5.01000000e-12 
-2.90000000e-01  5.01000000e-12 
-3.00000000e-01  5.01000000e-12 
-3.10000000e-01  5.01000000e-12 
-3.20000000e-01  5.01000000e-12 
-3.30000000e-01  5.01000000e-12 
-3.40000000e-01  5.01000000e-12 
-3.50000000e-01  5.01000000e-12 
-3.60000000e-01  5.01000000e-12 
-3.70000000e-01  5.01000000e-12 
-3.80000000e-01  5.01000000e-12 
-3.90000000e-01  5.01000000e-12 
-4.00000000e-01  5.01000000e-12 
-4.10000000e-01  5.01000000e-12 
-4.20000000e-01  5.01000000e-12 
-4.30000000e-01  5.01000000e-12 
-4.40000000e-01  5.01000000e-12 
-4.50000000e-01  5.01000000e-12 
-4.60000000e-01  5.01000000e-12 
-4.70000000e-01  5.01000000e-12 
-4.80000000e-01  5.01000000e-12 
-4.90000000e-01  5.01000000e-12 
-5.00000000e-01  5.01000000e-12 
-5.10000000e-01  5.01000000e-12 
-5.20000000e-01  5.01000000e-12 
-5.30000000e-01  5.01000000e-12 
-5.40000000e-01  5.01000000e-12 
-5.50000000e-01  5.01000000e-12 
-5.60000000e-01  5.01000000e-12 
-5.70000000e-01  5.01000000e-12 
-5.80000000e-01  5.01000000e-12 
-5.90000000e-01  5.01000000e-12 
-6.00000000e-01  5.01000000e-12 
-6.10000000e-01  5.01000000e-12 
-6.20000000e-01  5.01000000e-12 
-6.30000000e-01  5.01000000e-12 
-6.40000000e-01  5.01000000e-12 
-6.50000000e-01  5.01000000e-12 
-6.60000000e-01  5.01000000e-12 
-6.70000000e-01  5.01000000e-12 
-6.80000000e-01  5.01000000e-12 
-6.90000000e-01  5.01000000e-12 
-7.00000000e-01  5.01000000e-12 
-7.10000000e-01  5.01000000e-12 
-7.20000000e-01  5.01000000e-12 
-7.30000000e-01  5.01000000e-12 
-7.40000000e-01  5.01000000e-12 
-7.50000000e-01  5.01000000e-12 
-7.60000000e-01  5.01000000e-12 
-7.70000000e-01  5.01000000e-12 
-7.80000000e-01  5.01000000e-12 
-7.90000000e-01  5.01000000e-12 
-8.00000000e-01  5.01000000e-12 
-8.10000000e-01  5.01000000e-12 
-8.20000000e-01  5.01000000e-12 
-8.30000000e-01  1.15250100e-08 
-8.40000000e-01  4.60850100e-08 
-8.50000000e-01  1.03685010e-07 
-8.60000000e-01  1.84325010e-07 
-8.70000000e-01  2.88005010e-07 
-8.80000000e-01  4.14725010e-07 
-8.90000000e-01  5.64485010e-07 
-9.00000000e-01  7.37285010e-07 
-9.10000000e-01  9.33125010e-07 
-9.20000000e-01  1.15200501e-06 
-9.30000000e-01  1.39392501e-06 
-9.40000000e-01  1.65888501e-06 
-9.50000000e-01  1.94688501e-06 
-9.60000000e-01  2.25792501e-06 
-9.70000000e-01  2.59200501e-06 
-9.80000000e-01  2.94912501e-06 
-9.90000000e-01  3.32928501e-06 
-1.00000000e+00  3.73248501e-06 
-1.01000000e+00  4.15872501e-06 
-1.02000000e+00  4.60800501e-06 
-1.03000000e+00  5.08032501e-06 
-1.04000000e+00  5.57568501e-06 
-1.05000000e+00  6.09408501e-06 
-1.06000000e+00  6.63552501e-06 
-1.07000000e+00  7.20000501e-06 
-1.08000000e+00  7.78752501e-06 
-1.09000000e+00  8.39808501e-06 
-1.10000000e+00  9.03168501e-06 
-1.11000000e+00  9.68832501e-06 
-1.12000000e+00  1.03680050e-05 
-1.13000000e+00  1.10707250e-05 
-1.14000000e+00  1.17964850e-05 
-1.15000000e+00  1.25452850e-05 
-1.16000000e+00  1.33171250e-05 
-1.17000000e+00  1.41120050e-05 
-1.18000000e+00  1.49299250e-05 
-1.19000000e+00  1.57708850e-05 
-1.20000000e+00  1.66348850e-05 
-1.21000000e+00  1.75219250e-05 
-1.22000000e+00  1.84320050e-05 
-1.23000000e+00  1.93651250e-05 
-1.24000000e+00  2.03212850e-05 
-1.25000000e+00  2.13004850e-05 
-1.26000000e+00  2.23027250e-05 
-1.27000000e+00  2.33280050e-05 
-1.28000000e+00  2.43763250e-05 
-1.29000000e+00  2.54476850e-05 
-1.30000000e+00  2.65420850e-05 
-1.31000000e+00  2.76595250e-05 
-1.32000000e+00  2.88000050e-05 
-1.33000000e+00  2.99635250e-05 
-1.34000000e+00  3.11500850e-05 
-1.35000000e+00  3.23596850e-05 
-1.36000000e+00  3.35923250e-05 
-1.37000000e+00  3.48480050e-05 
-1.38000000e+00  3.61267250e-05 
-1.39000000e+00  3.74284850e-05 
-1.40000000e+00  3.87532850e-05 
-1.41000000e+00  4.01011250e-05 
-1.42000000e+00  4.14720050e-05 
-1.43000000e+00  4.28659250e-05 
-1.44000000e+00  4.42828850e-05 
-1.45000000e+00  4.57228850e-05 
-1.46000000e+00  4.71859250e-05 
-1.47000000e+00  4.86720050e-05 
-1.48000000e+00  5.01811250e-05 
-1.49000000e+00  5.17132850e-05 
-1.50000000e+00  5.32684850e-05 
-1.51000000e+00  5.48467250e-05 
-1.52000000e+00  5.64480050e-05 
-1.53000000e+00  5.80723250e-05 
-1.54000000e+00  5.97196850e-05 
-1.55000000e+00  6.13900850e-05 
-1.56000000e+00  6.30835250e-05 
-1.57000000e+00  6.48000050e-05 
-1.58000000e+00  6.65395250e-05 
-1.59000000e+00  6.83020850e-05 
-1.60000000e+00  7.00876850e-05 
-1.61000000e+00  7.18963250e-05 
-1.62000000e+00  7.37280050e-05 
-1.63000000e+00  7.55827250e-05 
-1.64000000e+00  7.74604850e-05 
-1.65000000e+00  7.93612850e-05 
-1.66000000e+00  8.12851250e-05 
-1.67000000e+00  8.32320050e-05 
-1.68000000e+00  8.52019250e-05 
-1.69000000e+00  8.71948850e-05 
-1.70000000e+00  8.92108850e-05 
-1.71000000e+00  9.12499250e-05 
-1.72000000e+00  9.33120050e-05 
-1.73000000e+00  9.53971250e-05 
-1.74000000e+00  9.75052850e-05 
-1.75000000e+00  9.96364850e-05 
-1.76000000e+00  1.01790725e-04 
-1.77000000e+00  1.03968005e-04 
-1.78000000e+00  1.06168325e-04 
-1.79000000e+00  1.08391685e-04 
-1.80000000e+00  1.10638085e-04 
-1.81000000e+00  1.12907525e-04 
-1.82000000e+00  1.15200005e-04 
-1.83000000e+00  1.17515525e-04 
-1.84000000e+00  1.19854085e-04 
-1.85000000e+00  1.22215685e-04 
-1.86000000e+00  1.24600325e-04 
-1.87000000e+00  1.27008005e-04 
-1.88000000e+00  1.29438725e-04 
-1.89000000e+00  1.31892485e-04 
-1.90000000e+00  1.34369285e-04 
-1.91000000e+00  1.36869125e-04 
-1.92000000e+00  1.39392005e-04 
-1.93000000e+00  1.41937925e-04 
-1.94000000e+00  1.44506885e-04 
-1.95000000e+00  1.47098885e-04 
-1.96000000e+00  1.49713925e-04 
-1.97000000e+00  1.52352005e-04 
-1.98000000e+00  1.55013125e-04 
-1.99000000e+00  1.57697285e-04 
-2.00000000e+00  1.60404485e-04 
-2.01000000e+00  1.63134725e-04 
-2.02000000e+00  1.65888005e-04 
-2.03000000e+00  1.68664325e-04 
-2.04000000e+00  1.71463685e-04 
-2.05000000e+00  1.74286085e-04 
-2.06000000e+00  1.77131525e-04 
-2.07000000e+00  1.80000005e-04 
-2.08000000e+00  1.82891525e-04 
-2.09000000e+00  1.85806085e-04 
-2.10000000e+00  1.88743685e-04 
-2.11000000e+00  1.91704325e-04 
-2.12000000e+00  1.94688005e-04 
-2.13000000e+00  1.97694725e-04 
-2.14000000e+00  2.00724485e-04 
-2.15000000e+00  2.03777285e-04 
-2.16000000e+00  2.06853125e-04 
-2.17000000e+00  2.09952005e-04 
-2.18000000e+00  2.13073925e-04 
-2.19000000e+00  2.16218885e-04 
-2.20000000e+00  2.19386885e-04 
-2.21000000e+00  2.22577925e-04 
-2.22000000e+00  2.25792005e-04 
-2.23000000e+00  2.29029125e-04 
-2.24000000e+00  2.32289285e-04 
-2.25000000e+00  2.35572485e-04 
-2.26000000e+00  2.38878725e-04 
-2.27000000e+00  2.42208005e-04 
-2.28000000e+00  2.45560325e-04 
-2.29000000e+00  2.48935685e-04 
-2.30000000e+00  2.52334085e-04 
-2.31000000e+00  2.55755525e-04 
-2.32000000e+00  2.59200005e-04 
-2.33000000e+00  2.62667525e-04 
-2.34000000e+00  2.66158085e-04 
-2.35000000e+00  2.69671685e-04 
-2.36000000e+00  2.73208325e-04 
-2.37000000e+00  2.76768005e-04 
-2.38000000e+00  2.80350725e-04 
-2.39000000e+00  2.83956485e-04 
-2.40000000e+00  2.87585285e-04 
-2.41000000e+00  2.91237125e-04 
-2.42000000e+00  2.94912005e-04 
-2.43000000e+00  2.98609925e-04 
-2.44000000e+00  3.02330885e-04 
-2.45000000e+00  3.06074885e-04 
-2.46000000e+00  3.09841925e-04 
-2.47000000e+00  3.13632005e-04 
-2.48000000e+00  3.17445125e-04 
-2.49000000e+00  3.21281285e-04 
-2.50000000e+00  3.25140485e-04 
-2.51000000e+00  3.29022725e-04 
-2.52000000e+00  3.32928005e-04 
-2.53000000e+00  3.36856325e-04 
-2.54000000e+00  3.40807685e-04 
-2.55000000e+00  3.44782085e-04 
-2.56000000e+00  3.48779525e-04 
-2.57000000e+00  3.52800005e-04 
-2.58000000e+00  3.56843525e-04 
-2.59000000e+00  3.60910085e-04 
-2.60000000e+00  3.64999685e-04 
-2.61000000e+00  3.69112325e-04 
-2.62000000e+00  3.73248005e-04 
-2.63000000e+00  3.77406725e-04 
-2.64000000e+00  3.81588485e-04 
-2.65000000e+00  3.85793285e-04 
-2.66000000e+00  3.90021125e-04 
-2.67000000e+00  3.94272005e-04 
-2.68000000e+00  3.98545925e-04 
-2.69000000e+00  4.02842885e-04 
-2.70000000e+00  4.07162885e-04 
-2.71000000e+00  4.11505925e-04 
-2.72000000e+00  4.15872005e-04 
-2.73000000e+00  4.20261125e-04 
-2.74000000e+00  4.24673285e-04 
-2.75000000e+00  4.29108485e-04 
-2.76000000e+00  4.33566725e-04 
-2.77000000e+00  4.38048005e-04 
-2.78000000e+00  4.42552325e-04 
-2.79000000e+00  4.47079685e-04 
-2.80000000e+00  4.51630085e-04 
-2.81000000e+00  4.56203525e-04 
-2.82000000e+00  4.60800005e-04 
-2.83000000e+00  4.65419525e-04 
-2.84000000e+00  4.70062085e-04 
-2.85000000e+00  4.74727685e-04 
-2.86000000e+00  4.79416325e-04 
-2.87000000e+00  4.84128005e-04 
-2.88000000e+00  4.88862725e-04 
-2.89000000e+00  4.93620485e-04 
-2.90000000e+00  4.98401285e-04 
-2.91000000e+00  5.03205125e-04 
-2.92000000e+00  5.08032005e-04 
-2.93000000e+00  5.12881925e-04 
-2.94000000e+00  5.17754885e-04 
-2.95000000e+00  5.22650885e-04 
-2.96000000e+00  5.27569925e-04 
-2.97000000e+00  5.32512005e-04 
-2.98000000e+00  5.37477125e-04 
-2.99000000e+00  5.42465285e-04 
-3.00000000e+00  5.47476485e-04 
-3.01000000e+00  5.52510725e-04 
-3.02000000e+00  5.57568005e-04 
-3.03000000e+00  5.62648325e-04 
-3.04000000e+00  5.67751685e-04 
-3.05000000e+00  5.72878085e-04 
-3.06000000e+00  5.78027525e-04 
-3.07000000e+00  5.83200005e-04 
-3.08000000e+00  5.88395525e-04 
-3.09000000e+00  5.93614085e-04 
-3.10000000e+00  5.98855685e-04 
-3.11000000e+00  6.04120325e-04 
-3.12000000e+00  6.09408005e-04 
-3.13000000e+00  6.14718725e-04 
-3.14000000e+00  6.20052485e-04 
-3.15000000e+00  6.25409285e-04 
-3.16000000e+00  6.30789125e-04 
-3.17000000e+00  6.36192005e-04 
-3.18000000e+00  6.41617925e-04 
-3.19000000e+00  6.47066885e-04 
-3.20000000e+00  6.52538885e-04 
-3.21000000e+00  6.58033925e-04 
-3.22000000e+00  6.63552005e-04 
-3.23000000e+00  6.69093125e-04 
-3.24000000e+00  6.74657285e-04 
-3.25000000e+00  6.80244485e-04 
-3.26000000e+00  6.85854725e-04 
-3.27000000e+00  6.91488005e-04 
-3.28000000e+00  6.97144325e-04 
-3.29000000e+00  7.02823685e-04 
-3.30000000e+00  7.08526085e-04 
-3.31000000e+00  7.14251525e-04 
-3.32000000e+00  7.20000005e-04 
-3.33000000e+00  7.25771525e-04 
-3.34000000e+00  7.31566085e-04 
-3.35000000e+00  7.37383685e-04 
-3.36000000e+00  7.43224325e-04 
-3.37000000e+00  7.49088005e-04 
-3.38000000e+00  7.54974725e-04 
-3.39000000e+00  7.60884485e-04 
-3.40000000e+00  7.66817285e-04 
-3.41000000e+00  7.72773125e-04 
-3.42000000e+00  7.78752005e-04 
-3.43000000e+00  7.84753925e-04 
-3.44000000e+00  7.90778885e-04 
-3.45000000e+00  7.96826885e-04 
-3.46000000e+00  8.02897925e-04 
-3.47000000e+00  8.08992005e-04 
-3.48000000e+00  8.15109125e-04 
-3.49000000e+00  8.21249285e-04 
-3.50000000e+00  8.27412485e-04 
-3.51000000e+00  8.33598725e-04 
-3.52000000e+00  8.39808005e-04 
-3.53000000e+00  8.46040325e-04 
-3.54000000e+00  8.52295685e-04 
-3.55000000e+00  8.58574085e-04 
-3.56000000e+00  8.64875525e-04 
-3.57000000e+00  8.71200005e-04 
-3.58000000e+00  8.77547525e-04 
-3.59000000e+00  8.83918085e-04 
-3.60000000e+00  8.90311685e-04 
-3.61000000e+00  8.96728325e-04 
-3.62000000e+00  9.03168005e-04 
-3.63000000e+00  9.09630725e-04 
-3.64000000e+00  9.16116485e-04 
-3.65000000e+00  9.22625285e-04 
-3.66000000e+00  9.29157125e-04 
-3.67000000e+00  9.35712005e-04 
-3.68000000e+00  9.42289925e-04 
-3.69000000e+00  9.48890885e-04 
-3.70000000e+00  9.55514885e-04 
-3.71000000e+00  9.62161925e-04 
-3.72000000e+00  9.68832005e-04 
-3.73000000e+00  9.75525125e-04 
-3.74000000e+00  9.82241285e-04 
-3.75000000e+00  9.88980485e-04 
-3.76000000e+00  9.95742725e-04 
-3.77000000e+00  1.00252801e-03 
-3.78000000e+00  1.00933633e-03 
-3.79000000e+00  1.01616769e-03 
-3.80000000e+00  1.02302209e-03 
-3.81000000e+00  1.02989953e-03 
-3.82000000e+00  1.03680001e-03 
-3.83000000e+00  1.04372353e-03 
-3.84000000e+00  1.05067009e-03 
-3.85000000e+00  1.05763969e-03 
-3.86000000e+00  1.06463233e-03 
-3.87000000e+00  1.07164801e-03 
-3.88000000e+00  1.07868673e-03 
-3.89000000e+00  1.08574849e-03 
-3.90000000e+00  1.09283329e-03 
-3.91000000e+00  1.09994113e-03 
-3.92000000e+00  1.10707201e-03 
-3.93000000e+00  1.11422593e-03 
-3.94000000e+00  1.12140289e-03 
-3.95000000e+00  1.12860289e-03 
-3.96000000e+00  1.13582593e-03 
-3.97000000e+00  1.14307201e-03 
-3.98000000e+00  1.15034113e-03 
-3.99000000e+00  1.15763329e-03 
-4.00000000e+00  1.16494849e-03 
-4.01000000e+00  1.17228673e-03 
-4.02000000e+00  1.17964801e-03 
-4.03000000e+00  1.18703233e-03 
-4.04000000e+00  1.19443969e-03 
-4.05000000e+00  1.20187009e-03 
-4.06000000e+00  1.20932353e-03 
-4.07000000e+00  1.21680001e-03 
-4.08000000e+00  1.22429953e-03 
-4.09000000e+00  1.23182209e-03 
-4.10000000e+00  1.23936769e-03 
-4.11000000e+00  1.24693633e-03 
-4.12000000e+00  1.25452801e-03 
-4.13000000e+00  1.26214273e-03 
-4.14000000e+00  1.26978049e-03 
-4.15000000e+00  1.27744129e-03 
-4.16000000e+00  1.28512513e-03 
-4.17000000e+00  1.29283201e-03 
-4.18000000e+00  1.30056193e-03 
-4.19000000e+00  1.30831489e-03 
-4.20000000e+00  1.31609089e-03 
-4.21000000e+00  1.32388993e-03 
-4.22000000e+00  1.33171201e-03 
-4.23000000e+00  1.33955713e-03 
-4.24000000e+00  1.34742529e-03 
-4.25000000e+00  1.35531649e-03 
-4.26000000e+00  1.36323073e-03 
-4.27000000e+00  1.37116801e-03 
-4.28000000e+00  1.37912833e-03 
-4.29000000e+00  1.38711169e-03 
-4.30000000e+00  1.39511809e-03 
-4.31000000e+00  1.40314753e-03 
-4.32000000e+00  1.41120001e-03 
-4.33000000e+00  1.41927553e-03 
-4.34000000e+00  1.42737409e-03 
-4.35000000e+00  1.43549569e-03 
-4.36000000e+00  1.44364033e-03 
-4.37000000e+00  1.45180801e-03 
-4.38000000e+00  1.45999873e-03 
-4.39000000e+00  1.46821249e-03 
-4.40000000e+00  1.47644929e-03 
-4.41000000e+00  1.48470913e-03 
-4.42000000e+00  1.49299201e-03 
-4.43000000e+00  1.50129793e-03 
-4.44000000e+00  1.50962689e-03 
-4.45000000e+00  1.51797889e-03 
-4.46000000e+00  1.52635393e-03 
-4.47000000e+00  1.53475201e-03 
-4.48000000e+00  1.54317313e-03 
-4.49000000e+00  1.55161729e-03 
-4.50000000e+00  1.56008449e-03 
-4.51000000e+00  1.56857473e-03 
-4.52000000e+00  1.57708801e-03 
-4.53000000e+00  1.58562433e-03 
-4.54000000e+00  1.59418369e-03 
-4.55000000e+00  1.60276609e-03 
-4.56000000e+00  1.61137153e-03 
-4.57000000e+00  1.62000001e-03 
-4.58000000e+00  1.62865153e-03 
-4.59000000e+00  1.63732609e-03 
-4.60000000e+00  1.64602369e-03 
-4.61000000e+00  1.65474433e-03 
-4.62000000e+00  1.66348801e-03 
-4.63000000e+00  1.67225473e-03 
-4.64000000e+00  1.68104449e-03 
-4.65000000e+00  1.68985729e-03 
-4.66000000e+00  1.69869313e-03 
-4.67000000e+00  1.70755201e-03 
-4.68000000e+00  1.71643393e-03 
-4.69000000e+00  1.72533889e-03 
-4.70000000e+00  1.73426689e-03 
-4.71000000e+00  1.74321793e-03 
-4.72000000e+00  1.75219201e-03 
-4.73000000e+00  1.76118913e-03 
-4.74000000e+00  1.77020929e-03 
-4.75000000e+00  1.77925249e-03 
-4.76000000e+00  1.78831873e-03 
-4.77000000e+00  1.79740801e-03 
-4.78000000e+00  1.80652033e-03 
-4.79000000e+00  1.81565569e-03 
-4.80000000e+00  1.82481409e-03 
-4.81000000e+00  1.83399553e-03 
-4.82000000e+00  1.84320001e-03 
-4.83000000e+00  1.85242753e-03 
-4.84000000e+00  1.86167809e-03 
-4.85000000e+00  1.87095169e-03 
-4.86000000e+00  1.88024833e-03 
-4.87000000e+00  1.88956801e-03 
-4.88000000e+00  1.89891073e-03 
-4.89000000e+00  1.90827649e-03 
-4.90000000e+00  1.91766529e-03 
-4.91000000e+00  1.92707713e-03 
-4.92000000e+00  1.93651201e-03 
-4.93000000e+00  1.94596993e-03 
-4.94000000e+00  1.95545089e-03 
-4.95000000e+00  1.96495489e-03 
-4.96000000e+00  1.97448193e-03 
-4.97000000e+00  1.98403201e-03 
-4.98000000e+00  1.99360513e-03 
-4.99000000e+00  2.00320129e-03 
-5.00000000e+00  2.01282049e-03 
