 0.00000000e+00  2.10000000e-13 
-1.00000000e-02  2.10000000e-13 
-2.00000000e-02  2.10000000e-13 
-3.00000000e-02  2.10000000e-13 
-4.00000000e-02  2.10000000e-13 
-5.00000000e-02  2.10000000e-13 
-6.00000000e-02  2.10000000e-13 
-7.00000000e-02  2.10000000e-13 
-8.00000000e-02  2.10000000e-13 
-9.00000000e-02  2.10000000e-13 
-1.00000000e-01  2.10000000e-13 
-1.10000000e-01  2.10000000e-13 
-1.20000000e-01  2.10000000e-13 
-1.30000000e-01  2.10000000e-13 
-1.40000000e-01  2.10000000e-13 
-1.50000000e-01  2.10000000e-13 
-1.60000000e-01  2.10000000e-13 
-1.70000000e-01  2.10000000e-13 
-1.80000000e-01  2.10000000e-13 
-1.90000000e-01  2.10000000e-13 
-2.00000000e-01  2.10000000e-13 
-2.10000000e-01  2.10000000e-13 
-2.20000000e-01  2.10000000e-13 
-2.30000000e-01  2.10000000e-13 
-2.40000000e-01  2.10000000e-13 
-2.50000000e-01  2.10000000e-13 
-2.60000000e-01  2.10000000e-13 
-2.70000000e-01  2.10000000e-13 
-2.80000000e-01  2.10000000e-13 
-2.90000000e-01  2.10000000e-13 
-3.00000000e-01  2.10000000e-13 
-3.10000000e-01  2.10000000e-13 
-3.20000000e-01  2.10000000e-13 
-3.30000000e-01  2.10000000e-13 
-3.40000000e-01  2.10000000e-13 
-3.50000000e-01  2.10000000e-13 
-3.60000000e-01  2.10000000e-13 
-3.70000000e-01  2.10000000e-13 
-3.80000000e-01  2.10000000e-13 
-3.90000000e-01  2.10000000e-13 
-4.00000000e-01  2.10000000e-13 
-4.10000000e-01  2.10000000e-13 
-4.20000000e-01  2.10000000e-13 
-4.30000000e-01  2.10000000e-13 
-4.40000000e-01  2.10000000e-13 
-4.50000000e-01  2.10000000e-13 
-4.60000000e-01  2.10000000e-13 
-4.70000000e-01  2.10000000e-13 
-4.80000000e-01  2.10000000e-13 
-4.90000000e-01  2.10000000e-13 
-5.00000000e-01  2.10000000e-13 
-5.10000000e-01  2.10000000e-13 
-5.20000000e-01  2.10000000e-13 
-5.30000000e-01  2.10000000e-13 
-5.40000000e-01  2.10000000e-13 
-5.50000000e-01  2.10000000e-13 
-5.60000000e-01  2.10000000e-13 
-5.70000000e-01  2.10000000e-13 
-5.80000000e-01  2.10000000e-13 
-5.90000000e-01  2.10000000e-13 
-6.00000000e-01  2.10000000e-13 
-6.10000000e-01  2.10000000e-13 
-6.20000000e-01  2.10000000e-13 
-6.30000000e-01  2.10000000e-13 
-6.40000000e-01  2.10000000e-13 
-6.50000000e-01  2.10000000e-13 
-6.60000000e-01  2.10000000e-13 
-6.70000000e-01  2.10000000e-13 
-6.80000000e-01  2.10000000e-13 
-6.90000000e-01  2.10000000e-13 
-7.00000000e-01  2.10000000e-13 
-7.10000000e-01  2.10000000e-13 
-7.20000000e-01  2.10000000e-13 
-7.30000000e-01  2.10000000e-13 
-7.40000000e-01  2.10000000e-13 
-7.50000000e-01  2.10000000e-13 
-7.60000000e-01  2.10000000e-13 
-7.70000000e-01  2.10000000e-13 
-7.80000000e-01  2.10000000e-13 
-7.90000000e-01  2.10000000e-13 
-8.00000000e-01  2.10000000e-13 
-8.10000000e-01  2.10000000e-13 
-8.20000000e-01  2.10000000e-13 
-8.30000000e-01  1.00610100e-08 
-8.40000000e-01  4.02434100e-08 
-8.50000000e-01  9.05474100e-08 
-8.60000000e-01  1.60973010e-07 
-8.70000000e-01  2.51520210e-07 
-8.80000000e-01  3.62189010e-07 
-8.90000000e-01  4.92979410e-07 
-9.00000000e-01  6.43891410e-07 
-9.10000000e-01  8.14925010e-07 
-9.20000000e-01  1.00608021e-06 
-9.30000000e-01  1.21735701e-06 
-9.40000000e-01  1.44875541e-06 
-9.50000000e-01  1.70027541e-06 
-9.60000000e-01  1.97191701e-06 
-9.70000000e-01  2.26368021e-06 
-9.80000000e-01  2.57556501e-06 
-9.90000000e-01  2.90757141e-06 
-1.00000000e+00  3.25969941e-06 
-1.01000000e+00  3.63194901e-06 
-1.02000000e+00  4.02432021e-06 
-1.03000000e+00  4.42675221e-06 
-1.04000000e+00  4.82918421e-06 
-1.05000000e+00  5.23161621e-06 
-1.06000000e+00  5.63404821e-06 
-1.07000000e+00  6.03648021e-06 
-1.08000000e+00  6.43891221e-06 
-1.09000000e+00  6.84134421e-06 
-1.10000000e+00  7.24377621e-06 
-1.11000000e+00  7.64620821e-06 
-1.12000000e+00  8.04864021e-06 
-1.13000000e+00  8.45107221e-06 
-1.14000000e+00  8.85350421e-06 
-1.15000000e+00  9.25593621e-06 
-1.16000000e+00  9.65836821e-06 
-1.17000000e+00  1.00608002e-05 
-1.18000000e+00  1.04632322e-05 
-1.19000000e+00  1.08656642e-05 
-1.20000000e+00  1.12680962e-05 
-1.21000000e+00  1.16705282e-05 
-1.22000000e+00  1.20729602e-05 
-1.23000000e+00  1.24753922e-05 
-1.24000000e+00  1.28778242e-05 
-1.25000000e+00  1.32802562e-05 
-1.26000000e+00  1.36826882e-05 
-1.27000000e+00  1.40851202e-05 
-1.28000000e+00  1.44875522e-05 
-1.29000000e+00  1.48899842e-05 
-1.30000000e+00  1.52924162e-05 
-1.31000000e+00  1.56948482e-05 
-1.32000000e+00  1.60972802e-05 
-1.33000000e+00  1.64997122e-05 
-1.34000000e+00  1.69021442e-05 
-1.35000000e+00  1.73045762e-05 
-1.36000000e+00  1.77070082e-05 
-1.37000000e+00  1.81094402e-05 
-1.38000000e+00  1.85118722e-05 
-1.39000000e+00  1.89143042e-05 
-1.40000000e+00  1.93167362e-05 
-1.41000000e+00  1.97191682e-05 
-1.42000000e+00  2.01216002e-05 
-1.43000000e+00  2.05240322e-05 
-1.44000000e+00  2.09264642e-05 
-1.45000000e+00  2.13288962e-05 
-1.46000000e+00  2.17313282e-05 
-1.47000000e+00  2.21337602e-05 
-1.48000000e+00  2.25361922e-05 
-1.49000000e+00  2.29386242e-05 
-1.50000000e+00  2.33410562e-05 
-1.51000000e+00  2.37434882e-05 
-1.52000000e+00  2.41459202e-05 
-1.53000000e+00  2.45483522e-05 
-1.54000000e+00  2.49507842e-05 
-1.55000000e+00  2.53532162e-05 
-1.56000000e+00  2.57556482e-05 
-1.57000000e+00  2.61580802e-05 
-1.58000000e+00  2.65605122e-05 
-1.59000000e+00  2.69629442e-05 
-1.60000000e+00  2.73653762e-05 
-1.61000000e+00  2.77678082e-05 
-1.62000000e+00  2.81702402e-05 
-1.63000000e+00  2.85726722e-05 
-1.64000000e+00  2.89751042e-05 
-1.65000000e+00  2.93775362e-05 
-1.66000000e+00  2.97799682e-05 
-1.67000000e+00  3.01824002e-05 
-1.68000000e+00  3.05848322e-05 
-1.69000000e+00  3.09872642e-05 
-1.70000000e+00  3.13896962e-05 
-1.71000000e+00  3.17921282e-05 
-1.72000000e+00  3.21945602e-05 
-1.73000000e+00  3.25969922e-05 
-1.74000000e+00  3.29994242e-05 
-1.75000000e+00  3.34018562e-05 
-1.76000000e+00  3.38042882e-05 
-1.77000000e+00  3.42067202e-05 
-1.78000000e+00  3.46091522e-05 
-1.79000000e+00  3.50115842e-05 
-1.80000000e+00  3.54140162e-05 
-1.81000000e+00  3.58164482e-05 
-1.82000000e+00  3.62188802e-05 
-1.83000000e+00  3.66213122e-05 
-1.84000000e+00  3.70237442e-05 
-1.85000000e+00  3.74261762e-05 
-1.86000000e+00  3.78286082e-05 
-1.87000000e+00  3.82310402e-05 
-1.88000000e+00  3.86334722e-05 
-1.89000000e+00  3.90359042e-05 
-1.90000000e+00  3.94383362e-05 
-1.91000000e+00  3.98407682e-05 
-1.92000000e+00  4.02432002e-05 
-1.93000000e+00  4.06456322e-05 
-1.94000000e+00  4.10480642e-05 
-1.95000000e+00  4.14504962e-05 
-1.96000000e+00  4.18529282e-05 
-1.97000000e+00  4.22553602e-05 
-1.98000000e+00  4.26577922e-05 
-1.99000000e+00  4.30602242e-05 
-2.00000000e+00  4.34626562e-05 
-2.01000000e+00  4.38650882e-05 
-2.02000000e+00  4.42675202e-05 
-2.03000000e+00  4.46699522e-05 
-2.04000000e+00  4.50723842e-05 
-2.05000000e+00  4.54748162e-05 
-2.06000000e+00  4.58772482e-05 
-2.07000000e+00  4.62796802e-05 
-2.08000000e+00  4.66821122e-05 
-2.09000000e+00  4.70845442e-05 
-2.10000000e+00  4.74869762e-05 
-2.11000000e+00  4.78894082e-05 
-2.12000000e+00  4.82918402e-05 
-2.13000000e+00  4.86942722e-05 
-2.14000000e+00  4.90967042e-05 
-2.15000000e+00  4.94991362e-05 
-2.16000000e+00  4.99015682e-05 
-2.17000000e+00  5.03040002e-05 
-2.18000000e+00  5.07064322e-05 
-2.19000000e+00  5.11088642e-05 
-2.20000000e+00  5.15112962e-05 
-2.21000000e+00  5.19137282e-05 
-2.22000000e+00  5.23161602e-05 
-2.23000000e+00  5.27185922e-05 
-2.24000000e+00  5.31210242e-05 
-2.25000000e+00  5.35234562e-05 
-2.26000000e+00  5.39258882e-05 
-2.27000000e+00  5.43283202e-05 
-2.28000000e+00  5.47307522e-05 
-2.29000000e+00  5.51331842e-05 
-2.30000000e+00  5.55356162e-05 
-2.31000000e+00  5.59380482e-05 
-2.32000000e+00  5.63404802e-05 
-2.33000000e+00  5.67429122e-05 
-2.34000000e+00  5.71453442e-05 
-2.35000000e+00  5.75477762e-05 
-2.36000000e+00  5.79502082e-05 
-2.37000000e+00  5.83526402e-05 
-2.38000000e+00  5.87550722e-05 
-2.39000000e+00  5.91575042e-05 
-2.40000000e+00  5.95599362e-05 
-2.41000000e+00  5.99623682e-05 
-2.42000000e+00  6.03648002e-05 
-2.43000000e+00  6.07672322e-05 
-2.44000000e+00  6.11696642e-05 
-2.45000000e+00  6.15720962e-05 
-2.46000000e+00  6.19745282e-05 
-2.47000000e+00  6.23769602e-05 
-2.48000000e+00  6.27793922e-05 
-2.49000000e+00  6.31818242e-05 
-2.50000000e+00  6.35842562e-05 
-2.51000000e+00  6.39866882e-05 
-2.52000000e+00  6.43891202e-05 
-2.53000000e+00  6.47915522e-05 
-2.54000000e+00  6.51939842e-05 
-2.55000000e+00  6.55964162e-05 
-2.56000000e+00  6.59988482e-05 
-2.57000000e+00  6.64012802e-05 
-2.58000000e+00  6.68037122e-05 
-2.59000000e+00  6.72061442e-05 
-2.60000000e+00  6.76085762e-05 
-2.61000000e+00  6.80110082e-05 
-2.62000000e+00  6.84134402e-05 
-2.63000000e+00  6.88158722e-05 
-2.64000000e+00  6.92183042e-05 
-2.65000000e+00  6.96207362e-05 
-2.66000000e+00  7.00231682e-05 
-2.67000000e+00  7.04256002e-05 
-2.68000000e+00  7.08280322e-05 
-2.69000000e+00  7.12304642e-05 
-2.70000000e+00  7.16328962e-05 
-2.71000000e+00  7.20353282e-05 
-2.72000000e+00  7.24377602e-05 
-2.73000000e+00  7.28401922e-05 
-2.74000000e+00  7.32426242e-05 
-2.75000000e+00  7.36450562e-05 
-2.76000000e+00  7.40474882e-05 
-2.77000000e+00  7.44499202e-05 
-2.78000000e+00  7.48523522e-05 
-2.79000000e+00  7.52547842e-05 
-2.80000000e+00  7.56572162e-05 
-2.81000000e+00  7.60596482e-05 
-2.82000000e+00  7.64620802e-05 
-2.83000000e+00  7.68645122e-05 
-2.84000000e+00  7.72669442e-05 
-2.85000000e+00  7.76693762e-05 
-2.86000000e+00  7.80718082e-05 
-2.87000000e+00  7.84742402e-05 
-2.88000000e+00  7.88766722e-05 
-2.89000000e+00  7.92791042e-05 
-2.90000000e+00  7.96815362e-05 
-2.91000000e+00  8.00839682e-05 
-2.92000000e+00  8.04864002e-05 
-2.93000000e+00  8.08888322e-05 
-2.94000000e+00  8.12912642e-05 
-2.95000000e+00  8.16936962e-05 
-2.96000000e+00  8.20961282e-05 
-2.97000000e+00  8.24985602e-05 
-2.98000000e+00  8.29009922e-05 
-2.99000000e+00  8.33034242e-05 
-3.00000000e+00  8.37058562e-05 
-3.01000000e+00  8.41082882e-05 
-3.02000000e+00  8.45107202e-05 
-3.03000000e+00  8.49131522e-05 
-3.04000000e+00  8.53155842e-05 
-3.05000000e+00  8.57180162e-05 
-3.06000000e+00  8.61204482e-05 
-3.07000000e+00  8.65228802e-05 
-3.08000000e+00  8.69253122e-05 
-3.09000000e+00  8.73277442e-05 
-3.10000000e+00  8.77301762e-05 
-3.11000000e+00  8.81326082e-05 
-3.12000000e+00  8.85350402e-05 
-3.13000000e+00  8.89374722e-05 
-3.14000000e+00  8.93399042e-05 
-3.15000000e+00  8.97423362e-05 
-3.16000000e+00  9.01447682e-05 
-3.17000000e+00  9.05472002e-05 
-3.18000000e+00  9.09496322e-05 
-3.19000000e+00  9.13520642e-05 
-3.20000000e+00  9.17544962e-05 
-3.21000000e+00  9.21569282e-05 
-3.22000000e+00  9.25593602e-05 
-3.23000000e+00  9.29617922e-05 
-3.24000000e+00  9.33642242e-05 
-3.25000000e+00  9.37666562e-05 
-3.26000000e+00  9.41690882e-05 
-3.27000000e+00  9.45715202e-05 
-3.28000000e+00  9.49739522e-05 
-3.29000000e+00  9.53763842e-05 
-3.30000000e+00  9.57788162e-05 
-3.31000000e+00  9.61812482e-05 
-3.32000000e+00  9.65836802e-05 
-3.33000000e+00  9.69861122e-05 
-3.34000000e+00  9.73885442e-05 
-3.35000000e+00  9.77909762e-05 
-3.36000000e+00  9.81934082e-05 
-3.37000000e+00  9.85958402e-05 
-3.38000000e+00  9.89982722e-05 
-3.39000000e+00  9.94007042e-05 
-3.40000000e+00  9.98031362e-05 
-3.41000000e+00  1.00205568e-04 
-3.42000000e+00  1.00608000e-04 
-3.43000000e+00  1.01010432e-04 
-3.44000000e+00  1.01412864e-04 
-3.45000000e+00  1.01815296e-04 
-3.46000000e+00  1.02217728e-04 
-3.47000000e+00  1.02620160e-04 
-3.48000000e+00  1.03022592e-04 
-3.49000000e+00  1.03425024e-04 
-3.50000000e+00  1.03827456e-04 
-3.51000000e+00  1.04229888e-04 
-3.52000000e+00  1.04632320e-04 
-3.53000000e+00  1.05034752e-04 
-3.54000000e+00  1.05437184e-04 
-3.55000000e+00  1.05839616e-04 
-3.56000000e+00  1.06242048e-04 
-3.57000000e+00  1.06644480e-04 
-3.58000000e+00  1.07046912e-04 
-3.59000000e+00  1.07449344e-04 
-3.60000000e+00  1.07851776e-04 
-3.61000000e+00  1.08254208e-04 
-3.62000000e+00  1.08656640e-04 
-3.63000000e+00  1.09059072e-04 
-3.64000000e+00  1.09461504e-04 
-3.65000000e+00  1.09863936e-04 
-3.66000000e+00  1.10266368e-04 
-3.67000000e+00  1.10668800e-04 
-3.68000000e+00  1.11071232e-04 
-3.69000000e+00  1.11473664e-04 
-3.70000000e+00  1.11876096e-04 
-3.71000000e+00  1.12278528e-04 
-3.72000000e+00  1.12680960e-04 
-3.73000000e+00  1.13083392e-04 
-3.74000000e+00  1.13485824e-04 
-3.75000000e+00  1.13888256e-04 
-3.76000000e+00  1.14290688e-04 
-3.77000000e+00  1.14693120e-04 
-3.78000000e+00  1.15095552e-04 
-3.79000000e+00  1.15497984e-04 
-3.80000000e+00  1.15900416e-04 
-3.81000000e+00  1.16302848e-04 
-3.82000000e+00  1.16705280e-04 
-3.83000000e+00  1.17107712e-04 
-3.84000000e+00  1.17510144e-04 
-3.85000000e+00  1.17912576e-04 
-3.86000000e+00  1.18315008e-04 
-3.87000000e+00  1.18717440e-04 
-3.88000000e+00  1.19119872e-04 
-3.89000000e+00  1.19522304e-04 
-3.90000000e+00  1.19924736e-04 
-3.91000000e+00  1.20327168e-04 
-3.92000000e+00  1.20729600e-04 
-3.93000000e+00  1.21132032e-04 
-3.94000000e+00  1.21534464e-04 
-3.95000000e+00  1.21936896e-04 
-3.96000000e+00  1.22339328e-04 
-3.97000000e+00  1.22741760e-04 
-3.98000000e+00  1.23144192e-04 
-3.99000000e+00  1.23546624e-04 
-4.00000000e+00  1.23949056e-04 
-4.01000000e+00  1.24351488e-04 
-4.02000000e+00  1.24753920e-04 
-4.03000000e+00  1.25156352e-04 
-4.04000000e+00  1.25558784e-04 
-4.05000000e+00  1.25961216e-04 
-4.06000000e+00  1.26363648e-04 
-4.07000000e+00  1.26766080e-04 
-4.08000000e+00  1.27168512e-04 
-4.09000000e+00  1.27570944e-04 
-4.10000000e+00  1.27973376e-04 
-4.11000000e+00  1.28375808e-04 
-4.12000000e+00  1.28778240e-04 
-4.13000000e+00  1.29180672e-04 
-4.14000000e+00  1.29583104e-04 
-4.15000000e+00  1.29985536e-04 
-4.16000000e+00  1.30387968e-04 
-4.17000000e+00  1.30790400e-04 
-4.18000000e+00  1.31192832e-04 
-4.19000000e+00  1.31595264e-04 
-4.20000000e+00  1.31997696e-04 
-4.21000000e+00  1.32400128e-04 
-4.22000000e+00  1.32802560e-04 
-4.23000000e+00  1.33204992e-04 
-4.24000000e+00  1.33607424e-04 
-4.25000000e+00  1.34009856e-04 
-4.26000000e+00  1.34412288e-04 
-4.27000000e+00  1.34814720e-04 
-4.28000000e+00  1.35217152e-04 
-4.29000000e+00  1.35619584e-04 
-4.30000000e+00  1.36022016e-04 
-4.31000000e+00  1.36424448e-04 
-4.32000000e+00  1.36826880e-04 
-4.33000000e+00  1.37229312e-04 
-4.34000000e+00  1.37631744e-04 
-4.35000000e+00  1.38034176e-04 
-4.36000000e+00  1.38436608e-04 
-4.37000000e+00  1.38839040e-04 
-4.38000000e+00  1.39241472e-04 
-4.39000000e+00  1.39643904e-04 
-4.40000000e+00  1.40046336e-04 
-4.41000000e+00  1.40448768e-04 
-4.42000000e+00  1.40851200e-04 
-4.43000000e+00  1.41253632e-04 
-4.44000000e+00  1.41656064e-04 
-4.45000000e+00  1.42058496e-04 
-4.46000000e+00  1.42460928e-04 
-4.47000000e+00  1.42863360e-04 
-4.48000000e+00  1.43265792e-04 
-4.49000000e+00  1.43668224e-04 
-4.50000000e+00  1.44070656e-04 
-4.51000000e+00  1.44473088e-04 
-4.52000000e+00  1.44875520e-04 
-4.53000000e+00  1.45277952e-04 
-4.54000000e+00  1.45680384e-04 
-4.55000000e+00  1.46082816e-04 
-4.56000000e+00  1.46485248e-04 
-4.57000000e+00  1.46887680e-04 
-4.58000000e+00  1.47290112e-04 
-4.59000000e+00  1.47692544e-04 
-4.60000000e+00  1.48094976e-04 
-4.61000000e+00  1.48497408e-04 
-4.62000000e+00  1.48899840e-04 
-4.63000000e+00  1.49302272e-04 
-4.64000000e+00  1.49704704e-04 
-4.65000000e+00  1.50107136e-04 
-4.66000000e+00  1.50509568e-04 
-4.67000000e+00  1.50912000e-04 
-4.68000000e+00  1.51314432e-04 
-4.69000000e+00  1.51716864e-04 
-4.70000000e+00  1.52119296e-04 
-4.71000000e+00  1.52521728e-04 
-4.72000000e+00  1.52924160e-04 
-4.73000000e+00  1.53326592e-04 
-4.74000000e+00  1.53729024e-04 
-4.75000000e+00  1.54131456e-04 
-4.76000000e+00  1.54533888e-04 
-4.77000000e+00  1.54936320e-04 
-4.78000000e+00  1.55338752e-04 
-4.79000000e+00  1.55741184e-04 
-4.80000000e+00  1.56143616e-04 
-4.81000000e+00  1.56546048e-04 
-4.82000000e+00  1.56948480e-04 
-4.83000000e+00  1.57350912e-04 
-4.84000000e+00  1.57753344e-04 
-4.85000000e+00  1.58155776e-04 
-4.86000000e+00  1.58558208e-04 
-4.87000000e+00  1.58960640e-04 
-4.88000000e+00  1.59363072e-04 
-4.89000000e+00  1.59765504e-04 
-4.90000000e+00  1.60167936e-04 
-4.91000000e+00  1.60570368e-04 
-4.92000000e+00  1.60972800e-04 
-4.93000000e+00  1.61375232e-04 
-4.94000000e+00  1.61777664e-04 
-4.95000000e+00  1.62180096e-04 
-4.96000000e+00  1.62582528e-04 
-4.97000000e+00  1.62984960e-04 
-4.98000000e+00  1.63387392e-04 
-4.99000000e+00  1.63789824e-04 
-5.00000000e+00  1.64192256e-04 
