 0.00000000e+00  1.21000000e-12 
-1.00000000e-02  1.21000000e-12 
-2.00000000e-02  1.21000000e-12 
-3.00000000e-02  1.21000000e-12 
-4.00000000e-02  1.21000000e-12 
-5.00000000e-02  1.21000000e-12 
-6.00000000e-02  1.21000000e-12 
-7.00000000e-02  1.21000000e-12 
-8.00000000e-02  1.21000000e-12 
-9.00000000e-02  1.21000000e-12 
-1.00000000e-01  1.21000000e-12 
-1.10000000e-01  1.21000000e-12 
-1.20000000e-01  1.21000000e-12 
-1.30000000e-01  1.21000000e-12 
-1.40000000e-01  1.21000000e-12 
-1.50000000e-01  1.21000000e-12 
-1.60000000e-01  1.21000000e-12 
-1.70000000e-01  1.21000000e-12 
-1.80000000e-01  1.21000000e-12 
-1.90000000e-01  1.21000000e-12 
-2.00000000e-01  1.21000000e-12 
-2.10000000e-01  1.21000000e-12 
-2.20000000e-01  1.21000000e-12 
-2.30000000e-01  1.21000000e-12 
-2.40000000e-01  1.21000000e-12 
-2.50000000e-01  1.21000000e-12 
-2.60000000e-01  1.21000000e-12 
-2.70000000e-01  1.21000000e-12 
-2.80000000e-01  1.21000000e-12 
-2.90000000e-01  1.21000000e-12 
-3.00000000e-01  1.21000000e-12 
-3.10000000e-01  1.21000000e-12 
-3.20000000e-01  1.21000000e-12 
-3.30000000e-01  1.21000000e-12 
-3.40000000e-01  1.21000000e-12 
-3.50000000e-01  1.21000000e-12 
-3.60000000e-01  1.21000000e-12 
-3.70000000e-01  1.21000000e-12 
-3.80000000e-01  1.21000000e-12 
-3.90000000e-01  1.21000000e-12 
-4.00000000e-01  1.21000000e-12 
-4.10000000e-01  1.21000000e-12 
-4.20000000e-01  1.21000000e-12 
-4.30000000e-01  1.21000000e-12 
-4.40000000e-01  1.21000000e-12 
-4.50000000e-01  1.21000000e-12 
-4.60000000e-01  1.21000000e-12 
-4.70000000e-01  1.21000000e-12 
-4.80000000e-01  1.21000000e-12 
-4.90000000e-01  1.21000000e-12 
-5.00000000e-01  1.21000000e-12 
-5.10000000e-01  1.21000000e-12 
-5.20000000e-01  1.21000000e-12 
-5.30000000e-01  1.21000000e-12 
-5.40000000e-01  1.21000000e-12 
-5.50000000e-01  1.21000000e-12 
-5.60000000e-01  1.21000000e-12 
-5.70000000e-01  1.21000000e-12 
-5.80000000e-01  1.21000000e-12 
-5.90000000e-01  1.21000000e-12 
-6.00000000e-01  1.21000000e-12 
-6.10000000e-01  1.21000000e-12 
-6.20000000e-01  1.21000000e-12 
-6.30000000e-01  1.21000000e-12 
-6.40000000e-01  1.21000000e-12 
-6.50000000e-01  1.21000000e-12 
-6.60000000e-01  1.21000000e-12 
-6.70000000e-01  1.21000000e-12 
-6.80000000e-01  1.21000000e-12 
-6.90000000e-01  1.21000000e-12 
-7.00000000e-01  1.21000000e-12 
-7.10000000e-01  1.21000000e-12 
-7.20000000e-01  1.21000000e-12 
-7.30000000e-01  1.21000000e-12 
-7.40000000e-01  1.21000000e-12 
-7.50000000e-01  1.21000000e-12 
-7.60000000e-01  1.21000000e-12 
-7.70000000e-01  1.21000000e-12 
-7.80000000e-01  1.21000000e-12 
-7.90000000e-01  1.21000000e-12 
-8.00000000e-01  1.21000000e-12 
-8.10000000e-01  1.21000000e-12 
-8.20000000e-01  1.21000000e-12 
-8.30000000e-01  1.21000000e-12 
-8.40000000e-01  1.21000000e-12 
-8.50000000e-01  1.21000000e-12 
-8.60000000e-01  1.21000000e-12 
-8.70000000e-01  1.21000000e-12 
-8.80000000e-01  1.21000000e-12 
-8.90000000e-01  1.21000000e-12 
-9.00000000e-01  1.21000000e-12 
-9.10000000e-01  1.21000000e-12 
-9.20000000e-01  1.21000000e-12 
-9.30000000e-01  1.21000000e-12 
-9.40000000e-01  1.21000000e-12 
-9.50000000e-01  1.21000000e-12 
-9.60000000e-01  1.21000000e-12 
-9.70000000e-01  1.21000000e-12 
-9.80000000e-01  1.21000000e-12 
-9.90000000e-01  1.21000000e-12 
-1.00000000e+00  1.21000000e-12 
-1.01000000e+00  1.21000000e-12 
-1.02000000e+00  1.21000000e-12 
-1.03000000e+00  7.71084636e-09 
-1.04000000e+00  3.53858576e-08 
-1.05000000e+00  8.31824689e-08 
-1.06000000e+00  1.51100680e-07 
-1.07000000e+00  2.39140491e-07 
-1.08000000e+00  3.47301903e-07 
-1.09000000e+00  4.75584914e-07 
-1.10000000e+00  6.23989525e-07 
-1.11000000e+00  7.92515736e-07 
-1.12000000e+00  9.81163548e-07 
-1.13000000e+00  1.18993296e-06 
-1.14000000e+00  1.41882397e-06 
-1.15000000e+00  1.66783658e-06 
-1.16000000e+00  1.93697079e-06 
-1.17000000e+00  2.22622660e-06 
-1.18000000e+00  2.53560402e-06 
-1.19000000e+00  2.86510303e-06 
-1.20000000e+00  3.21472364e-06 
-1.21000000e+00  3.58446585e-06 
-1.22000000e+00  3.97432966e-06 
-1.23000000e+00  4.37660544e-06 
-1.24000000e+00  4.77903744e-06 
-1.25000000e+00  5.18146944e-06 
-1.26000000e+00  5.58390144e-06 
-1.27000000e+00  5.98633344e-06 
-1.28000000e+00  6.38876544e-06 
-1.29000000e+00  6.79119744e-06 
-1.30000000e+00  7.19362944e-06 
-1.31000000e+00  7.59606144e-06 
-1.32000000e+00  7.99849344e-06 
-1.33000000e+00  8.40092544e-06 
-1.34000000e+00  8.80335744e-06 
-1.35000000e+00  9.20578944e-06 
-1.36000000e+00  9.60822144e-06 
-1.37000000e+00  1.00106534e-05 
-1.38000000e+00  1.04130854e-05 
-1.39000000e+00  1.08155174e-05 
-1.40000000e+00  1.12179494e-05 
-1.41000000e+00  1.16203814e-05 
-1.42000000e+00  1.20228134e-05 
-1.43000000e+00  1.24252454e-05 
-1.44000000e+00  1.28276774e-05 
-1.45000000e+00  1.32301094e-05 
-1.46000000e+00  1.36325414e-05 
-1.47000000e+00  1.40349734e-05 
-1.48000000e+00  1.44374054e-05 
-1.49000000e+00  1.48398374e-05 
-1.50000000e+00  1.52422694e-05 
-1.51000000e+00  1.56447014e-05 
-1.52000000e+00  1.60471334e-05 
-1.53000000e+00  1.64495654e-05 
-1.54000000e+00  1.68519974e-05 
-1.55000000e+00  1.72544294e-05 
-1.56000000e+00  1.76568614e-05 
-1.57000000e+00  1.80592934e-05 
-1.58000000e+00  1.84617254e-05 
-1.59000000e+00  1.88641574e-05 
-1.60000000e+00  1.92665894e-05 
-1.61000000e+00  1.96690214e-05 
-1.62000000e+00  2.00714534e-05 
-1.63000000e+00  2.04738854e-05 
-1.64000000e+00  2.08763174e-05 
-1.65000000e+00  2.12787494e-05 
-1.66000000e+00  2.16811814e-05 
-1.67000000e+00  2.20836134e-05 
-1.68000000e+00  2.24860454e-05 
-1.69000000e+00  2.28884774e-05 
-1.70000000e+00  2.32909094e-05 
-1.71000000e+00  2.36933414e-05 
-1.72000000e+00  2.40957734e-05 
-1.73000000e+00  2.44982054e-05 
-1.74000000e+00  2.49006374e-05 
-1.75000000e+00  2.53030694e-05 
-1.76000000e+00  2.57055014e-05 
-1.77000000e+00  2.61079334e-05 
-1.78000000e+00  2.65103654e-05 
-1.79000000e+00  2.69127974e-05 
-1.80000000e+00  2.73152294e-05 
-1.81000000e+00  2.77176614e-05 
-1.82000000e+00  2.81200934e-05 
-1.83000000e+00  2.85225254e-05 
-1.84000000e+00  2.89249574e-05 
-1.85000000e+00  2.93273894e-05 
-1.86000000e+00  2.97298214e-05 
-1.87000000e+00  3.01322534e-05 
-1.88000000e+00  3.05346854e-05 
-1.89000000e+00  3.09371174e-05 
-1.90000000e+00  3.13395494e-05 
-1.91000000e+00  3.17419814e-05 
-1.92000000e+00  3.21444134e-05 
-1.93000000e+00  3.25468454e-05 
-1.94000000e+00  3.29492774e-05 
-1.95000000e+00  3.33517094e-05 
-1.96000000e+00  3.37541414e-05 
-1.97000000e+00  3.41565734e-05 
-1.98000000e+00  3.45590054e-05 
-1.99000000e+00  3.49614374e-05 
-2.00000000e+00  3.53638694e-05 
-2.01000000e+00  3.57663014e-05 
-2.02000000e+00  3.61687334e-05 
-2.03000000e+00  3.65711654e-05 
-2.04000000e+00  3.69735974e-05 
-2.05000000e+00  3.73760294e-05 
-2.06000000e+00  3.77784614e-05 
-2.07000000e+00  3.81808934e-05 
-2.08000000e+00  3.85833254e-05 
-2.09000000e+00  3.89857574e-05 
-2.10000000e+00  3.93881894e-05 
-2.11000000e+00  3.97906214e-05 
-2.12000000e+00  4.01930534e-05 
-2.13000000e+00  4.05954854e-05 
-2.14000000e+00  4.09979174e-05 
-2.15000000e+00  4.14003494e-05 
-2.16000000e+00  4.18027814e-05 
-2.17000000e+00  4.22052134e-05 
-2.18000000e+00  4.26076454e-05 
-2.19000000e+00  4.30100774e-05 
-2.20000000e+00  4.34125094e-05 
-2.21000000e+00  4.38149414e-05 
-2.22000000e+00  4.42173734e-05 
-2.23000000e+00  4.46198054e-05 
-2.24000000e+00  4.50222374e-05 
-2.25000000e+00  4.54246694e-05 
-2.26000000e+00  4.58271014e-05 
-2.27000000e+00  4.62295334e-05 
-2.28000000e+00  4.66319654e-05 
-2.29000000e+00  4.70343974e-05 
-2.30000000e+00  4.74368294e-05 
-2.31000000e+00  4.78392614e-05 
-2.32000000e+00  4.82416934e-05 
-2.33000000e+00  4.86441254e-05 
-2.34000000e+00  4.90465574e-05 
-2.35000000e+00  4.94489894e-05 
-2.36000000e+00  4.98514214e-05 
-2.37000000e+00  5.02538534e-05 
-2.38000000e+00  5.06562854e-05 
-2.39000000e+00  5.10587174e-05 
-2.40000000e+00  5.14611494e-05 
-2.41000000e+00  5.18635814e-05 
-2.42000000e+00  5.22660134e-05 
-2.43000000e+00  5.26684454e-05 
-2.44000000e+00  5.30708774e-05 
-2.45000000e+00  5.34733094e-05 
-2.46000000e+00  5.38757414e-05 
-2.47000000e+00  5.42781734e-05 
-2.48000000e+00  5.46806054e-05 
-2.49000000e+00  5.50830374e-05 
-2.50000000e+00  5.54854694e-05 
-2.51000000e+00  5.58879014e-05 
-2.52000000e+00  5.62903334e-05 
-2.53000000e+00  5.66927654e-05 
-2.54000000e+00  5.70951974e-05 
-2.55000000e+00  5.74976294e-05 
-2.56000000e+00  5.79000614e-05 
-2.57000000e+00  5.83024934e-05 
-2.58000000e+00  5.87049254e-05 
-2.59000000e+00  5.91073574e-05 
-2.60000000e+00  5.95097894e-05 
-2.61000000e+00  5.99122214e-05 
-2.62000000e+00  6.03146534e-05 
-2.63000000e+00  6.07170854e-05 
-2.64000000e+00  6.11195174e-05 
-2.65000000e+00  6.15219494e-05 
-2.66000000e+00  6.19243814e-05 
-2.67000000e+00  6.23268134e-05 
-2.68000000e+00  6.27292454e-05 
-2.69000000e+00  6.31316774e-05 
-2.70000000e+00  6.35341094e-05 
-2.71000000e+00  6.39365414e-05 
-2.72000000e+00  6.43389734e-05 
-2.73000000e+00  6.47414054e-05 
-2.74000000e+00  6.51438374e-05 
-2.75000000e+00  6.55462694e-05 
-2.76000000e+00  6.59487014e-05 
-2.77000000e+00  6.63511334e-05 
-2.78000000e+00  6.67535654e-05 
-2.79000000e+00  6.71559974e-05 
-2.80000000e+00  6.75584294e-05 
-2.81000000e+00  6.79608614e-05 
-2.82000000e+00  6.83632934e-05 
-2.83000000e+00  6.87657254e-05 
-2.84000000e+00  6.91681574e-05 
-2.85000000e+00  6.95705894e-05 
-2.86000000e+00  6.99730214e-05 
-2.87000000e+00  7.03754534e-05 
-2.88000000e+00  7.07778854e-05 
-2.89000000e+00  7.11803174e-05 
-2.90000000e+00  7.15827494e-05 
-2.91000000e+00  7.19851814e-05 
-2.92000000e+00  7.23876134e-05 
-2.93000000e+00  7.27900454e-05 
-2.94000000e+00  7.31924774e-05 
-2.95000000e+00  7.35949094e-05 
-2.96000000e+00  7.39973414e-05 
-2.97000000e+00  7.43997734e-05 
-2.98000000e+00  7.48022054e-05 
-2.99000000e+00  7.52046374e-05 
-3.00000000e+00  7.56070694e-05 
-3.01000000e+00  7.60095014e-05 
-3.02000000e+00  7.64119334e-05 
-3.03000000e+00  7.68143654e-05 
-3.04000000e+00  7.72167974e-05 
-3.05000000e+00  7.76192294e-05 
-3.06000000e+00  7.80216614e-05 
-3.07000000e+00  7.84240934e-05 
-3.08000000e+00  7.88265254e-05 
-3.09000000e+00  7.92289574e-05 
-3.10000000e+00  7.96313894e-05 
-3.11000000e+00  8.00338214e-05 
-3.12000000e+00  8.04362534e-05 
-3.13000000e+00  8.08386854e-05 
-3.14000000e+00  8.12411174e-05 
-3.15000000e+00  8.16435494e-05 
-3.16000000e+00  8.20459814e-05 
-3.17000000e+00  8.24484134e-05 
-3.18000000e+00  8.28508454e-05 
-3.19000000e+00  8.32532774e-05 
-3.20000000e+00  8.36557094e-05 
-3.21000000e+00  8.40581414e-05 
-3.22000000e+00  8.44605734e-05 
-3.23000000e+00  8.48630054e-05 
-3.24000000e+00  8.52654374e-05 
-3.25000000e+00  8.56678694e-05 
-3.26000000e+00  8.60703014e-05 
-3.27000000e+00  8.64727334e-05 
-3.28000000e+00  8.68751654e-05 
-3.29000000e+00  8.72775974e-05 
-3.30000000e+00  8.76800294e-05 
-3.31000000e+00  8.80824614e-05 
-3.32000000e+00  8.84848934e-05 
-3.33000000e+00  8.88873254e-05 
-3.34000000e+00  8.92897574e-05 
-3.35000000e+00  8.96921894e-05 
-3.36000000e+00  9.00946214e-05 
-3.37000000e+00  9.04970534e-05 
-3.38000000e+00  9.08994854e-05 
-3.39000000e+00  9.13019174e-05 
-3.40000000e+00  9.17043494e-05 
-3.41000000e+00  9.21067814e-05 
-3.42000000e+00  9.25092134e-05 
-3.43000000e+00  9.29116454e-05 
-3.44000000e+00  9.33140774e-05 
-3.45000000e+00  9.37165094e-05 
-3.46000000e+00  9.41189414e-05 
-3.47000000e+00  9.45213734e-05 
-3.48000000e+00  9.49238054e-05 
-3.49000000e+00  9.53262374e-05 
-3.50000000e+00  9.57286694e-05 
-3.51000000e+00  9.61311014e-05 
-3.52000000e+00  9.65335334e-05 
-3.53000000e+00  9.69359654e-05 
-3.54000000e+00  9.73383974e-05 
-3.55000000e+00  9.77408294e-05 
-3.56000000e+00  9.81432614e-05 
-3.57000000e+00  9.85456934e-05 
-3.58000000e+00  9.89481254e-05 
-3.59000000e+00  9.93505574e-05 
-3.60000000e+00  9.97529894e-05 
-3.61000000e+00  1.00155421e-04 
-3.62000000e+00  1.00557853e-04 
-3.63000000e+00  1.00960285e-04 
-3.64000000e+00  1.01362717e-04 
-3.65000000e+00  1.01765149e-04 
-3.66000000e+00  1.02167581e-04 
-3.67000000e+00  1.02570013e-04 
-3.68000000e+00  1.02972445e-04 
-3.69000000e+00  1.03374877e-04 
-3.70000000e+00  1.03777309e-04 
-3.71000000e+00  1.04179741e-04 
-3.72000000e+00  1.04582173e-04 
-3.73000000e+00  1.04984605e-04 
-3.74000000e+00  1.05387037e-04 
-3.75000000e+00  1.05789469e-04 
-3.76000000e+00  1.06191901e-04 
-3.77000000e+00  1.06594333e-04 
-3.78000000e+00  1.06996765e-04 
-3.79000000e+00  1.07399197e-04 
-3.80000000e+00  1.07801629e-04 
-3.81000000e+00  1.08204061e-04 
-3.82000000e+00  1.08606493e-04 
-3.83000000e+00  1.09008925e-04 
-3.84000000e+00  1.09411357e-04 
-3.85000000e+00  1.09813789e-04 
-3.86000000e+00  1.10216221e-04 
-3.87000000e+00  1.10618653e-04 
-3.88000000e+00  1.11021085e-04 
-3.89000000e+00  1.11423517e-04 
-3.90000000e+00  1.11825949e-04 
-3.91000000e+00  1.12228381e-04 
-3.92000000e+00  1.12630813e-04 
-3.93000000e+00  1.13033245e-04 
-3.94000000e+00  1.13435677e-04 
-3.95000000e+00  1.13838109e-04 
-3.96000000e+00  1.14240541e-04 
-3.97000000e+00  1.14642973e-04 
-3.98000000e+00  1.15045405e-04 
-3.99000000e+00  1.15447837e-04 
-4.00000000e+00  1.15850269e-04 
-4.01000000e+00  1.16252701e-04 
-4.02000000e+00  1.16655133e-04 
-4.03000000e+00  1.17057565e-04 
-4.04000000e+00  1.17459997e-04 
-4.05000000e+00  1.17862429e-04 
-4.06000000e+00  1.18264861e-04 
-4.07000000e+00  1.18667293e-04 
-4.08000000e+00  1.19069725e-04 
-4.09000000e+00  1.19472157e-04 
-4.10000000e+00  1.19874589e-04 
-4.11000000e+00  1.20277021e-04 
-4.12000000e+00  1.20679453e-04 
-4.13000000e+00  1.21081885e-04 
-4.14000000e+00  1.21484317e-04 
-4.15000000e+00  1.21886749e-04 
-4.16000000e+00  1.22289181e-04 
-4.17000000e+00  1.22691613e-04 
-4.18000000e+00  1.23094045e-04 
-4.19000000e+00  1.23496477e-04 
-4.20000000e+00  1.23898909e-04 
-4.21000000e+00  1.24301341e-04 
-4.22000000e+00  1.24703773e-04 
-4.23000000e+00  1.25106205e-04 
-4.24000000e+00  1.25508637e-04 
-4.25000000e+00  1.25911069e-04 
-4.26000000e+00  1.26313501e-04 
-4.27000000e+00  1.26715933e-04 
-4.28000000e+00  1.27118365e-04 
-4.29000000e+00  1.27520797e-04 
-4.30000000e+00  1.27923229e-04 
-4.31000000e+00  1.28325661e-04 
-4.32000000e+00  1.28728093e-04 
-4.33000000e+00  1.29130525e-04 
-4.34000000e+00  1.29532957e-04 
-4.35000000e+00  1.29935389e-04 
-4.36000000e+00  1.30337821e-04 
-4.37000000e+00  1.30740253e-04 
-4.38000000e+00  1.31142685e-04 
-4.39000000e+00  1.31545117e-04 
-4.40000000e+00  1.31947549e-04 
-4.41000000e+00  1.32349981e-04 
-4.42000000e+00  1.32752413e-04 
-4.43000000e+00  1.33154845e-04 
-4.44000000e+00  1.33557277e-04 
-4.45000000e+00  1.33959709e-04 
-4.46000000e+00  1.34362141e-04 
-4.47000000e+00  1.34764573e-04 
-4.48000000e+00  1.35167005e-04 
-4.49000000e+00  1.35569437e-04 
-4.50000000e+00  1.35971869e-04 
-4.51000000e+00  1.36374301e-04 
-4.52000000e+00  1.36776733e-04 
-4.53000000e+00  1.37179165e-04 
-4.54000000e+00  1.37581597e-04 
-4.55000000e+00  1.37984029e-04 
-4.56000000e+00  1.38386461e-04 
-4.57000000e+00  1.38788893e-04 
-4.58000000e+00  1.39191325e-04 
-4.59000000e+00  1.39593757e-04 
-4.60000000e+00  1.39996189e-04 
-4.61000000e+00  1.40398621e-04 
-4.62000000e+00  1.40801053e-04 
-4.63000000e+00  1.41203485e-04 
-4.64000000e+00  1.41605917e-04 
-4.65000000e+00  1.42008349e-04 
-4.66000000e+00  1.42410781e-04 
-4.67000000e+00  1.42813213e-04 
-4.68000000e+00  1.43215645e-04 
-4.69000000e+00  1.43618077e-04 
-4.70000000e+00  1.44020509e-04 
-4.71000000e+00  1.44422941e-04 
-4.72000000e+00  1.44825373e-04 
-4.73000000e+00  1.45227805e-04 
-4.74000000e+00  1.45630237e-04 
-4.75000000e+00  1.46032669e-04 
-4.76000000e+00  1.46435101e-04 
-4.77000000e+00  1.46837533e-04 
-4.78000000e+00  1.47239965e-04 
-4.79000000e+00  1.47642397e-04 
-4.80000000e+00  1.48044829e-04 
-4.81000000e+00  1.48447261e-04 
-4.82000000e+00  1.48849693e-04 
-4.83000000e+00  1.49252125e-04 
-4.84000000e+00  1.49654557e-04 
-4.85000000e+00  1.50056989e-04 
-4.86000000e+00  1.50459421e-04 
-4.87000000e+00  1.50861853e-04 
-4.88000000e+00  1.51264285e-04 
-4.89000000e+00  1.51666717e-04 
-4.90000000e+00  1.52069149e-04 
-4.91000000e+00  1.52471581e-04 
-4.92000000e+00  1.52874013e-04 
-4.93000000e+00  1.53276445e-04 
-4.94000000e+00  1.53678877e-04 
-4.95000000e+00  1.54081309e-04 
-4.96000000e+00  1.54483741e-04 
-4.97000000e+00  1.54886173e-04 
-4.98000000e+00  1.55288605e-04 
-4.99000000e+00  1.55691037e-04 
-5.00000000e+00  1.56093469e-04 
