 0.00000000e+00  2.21000000e-12 
-1.00000000e-02  2.21000000e-12 
-2.00000000e-02  2.21000000e-12 
-3.00000000e-02  2.21000000e-12 
-4.00000000e-02  2.21000000e-12 
-5.00000000e-02  2.21000000e-12 
-6.00000000e-02  2.21000000e-12 
-7.00000000e-02  2.21000000e-12 
-8.00000000e-02  2.21000000e-12 
-9.00000000e-02  2.21000000e-12 
-1.00000000e-01  2.21000000e-12 
-1.10000000e-01  2.21000000e-12 
-1.20000000e-01  2.21000000e-12 
-1.30000000e-01  2.21000000e-12 
-1.40000000e-01  2.21000000e-12 
-1.50000000e-01  2.21000000e-12 
-1.60000000e-01  2.21000000e-12 
-1.70000000e-01  2.21000000e-12 
-1.80000000e-01  2.21000000e-12 
-1.90000000e-01  2.21000000e-12 
-2.00000000e-01  2.21000000e-12 
-2.10000000e-01  2.21000000e-12 
-2.20000000e-01  2.21000000e-12 
-2.30000000e-01  2.21000000e-12 
-2.40000000e-01  2.21000000e-12 
-2.50000000e-01  2.21000000e-12 
-2.60000000e-01  2.21000000e-12 
-2.70000000e-01  2.21000000e-12 
-2.80000000e-01  2.21000000e-12 
-2.90000000e-01  2.21000000e-12 
-3.00000000e-01  2.21000000e-12 
-3.10000000e-01  2.21000000e-12 
-3.20000000e-01  2.21000000e-12 
-3.30000000e-01  2.21000000e-12 
-3.40000000e-01  2.21000000e-12 
-3.50000000e-01  2.21000000e-12 
-3.60000000e-01  2.21000000e-12 
-3.70000000e-01  2.21000000e-12 
-3.80000000e-01  2.21000000e-12 
-3.90000000e-01  2.21000000e-12 
-4.00000000e-01  2.21000000e-12 
-4.10000000e-01  2.21000000e-12 
-4.20000000e-01  2.21000000e-12 
-4.30000000e-01  2.21000000e-12 
-4.40000000e-01  2.21000000e-12 
-4.50000000e-01  2.21000000e-12 
-4.60000000e-01  2.21000000e-12 
-4.70000000e-01  2.21000000e-12 
-4.80000000e-01  2.21000000e-12 
-4.90000000e-01  2.21000000e-12 
-5.00000000e-01  2.21000000e-12 
-5.10000000e-01  2.21000000e-12 
-5.20000000e-01  2.21000000e-12 
-5.30000000e-01  2.21000000e-12 
-5.40000000e-01  2.21000000e-12 
-5.50000000e-01  2.21000000e-12 
-5.60000000e-01  2.21000000e-12 
-5.70000000e-01  2.21000000e-12 
-5.80000000e-01  2.21000000e-12 
-5.90000000e-01  2.21000000e-12 
-6.00000000e-01  2.21000000e-12 
-6.10000000e-01  2.21000000e-12 
-6.20000000e-01  2.21000000e-12 
-6.30000000e-01  2.21000000e-12 
-6.40000000e-01  2.21000000e-12 
-6.50000000e-01  2.21000000e-12 
-6.60000000e-01  2.21000000e-12 
-6.70000000e-01  2.21000000e-12 
-6.80000000e-01  2.21000000e-12 
-6.90000000e-01  2.21000000e-12 
-7.00000000e-01  2.21000000e-12 
-7.10000000e-01  2.21000000e-12 
-7.20000000e-01  2.21000000e-12 
-7.30000000e-01  2.21000000e-12 
-7.40000000e-01  2.21000000e-12 
-7.50000000e-01  2.21000000e-12 
-7.60000000e-01  2.21000000e-12 
-7.70000000e-01  2.21000000e-12 
-7.80000000e-01  2.21000000e-12 
-7.90000000e-01  2.21000000e-12 
-8.00000000e-01  2.21000000e-12 
-8.10000000e-01  2.21000000e-12 
-8.20000000e-01  2.21000000e-12 
-8.30000000e-01  2.21000000e-12 
-8.40000000e-01  2.21000000e-12 
-8.50000000e-01  2.21000000e-12 
-8.60000000e-01  2.21000000e-12 
-8.70000000e-01  2.21000000e-12 
-8.80000000e-01  2.21000000e-12 
-8.90000000e-01  2.21000000e-12 
-9.00000000e-01  2.21000000e-12 
-9.10000000e-01  2.21000000e-12 
-9.20000000e-01  2.21000000e-12 
-9.30000000e-01  2.21000000e-12 
-9.40000000e-01  2.21000000e-12 
-9.50000000e-01  2.21000000e-12 
-9.60000000e-01  2.21000000e-12 
-9.70000000e-01  2.21000000e-12 
-9.80000000e-01  2.21000000e-12 
-9.90000000e-01  2.21000000e-12 
-1.00000000e+00  2.21000000e-12 
-1.01000000e+00  2.21000000e-12 
-1.02000000e+00  2.21000000e-12 
-1.03000000e+00  2.21000000e-12 
-1.04000000e+00  2.21000000e-12 
-1.05000000e+00  2.21000000e-12 
-1.06000000e+00  2.21000000e-12 
-1.07000000e+00  2.21000000e-12 
-1.08000000e+00  2.21000000e-12 
-1.09000000e+00  2.21000000e-12 
-1.10000000e+00  2.21000000e-12 
-1.11000000e+00  2.21000000e-12 
-1.12000000e+00  2.21000000e-12 
-1.13000000e+00  2.21000000e-12 
-1.14000000e+00  2.21000000e-12 
-1.15000000e+00  2.21000000e-12 
-1.16000000e+00  2.21000000e-12 
-1.17000000e+00  2.21000000e-12 
-1.18000000e+00  9.07866460e-09 
-1.19000000e+00  3.82513870e-08 
-1.20000000e+00  8.75457094e-08 
-1.21000000e+00  1.56961632e-07 
-1.22000000e+00  2.46499154e-07 
-1.23000000e+00  3.56158277e-07 
-1.24000000e+00  4.85938999e-07 
-1.25000000e+00  6.35841321e-07 
-1.26000000e+00  8.05865244e-07 
-1.27000000e+00  9.96010766e-07 
-1.28000000e+00  1.20627789e-06 
-1.29000000e+00  1.43666661e-06 
-1.30000000e+00  1.68717693e-06 
-1.31000000e+00  1.95780886e-06 
-1.32000000e+00  2.24856238e-06 
-1.33000000e+00  2.55943750e-06 
-1.34000000e+00  2.89043422e-06 
-1.35000000e+00  3.24155255e-06 
-1.36000000e+00  3.61279247e-06 
-1.37000000e+00  4.00415399e-06 
-1.38000000e+00  4.40656066e-06 
-1.39000000e+00  4.80899266e-06 
-1.40000000e+00  5.21142466e-06 
-1.41000000e+00  5.61385666e-06 
-1.42000000e+00  6.01628866e-06 
-1.43000000e+00  6.41872066e-06 
-1.44000000e+00  6.82115266e-06 
-1.45000000e+00  7.22358466e-06 
-1.46000000e+00  7.62601666e-06 
-1.47000000e+00  8.02844866e-06 
-1.48000000e+00  8.43088066e-06 
-1.49000000e+00  8.83331266e-06 
-1.50000000e+00  9.23574466e-06 
-1.51000000e+00  9.63817666e-06 
-1.52000000e+00  1.00406087e-05 
-1.53000000e+00  1.04430407e-05 
-1.54000000e+00  1.08454727e-05 
-1.55000000e+00  1.12479047e-05 
-1.56000000e+00  1.16503367e-05 
-1.57000000e+00  1.20527687e-05 
-1.58000000e+00  1.24552007e-05 
-1.59000000e+00  1.28576327e-05 
-1.60000000e+00  1.32600647e-05 
-1.61000000e+00  1.36624967e-05 
-1.62000000e+00  1.40649287e-05 
-1.63000000e+00  1.44673607e-05 
-1.64000000e+00  1.48697927e-05 
-1.65000000e+00  1.52722247e-05 
-1.66000000e+00  1.56746567e-05 
-1.67000000e+00  1.60770887e-05 
-1.68000000e+00  1.64795207e-05 
-1.69000000e+00  1.68819527e-05 
-1.70000000e+00  1.72843847e-05 
-1.71000000e+00  1.76868167e-05 
-1.72000000e+00  1.80892487e-05 
-1.73000000e+00  1.84916807e-05 
-1.74000000e+00  1.88941127e-05 
-1.75000000e+00  1.92965447e-05 
-1.76000000e+00  1.96989767e-05 
-1.77000000e+00  2.01014087e-05 
-1.78000000e+00  2.05038407e-05 
-1.79000000e+00  2.09062727e-05 
-1.80000000e+00  2.13087047e-05 
-1.81000000e+00  2.17111367e-05 
-1.82000000e+00  2.21135687e-05 
-1.83000000e+00  2.25160007e-05 
-1.84000000e+00  2.29184327e-05 
-1.85000000e+00  2.33208647e-05 
-1.86000000e+00  2.37232967e-05 
-1.87000000e+00  2.41257287e-05 
-1.88000000e+00  2.45281607e-05 
-1.89000000e+00  2.49305927e-05 
-1.90000000e+00  2.53330247e-05 
-1.91000000e+00  2.57354567e-05 
-1.92000000e+00  2.61378887e-05 
-1.93000000e+00  2.65403207e-05 
-1.94000000e+00  2.69427527e-05 
-1.95000000e+00  2.73451847e-05 
-1.96000000e+00  2.77476167e-05 
-1.97000000e+00  2.81500487e-05 
-1.98000000e+00  2.85524807e-05 
-1.99000000e+00  2.89549127e-05 
-2.00000000e+00  2.93573447e-05 
-2.01000000e+00  2.97597767e-05 
-2.02000000e+00  3.01622087e-05 
-2.03000000e+00  3.05646407e-05 
-2.04000000e+00  3.09670727e-05 
-2.05000000e+00  3.13695047e-05 
-2.06000000e+00  3.17719367e-05 
-2.07000000e+00  3.21743687e-05 
-2.08000000e+00  3.25768007e-05 
-2.09000000e+00  3.29792327e-05 
-2.10000000e+00  3.33816647e-05 
-2.11000000e+00  3.37840967e-05 
-2.12000000e+00  3.41865287e-05 
-2.13000000e+00  3.45889607e-05 
-2.14000000e+00  3.49913927e-05 
-2.15000000e+00  3.53938247e-05 
-2.16000000e+00  3.57962567e-05 
-2.17000000e+00  3.61986887e-05 
-2.18000000e+00  3.66011207e-05 
-2.19000000e+00  3.70035527e-05 
-2.20000000e+00  3.74059847e-05 
-2.21000000e+00  3.78084167e-05 
-2.22000000e+00  3.82108487e-05 
-2.23000000e+00  3.86132807e-05 
-2.24000000e+00  3.90157127e-05 
-2.25000000e+00  3.94181447e-05 
-2.26000000e+00  3.98205767e-05 
-2.27000000e+00  4.02230087e-05 
-2.28000000e+00  4.06254407e-05 
-2.29000000e+00  4.10278727e-05 
-2.30000000e+00  4.14303047e-05 
-2.31000000e+00  4.18327367e-05 
-2.32000000e+00  4.22351687e-05 
-2.33000000e+00  4.26376007e-05 
-2.34000000e+00  4.30400327e-05 
-2.35000000e+00  4.34424647e-05 
-2.36000000e+00  4.38448967e-05 
-2.37000000e+00  4.42473287e-05 
-2.38000000e+00  4.46497607e-05 
-2.39000000e+00  4.50521927e-05 
-2.40000000e+00  4.54546247e-05 
-2.41000000e+00  4.58570567e-05 
-2.42000000e+00  4.62594887e-05 
-2.43000000e+00  4.66619207e-05 
-2.44000000e+00  4.70643527e-05 
-2.45000000e+00  4.74667847e-05 
-2.46000000e+00  4.78692167e-05 
-2.47000000e+00  4.82716487e-05 
-2.48000000e+00  4.86740807e-05 
-2.49000000e+00  4.90765127e-05 
-2.50000000e+00  4.94789447e-05 
-2.51000000e+00  4.98813767e-05 
-2.52000000e+00  5.02838087e-05 
-2.53000000e+00  5.06862407e-05 
-2.54000000e+00  5.10886727e-05 
-2.55000000e+00  5.14911047e-05 
-2.56000000e+00  5.18935367e-05 
-2.57000000e+00  5.22959687e-05 
-2.58000000e+00  5.26984007e-05 
-2.59000000e+00  5.31008327e-05 
-2.60000000e+00  5.35032647e-05 
-2.61000000e+00  5.39056967e-05 
-2.62000000e+00  5.43081287e-05 
-2.63000000e+00  5.47105607e-05 
-2.64000000e+00  5.51129927e-05 
-2.65000000e+00  5.55154247e-05 
-2.66000000e+00  5.59178567e-05 
-2.67000000e+00  5.63202887e-05 
-2.68000000e+00  5.67227207e-05 
-2.69000000e+00  5.71251527e-05 
-2.70000000e+00  5.75275847e-05 
-2.71000000e+00  5.79300167e-05 
-2.72000000e+00  5.83324487e-05 
-2.73000000e+00  5.87348807e-05 
-2.74000000e+00  5.91373127e-05 
-2.75000000e+00  5.95397447e-05 
-2.76000000e+00  5.99421767e-05 
-2.77000000e+00  6.03446087e-05 
-2.78000000e+00  6.07470407e-05 
-2.79000000e+00  6.11494727e-05 
-2.80000000e+00  6.15519047e-05 
-2.81000000e+00  6.19543367e-05 
-2.82000000e+00  6.23567687e-05 
-2.83000000e+00  6.27592007e-05 
-2.84000000e+00  6.31616327e-05 
-2.85000000e+00  6.35640647e-05 
-2.86000000e+00  6.39664967e-05 
-2.87000000e+00  6.43689287e-05 
-2.88000000e+00  6.47713607e-05 
-2.89000000e+00  6.51737927e-05 
-2.90000000e+00  6.55762247e-05 
-2.91000000e+00  6.59786567e-05 
-2.92000000e+00  6.63810887e-05 
-2.93000000e+00  6.67835207e-05 
-2.94000000e+00  6.71859527e-05 
-2.95000000e+00  6.75883847e-05 
-2.96000000e+00  6.79908167e-05 
-2.97000000e+00  6.83932487e-05 
-2.98000000e+00  6.87956807e-05 
-2.99000000e+00  6.91981127e-05 
-3.00000000e+00  6.96005447e-05 
-3.01000000e+00  7.00029767e-05 
-3.02000000e+00  7.04054087e-05 
-3.03000000e+00  7.08078407e-05 
-3.04000000e+00  7.12102727e-05 
-3.05000000e+00  7.16127047e-05 
-3.06000000e+00  7.20151367e-05 
-3.07000000e+00  7.24175687e-05 
-3.08000000e+00  7.28200007e-05 
-3.09000000e+00  7.32224327e-05 
-3.10000000e+00  7.36248647e-05 
-3.11000000e+00  7.40272967e-05 
-3.12000000e+00  7.44297287e-05 
-3.13000000e+00  7.48321607e-05 
-3.14000000e+00  7.52345927e-05 
-3.15000000e+00  7.56370247e-05 
-3.16000000e+00  7.60394567e-05 
-3.17000000e+00  7.64418887e-05 
-3.18000000e+00  7.68443207e-05 
-3.19000000e+00  7.72467527e-05 
-3.20000000e+00  7.76491847e-05 
-3.21000000e+00  7.80516167e-05 
-3.22000000e+00  7.84540487e-05 
-3.23000000e+00  7.88564807e-05 
-3.24000000e+00  7.92589127e-05 
-3.25000000e+00  7.96613447e-05 
-3.26000000e+00  8.00637767e-05 
-3.27000000e+00  8.04662087e-05 
-3.28000000e+00  8.08686407e-05 
-3.29000000e+00  8.12710727e-05 
-3.30000000e+00  8.16735047e-05 
-3.31000000e+00  8.20759367e-05 
-3.32000000e+00  8.24783687e-05 
-3.33000000e+00  8.28808007e-05 
-3.34000000e+00  8.32832327e-05 
-3.35000000e+00  8.36856647e-05 
-3.36000000e+00  8.40880967e-05 
-3.37000000e+00  8.44905287e-05 
-3.38000000e+00  8.48929607e-05 
-3.39000000e+00  8.52953927e-05 
-3.40000000e+00  8.56978247e-05 
-3.41000000e+00  8.61002567e-05 
-3.42000000e+00  8.65026887e-05 
-3.43000000e+00  8.69051207e-05 
-3.44000000e+00  8.73075527e-05 
-3.45000000e+00  8.77099847e-05 
-3.46000000e+00  8.81124167e-05 
-3.47000000e+00  8.85148487e-05 
-3.48000000e+00  8.89172807e-05 
-3.49000000e+00  8.93197127e-05 
-3.50000000e+00  8.97221447e-05 
-3.51000000e+00  9.01245767e-05 
-3.52000000e+00  9.05270087e-05 
-3.53000000e+00  9.09294407e-05 
-3.54000000e+00  9.13318727e-05 
-3.55000000e+00  9.17343047e-05 
-3.56000000e+00  9.21367367e-05 
-3.57000000e+00  9.25391687e-05 
-3.58000000e+00  9.29416007e-05 
-3.59000000e+00  9.33440327e-05 
-3.60000000e+00  9.37464647e-05 
-3.61000000e+00  9.41488967e-05 
-3.62000000e+00  9.45513287e-05 
-3.63000000e+00  9.49537607e-05 
-3.64000000e+00  9.53561927e-05 
-3.65000000e+00  9.57586247e-05 
-3.66000000e+00  9.61610567e-05 
-3.67000000e+00  9.65634887e-05 
-3.68000000e+00  9.69659207e-05 
-3.69000000e+00  9.73683527e-05 
-3.70000000e+00  9.77707847e-05 
-3.71000000e+00  9.81732167e-05 
-3.72000000e+00  9.85756487e-05 
-3.73000000e+00  9.89780807e-05 
-3.74000000e+00  9.93805127e-05 
-3.75000000e+00  9.97829447e-05 
-3.76000000e+00  1.00185377e-04 
-3.77000000e+00  1.00587809e-04 
-3.78000000e+00  1.00990241e-04 
-3.79000000e+00  1.01392673e-04 
-3.80000000e+00  1.01795105e-04 
-3.81000000e+00  1.02197537e-04 
-3.82000000e+00  1.02599969e-04 
-3.83000000e+00  1.03002401e-04 
-3.84000000e+00  1.03404833e-04 
-3.85000000e+00  1.03807265e-04 
-3.86000000e+00  1.04209697e-04 
-3.87000000e+00  1.04612129e-04 
-3.88000000e+00  1.05014561e-04 
-3.89000000e+00  1.05416993e-04 
-3.90000000e+00  1.05819425e-04 
-3.91000000e+00  1.06221857e-04 
-3.92000000e+00  1.06624289e-04 
-3.93000000e+00  1.07026721e-04 
-3.94000000e+00  1.07429153e-04 
-3.95000000e+00  1.07831585e-04 
-3.96000000e+00  1.08234017e-04 
-3.97000000e+00  1.08636449e-04 
-3.98000000e+00  1.09038881e-04 
-3.99000000e+00  1.09441313e-04 
-4.00000000e+00  1.09843745e-04 
-4.01000000e+00  1.10246177e-04 
-4.02000000e+00  1.10648609e-04 
-4.03000000e+00  1.11051041e-04 
-4.04000000e+00  1.11453473e-04 
-4.05000000e+00  1.11855905e-04 
-4.06000000e+00  1.12258337e-04 
-4.07000000e+00  1.12660769e-04 
-4.08000000e+00  1.13063201e-04 
-4.09000000e+00  1.13465633e-04 
-4.10000000e+00  1.13868065e-04 
-4.11000000e+00  1.14270497e-04 
-4.12000000e+00  1.14672929e-04 
-4.13000000e+00  1.15075361e-04 
-4.14000000e+00  1.15477793e-04 
-4.15000000e+00  1.15880225e-04 
-4.16000000e+00  1.16282657e-04 
-4.17000000e+00  1.16685089e-04 
-4.18000000e+00  1.17087521e-04 
-4.19000000e+00  1.17489953e-04 
-4.20000000e+00  1.17892385e-04 
-4.21000000e+00  1.18294817e-04 
-4.22000000e+00  1.18697249e-04 
-4.23000000e+00  1.19099681e-04 
-4.24000000e+00  1.19502113e-04 
-4.25000000e+00  1.19904545e-04 
-4.26000000e+00  1.20306977e-04 
-4.27000000e+00  1.20709409e-04 
-4.28000000e+00  1.21111841e-04 
-4.29000000e+00  1.21514273e-04 
-4.30000000e+00  1.21916705e-04 
-4.31000000e+00  1.22319137e-04 
-4.32000000e+00  1.22721569e-04 
-4.33000000e+00  1.23124001e-04 
-4.34000000e+00  1.23526433e-04 
-4.35000000e+00  1.23928865e-04 
-4.36000000e+00  1.24331297e-04 
-4.37000000e+00  1.24733729e-04 
-4.38000000e+00  1.25136161e-04 
-4.39000000e+00  1.25538593e-04 
-4.40000000e+00  1.25941025e-04 
-4.41000000e+00  1.26343457e-04 
-4.42000000e+00  1.26745889e-04 
-4.43000000e+00  1.27148321e-04 
-4.44000000e+00  1.27550753e-04 
-4.45000000e+00  1.27953185e-04 
-4.46000000e+00  1.28355617e-04 
-4.47000000e+00  1.28758049e-04 
-4.48000000e+00  1.29160481e-04 
-4.49000000e+00  1.29562913e-04 
-4.50000000e+00  1.29965345e-04 
-4.51000000e+00  1.30367777e-04 
-4.52000000e+00  1.30770209e-04 
-4.53000000e+00  1.31172641e-04 
-4.54000000e+00  1.31575073e-04 
-4.55000000e+00  1.31977505e-04 
-4.56000000e+00  1.32379937e-04 
-4.57000000e+00  1.32782369e-04 
-4.58000000e+00  1.33184801e-04 
-4.59000000e+00  1.33587233e-04 
-4.60000000e+00  1.33989665e-04 
-4.61000000e+00  1.34392097e-04 
-4.62000000e+00  1.34794529e-04 
-4.63000000e+00  1.35196961e-04 
-4.64000000e+00  1.35599393e-04 
-4.65000000e+00  1.36001825e-04 
-4.66000000e+00  1.36404257e-04 
-4.67000000e+00  1.36806689e-04 
-4.68000000e+00  1.37209121e-04 
-4.69000000e+00  1.37611553e-04 
-4.70000000e+00  1.38013985e-04 
-4.71000000e+00  1.38416417e-04 
-4.72000000e+00  1.38818849e-04 
-4.73000000e+00  1.39221281e-04 
-4.74000000e+00  1.39623713e-04 
-4.75000000e+00  1.40026145e-04 
-4.76000000e+00  1.40428577e-04 
-4.77000000e+00  1.40831009e-04 
-4.78000000e+00  1.41233441e-04 
-4.79000000e+00  1.41635873e-04 
-4.80000000e+00  1.42038305e-04 
-4.81000000e+00  1.42440737e-04 
-4.82000000e+00  1.42843169e-04 
-4.83000000e+00  1.43245601e-04 
-4.84000000e+00  1.43648033e-04 
-4.85000000e+00  1.44050465e-04 
-4.86000000e+00  1.44452897e-04 
-4.87000000e+00  1.44855329e-04 
-4.88000000e+00  1.45257761e-04 
-4.89000000e+00  1.45660193e-04 
-4.90000000e+00  1.46062625e-04 
-4.91000000e+00  1.46465057e-04 
-4.92000000e+00  1.46867489e-04 
-4.93000000e+00  1.47269921e-04 
-4.94000000e+00  1.47672353e-04 
-4.95000000e+00  1.48074785e-04 
-4.96000000e+00  1.48477217e-04 
-4.97000000e+00  1.48879649e-04 
-4.98000000e+00  1.49282081e-04 
-4.99000000e+00  1.49684513e-04 
-5.00000000e+00  1.50086945e-04 
