 0.00000000e+00  3.21000000e-12 
-1.00000000e-02  3.21000000e-12 
-2.00000000e-02  3.21000000e-12 
-3.00000000e-02  3.21000000e-12 
-4.00000000e-02  3.21000000e-12 
-5.00000000e-02  3.21000000e-12 
-6.00000000e-02  3.21000000e-12 
-7.00000000e-02  3.21000000e-12 
-8.00000000e-02  3.21000000e-12 
-9.00000000e-02  3.21000000e-12 
-1.00000000e-01  3.21000000e-12 
-1.10000000e-01  3.21000000e-12 
-1.20000000e-01  3.21000000e-12 
-1.30000000e-01  3.21000000e-12 
-1.40000000e-01  3.21000000e-12 
-1.50000000e-01  3.21000000e-12 
-1.60000000e-01  3.21000000e-12 
-1.70000000e-01  3.21000000e-12 
-1.80000000e-01  3.21000000e-12 
-1.90000000e-01  3.21000000e-12 
-2.00000000e-01  3.21000000e-12 
-2.10000000e-01  3.21000000e-12 
-2.20000000e-01  3.21000000e-12 
-2.30000000e-01  3.21000000e-12 
-2.40000000e-01  3.21000000e-12 
-2.50000000e-01  3.21000000e-12 
-2.60000000e-01  3.21000000e-12 
-2.70000000e-01  3.21000000e-12 
-2.80000000e-01  3.21000000e-12 
-2.90000000e-01  3.21000000e-12 
-3.00000000e-01  3.21000000e-12 
-3.10000000e-01  3.21000000e-12 
-3.20000000e-01  3.21000000e-12 
-3.30000000e-01  3.21000000e-12 
-3.40000000e-01  3.21000000e-12 
-3.50000000e-01  3.21000000e-12 
-3.60000000e-01  3.21000000e-12 
-3.70000000e-01  3.21000000e-12 
-3.80000000e-01  3.21000000e-12 
-3.90000000e-01  3.21000000e-12 
-4.00000000e-01  3.21000000e-12 
-4.10000000e-01  3.21000000e-12 
-4.20000000e-01  3.21000000e-12 
-4.30000000e-01  3.21000000e-12 
-4.40000000e-01  3.21000000e-12 
-4.50000000e-01  3.21000000e-12 
-4.60000000e-01  3.21000000e-12 
-4.70000000e-01  3.21000000e-12 
-4.80000000e-01  3.21000000e-12 
-4.90000000e-01  3.21000000e-12 
-5.00000000e-01  3.21000000e-12 
-5.10000000e-01  3.21000000e-12 
-5.20000000e-01  3.21000000e-12 
-5.30000000e-01  3.21000000e-12 
-5.40000000e-01  3.21000000e-12 
-5.50000000e-01  3.21000000e-12 
-5.60000000e-01  3.21000000e-12 
-5.70000000e-01  3.21000000e-12 
-5.80000000e-01  3.21000000e-12 
-5.90000000e-01  3.21000000e-12 
-6.00000000e-01  3.21000000e-12 
-6.10000000e-01  3.21000000e-12 
-6.20000000e-01  3.21000000e-12 
-6.30000000e-01  3.21000000e-12 
-6.40000000e-01  3.21000000e-12 
-6.50000000e-01  3.21000000e-12 
-6.60000000e-01  3.21000000e-12 
-6.70000000e-01  3.21000000e-12 
-6.80000000e-01  3.21000000e-12 
-6.90000000e-01  3.21000000e-12 
-7.00000000e-01  3.21000000e-12 
-7.10000000e-01  3.21000000e-12 
-7.20000000e-01  3.21000000e-12 
-7.30000000e-01  3.21000000e-12 
-7.40000000e-01  3.21000000e-12 
-7.50000000e-01  3.21000000e-12 
-7.60000000e-01  3.21000000e-12 
-7.70000000e-01  3.21000000e-12 
-7.80000000e-01  3.21000000e-12 
-7.90000000e-01  3.21000000e-12 
-8.00000000e-01  3.21000000e-12 
-8.10000000e-01  3.21000000e-12 
-8.20000000e-01  3.21000000e-12 
-8.30000000e-01  3.21000000e-12 
-8.40000000e-01  3.21000000e-12 
-8.50000000e-01  3.21000000e-12 
-8.60000000e-01  3.21000000e-12 
-8.70000000e-01  3.21000000e-12 
-8.80000000e-01  3.21000000e-12 
-8.90000000e-01  3.21000000e-12 
-9.00000000e-01  3.21000000e-12 
-9.10000000e-01  3.21000000e-12 
-9.20000000e-01  3.21000000e-12 
-9.30000000e-01  3.21000000e-12 
-9.40000000e-01  3.21000000e-12 
-9.50000000e-01  3.21000000e-12 
-9.60000000e-01  3.21000000e-12 
-9.70000000e-01  3.21000000e-12 
-9.80000000e-01  3.21000000e-12 
-9.90000000e-01  3.21000000e-12 
-1.00000000e+00  3.21000000e-12 
-1.01000000e+00  3.21000000e-12 
-1.02000000e+00  3.21000000e-12 
-1.03000000e+00  3.21000000e-12 
-1.04000000e+00  3.21000000e-12 
-1.05000000e+00  3.21000000e-12 
-1.06000000e+00  3.21000000e-12 
-1.07000000e+00  3.21000000e-12 
-1.08000000e+00  3.21000000e-12 
-1.09000000e+00  3.21000000e-12 
-1.10000000e+00  3.21000000e-12 
-1.11000000e+00  3.21000000e-12 
-1.12000000e+00  3.21000000e-12 
-1.13000000e+00  3.21000000e-12 
-1.14000000e+00  3.21000000e-12 
-1.15000000e+00  3.21000000e-12 
-1.16000000e+00  3.21000000e-12 
-1.17000000e+00  3.21000000e-12 
-1.18000000e+00  3.21000000e-12 
-1.19000000e+00  3.21000000e-12 
-1.20000000e+00  3.21000000e-12 
-1.21000000e+00  3.21000000e-12 
-1.22000000e+00  3.21000000e-12 
-1.23000000e+00  3.21000000e-12 
-1.24000000e+00  3.21000000e-12 
-1.25000000e+00  3.21000000e-12 
-1.26000000e+00  3.21000000e-12 
-1.27000000e+00  3.21000000e-12 
-1.28000000e+00  3.21000000e-12 
-1.29000000e+00  3.21000000e-12 
-1.30000000e+00  2.80879154e-09 
-1.31000000e+00  2.34952952e-08 
-1.32000000e+00  6.43033989e-08 
-1.33000000e+00  1.25233103e-07 
-1.34000000e+00  2.06284406e-07 
-1.35000000e+00  3.07457310e-07 
-1.36000000e+00  4.28751814e-07 
-1.37000000e+00  5.70167917e-07 
-1.38000000e+00  7.31705621e-07 
-1.39000000e+00  9.13364925e-07 
-1.40000000e+00  1.11514583e-06 
-1.41000000e+00  1.33704833e-06 
-1.42000000e+00  1.57907244e-06 
-1.43000000e+00  1.84121814e-06 
-1.44000000e+00  2.12348544e-06 
-1.45000000e+00  2.42587435e-06 
-1.46000000e+00  2.74838485e-06 
-1.47000000e+00  3.09101695e-06 
-1.48000000e+00  3.45377066e-06 
-1.49000000e+00  3.83664596e-06 
-1.50000000e+00  4.23683728e-06 
-1.51000000e+00  4.63926928e-06 
-1.52000000e+00  5.04170128e-06 
-1.53000000e+00  5.44413328e-06 
-1.54000000e+00  5.84656528e-06 
-1.55000000e+00  6.24899728e-06 
-1.56000000e+00  6.65142928e-06 
-1.57000000e+00  7.05386128e-06 
-1.58000000e+00  7.45629328e-06 
-1.59000000e+00  7.85872528e-06 
-1.60000000e+00  8.26115728e-06 
-1.61000000e+00  8.66358928e-06 
-1.62000000e+00  9.06602128e-06 
-1.63000000e+00  9.46845328e-06 
-1.64000000e+00  9.87088528e-06 
-1.65000000e+00  1.02733173e-05 
-1.66000000e+00  1.06757493e-05 
-1.67000000e+00  1.10781813e-05 
-1.68000000e+00  1.14806133e-05 
-1.69000000e+00  1.18830453e-05 
-1.70000000e+00  1.22854773e-05 
-1.71000000e+00  1.26879093e-05 
-1.72000000e+00  1.30903413e-05 
-1.73000000e+00  1.34927733e-05 
-1.74000000e+00  1.38952053e-05 
-1.75000000e+00  1.42976373e-05 
-1.76000000e+00  1.47000693e-05 
-1.77000000e+00  1.51025013e-05 
-1.78000000e+00  1.55049333e-05 
-1.79000000e+00  1.59073653e-05 
-1.80000000e+00  1.63097973e-05 
-1.81000000e+00  1.67122293e-05 
-1.82000000e+00  1.71146613e-05 
-1.83000000e+00  1.75170933e-05 
-1.84000000e+00  1.79195253e-05 
-1.85000000e+00  1.83219573e-05 
-1.86000000e+00  1.87243893e-05 
-1.87000000e+00  1.91268213e-05 
-1.88000000e+00  1.95292533e-05 
-1.89000000e+00  1.99316853e-05 
-1.90000000e+00  2.03341173e-05 
-1.91000000e+00  2.07365493e-05 
-1.92000000e+00  2.11389813e-05 
-1.93000000e+00  2.15414133e-05 
-1.94000000e+00  2.19438453e-05 
-1.95000000e+00  2.23462773e-05 
-1.96000000e+00  2.27487093e-05 
-1.97000000e+00  2.31511413e-05 
-1.98000000e+00  2.35535733e-05 
-1.99000000e+00  2.39560053e-05 
-2.00000000e+00  2.43584373e-05 
-2.01000000e+00  2.47608693e-05 
-2.02000000e+00  2.51633013e-05 
-2.03000000e+00  2.55657333e-05 
-2.04000000e+00  2.59681653e-05 
-2.05000000e+00  2.63705973e-05 
-2.06000000e+00  2.67730293e-05 
-2.07000000e+00  2.71754613e-05 
-2.08000000e+00  2.75778933e-05 
-2.09000000e+00  2.79803253e-05 
-2.10000000e+00  2.83827573e-05 
-2.11000000e+00  2.87851893e-05 
-2.12000000e+00  2.91876213e-05 
-2.13000000e+00  2.95900533e-05 
-2.14000000e+00  2.99924853e-05 
-2.15000000e+00  3.03949173e-05 
-2.16000000e+00  3.07973493e-05 
-2.17000000e+00  3.11997813e-05 
-2.18000000e+00  3.16022133e-05 
-2.19000000e+00  3.20046453e-05 
-2.20000000e+00  3.24070773e-05 
-2.21000000e+00  3.28095093e-05 
-2.22000000e+00  3.32119413e-05 
-2.23000000e+00  3.36143733e-05 
-2.24000000e+00  3.40168053e-05 
-2.25000000e+00  3.44192373e-05 
-2.26000000e+00  3.48216693e-05 
-2.27000000e+00  3.52241013e-05 
-2.28000000e+00  3.56265333e-05 
-2.29000000e+00  3.60289653e-05 
-2.30000000e+00  3.64313973e-05 
-2.31000000e+00  3.68338293e-05 
-2.32000000e+00  3.72362613e-05 
-2.33000000e+00  3.76386933e-05 
-2.34000000e+00  3.80411253e-05 
-2.35000000e+00  3.84435573e-05 
-2.36000000e+00  3.88459893e-05 
-2.37000000e+00  3.92484213e-05 
-2.38000000e+00  3.96508533e-05 
-2.39000000e+00  4.00532853e-05 
-2.40000000e+00  4.04557173e-05 
-2.41000000e+00  4.08581493e-05 
-2.42000000e+00  4.12605813e-05 
-2.43000000e+00  4.16630133e-05 
-2.44000000e+00  4.20654453e-05 
-2.45000000e+00  4.24678773e-05 
-2.46000000e+00  4.28703093e-05 
-2.47000000e+00  4.32727413e-05 
-2.48000000e+00  4.36751733e-05 
-2.49000000e+00  4.40776053e-05 
-2.50000000e+00  4.44800373e-05 
-2.51000000e+00  4.48824693e-05 
-2.52000000e+00  4.52849013e-05 
-2.53000000e+00  4.56873333e-05 
-2.54000000e+00  4.60897653e-05 
-2.55000000e+00  4.64921973e-05 
-2.56000000e+00  4.68946293e-05 
-2.57000000e+00  4.72970613e-05 
-2.58000000e+00  4.76994933e-05 
-2.59000000e+00  4.81019253e-05 
-2.60000000e+00  4.85043573e-05 
-2.61000000e+00  4.89067893e-05 
-2.62000000e+00  4.93092213e-05 
-2.63000000e+00  4.97116533e-05 
-2.64000000e+00  5.01140853e-05 
-2.65000000e+00  5.05165173e-05 
-2.66000000e+00  5.09189493e-05 
-2.67000000e+00  5.13213813e-05 
-2.68000000e+00  5.17238133e-05 
-2.69000000e+00  5.21262453e-05 
-2.70000000e+00  5.25286773e-05 
-2.71000000e+00  5.29311093e-05 
-2.72000000e+00  5.33335413e-05 
-2.73000000e+00  5.37359733e-05 
-2.74000000e+00  5.41384053e-05 
-2.75000000e+00  5.45408373e-05 
-2.76000000e+00  5.49432693e-05 
-2.77000000e+00  5.53457013e-05 
-2.78000000e+00  5.57481333e-05 
-2.79000000e+00  5.61505653e-05 
-2.80000000e+00  5.65529973e-05 
-2.81000000e+00  5.69554293e-05 
-2.82000000e+00  5.73578613e-05 
-2.83000000e+00  5.77602933e-05 
-2.84000000e+00  5.81627253e-05 
-2.85000000e+00  5.85651573e-05 
-2.86000000e+00  5.89675893e-05 
-2.87000000e+00  5.93700213e-05 
-2.88000000e+00  5.97724533e-05 
-2.89000000e+00  6.01748853e-05 
-2.90000000e+00  6.05773173e-05 
-2.91000000e+00  6.09797493e-05 
-2.92000000e+00  6.13821813e-05 
-2.93000000e+00  6.17846133e-05 
-2.94000000e+00  6.21870453e-05 
-2.95000000e+00  6.25894773e-05 
-2.96000000e+00  6.29919093e-05 
-2.97000000e+00  6.33943413e-05 
-2.98000000e+00  6.37967733e-05 
-2.99000000e+00  6.41992053e-05 
-3.00000000e+00  6.46016373e-05 
-3.01000000e+00  6.50040693e-05 
-3.02000000e+00  6.54065013e-05 
-3.03000000e+00  6.58089333e-05 
-3.04000000e+00  6.62113653e-05 
-3.05000000e+00  6.66137973e-05 
-3.06000000e+00  6.70162293e-05 
-3.07000000e+00  6.74186613e-05 
-3.08000000e+00  6.78210933e-05 
-3.09000000e+00  6.82235253e-05 
-3.10000000e+00  6.86259573e-05 
-3.11000000e+00  6.90283893e-05 
-3.12000000e+00  6.94308213e-05 
-3.13000000e+00  6.98332533e-05 
-3.14000000e+00  7.02356853e-05 
-3.15000000e+00  7.06381173e-05 
-3.16000000e+00  7.10405493e-05 
-3.17000000e+00  7.14429813e-05 
-3.18000000e+00  7.18454133e-05 
-3.19000000e+00  7.22478453e-05 
-3.20000000e+00  7.26502773e-05 
-3.21000000e+00  7.30527093e-05 
-3.22000000e+00  7.34551413e-05 
-3.23000000e+00  7.38575733e-05 
-3.24000000e+00  7.42600053e-05 
-3.25000000e+00  7.46624373e-05 
-3.26000000e+00  7.50648693e-05 
-3.27000000e+00  7.54673013e-05 
-3.28000000e+00  7.58697333e-05 
-3.29000000e+00  7.62721653e-05 
-3.30000000e+00  7.66745973e-05 
-3.31000000e+00  7.70770293e-05 
-3.32000000e+00  7.74794613e-05 
-3.33000000e+00  7.78818933e-05 
-3.34000000e+00  7.82843253e-05 
-3.35000000e+00  7.86867573e-05 
-3.36000000e+00  7.90891893e-05 
-3.37000000e+00  7.94916213e-05 
-3.38000000e+00  7.98940533e-05 
-3.39000000e+00  8.02964853e-05 
-3.40000000e+00  8.06989173e-05 
-3.41000000e+00  8.11013493e-05 
-3.42000000e+00  8.15037813e-05 
-3.43000000e+00  8.19062133e-05 
-3.44000000e+00  8.23086453e-05 
-3.45000000e+00  8.27110773e-05 
-3.46000000e+00  8.31135093e-05 
-3.47000000e+00  8.35159413e-05 
-3.48000000e+00  8.39183733e-05 
-3.49000000e+00  8.43208053e-05 
-3.50000000e+00  8.47232373e-05 
-3.51000000e+00  8.51256693e-05 
-3.52000000e+00  8.55281013e-05 
-3.53000000e+00  8.59305333e-05 
-3.54000000e+00  8.63329653e-05 
-3.55000000e+00  8.67353973e-05 
-3.56000000e+00  8.71378293e-05 
-3.57000000e+00  8.75402613e-05 
-3.58000000e+00  8.79426933e-05 
-3.59000000e+00  8.83451253e-05 
-3.60000000e+00  8.87475573e-05 
-3.61000000e+00  8.91499893e-05 
-3.62000000e+00  8.95524213e-05 
-3.63000000e+00  8.99548533e-05 
-3.64000000e+00  9.03572853e-05 
-3.65000000e+00  9.07597173e-05 
-3.66000000e+00  9.11621493e-05 
-3.67000000e+00  9.15645813e-05 
-3.68000000e+00  9.19670133e-05 
-3.69000000e+00  9.23694453e-05 
-3.70000000e+00  9.27718773e-05 
-3.71000000e+00  9.31743093e-05 
-3.72000000e+00  9.35767413e-05 
-3.73000000e+00  9.39791733e-05 
-3.74000000e+00  9.43816053e-05 
-3.75000000e+00  9.47840373e-05 
-3.76000000e+00  9.51864693e-05 
-3.77000000e+00  9.55889013e-05 
-3.78000000e+00  9.59913333e-05 
-3.79000000e+00  9.63937653e-05 
-3.80000000e+00  9.67961973e-05 
-3.81000000e+00  9.71986293e-05 
-3.82000000e+00  9.76010613e-05 
-3.83000000e+00  9.80034933e-05 
-3.84000000e+00  9.84059253e-05 
-3.85000000e+00  9.88083573e-05 
-3.86000000e+00  9.92107893e-05 
-3.87000000e+00  9.96132213e-05 
-3.88000000e+00  1.00015653e-04 
-3.89000000e+00  1.00418085e-04 
-3.90000000e+00  1.00820517e-04 
-3.91000000e+00  1.01222949e-04 
-3.92000000e+00  1.01625381e-04 
-3.93000000e+00  1.02027813e-04 
-3.94000000e+00  1.02430245e-04 
-3.95000000e+00  1.02832677e-04 
-3.96000000e+00  1.03235109e-04 
-3.97000000e+00  1.03637541e-04 
-3.98000000e+00  1.04039973e-04 
-3.99000000e+00  1.04442405e-04 
-4.00000000e+00  1.04844837e-04 
-4.01000000e+00  1.05247269e-04 
-4.02000000e+00  1.05649701e-04 
-4.03000000e+00  1.06052133e-04 
-4.04000000e+00  1.06454565e-04 
-4.05000000e+00  1.06856997e-04 
-4.06000000e+00  1.07259429e-04 
-4.07000000e+00  1.07661861e-04 
-4.08000000e+00  1.08064293e-04 
-4.09000000e+00  1.08466725e-04 
-4.10000000e+00  1.08869157e-04 
-4.11000000e+00  1.09271589e-04 
-4.12000000e+00  1.09674021e-04 
-4.13000000e+00  1.10076453e-04 
-4.14000000e+00  1.10478885e-04 
-4.15000000e+00  1.10881317e-04 
-4.16000000e+00  1.11283749e-04 
-4.17000000e+00  1.11686181e-04 
-4.18000000e+00  1.12088613e-04 
-4.19000000e+00  1.12491045e-04 
-4.20000000e+00  1.12893477e-04 
-4.21000000e+00  1.13295909e-04 
-4.22000000e+00  1.13698341e-04 
-4.23000000e+00  1.14100773e-04 
-4.24000000e+00  1.14503205e-04 
-4.25000000e+00  1.14905637e-04 
-4.26000000e+00  1.15308069e-04 
-4.27000000e+00  1.15710501e-04 
-4.28000000e+00  1.16112933e-04 
-4.29000000e+00  1.16515365e-04 
-4.30000000e+00  1.16917797e-04 
-4.31000000e+00  1.17320229e-04 
-4.32000000e+00  1.17722661e-04 
-4.33000000e+00  1.18125093e-04 
-4.34000000e+00  1.18527525e-04 
-4.35000000e+00  1.18929957e-04 
-4.36000000e+00  1.19332389e-04 
-4.37000000e+00  1.19734821e-04 
-4.38000000e+00  1.20137253e-04 
-4.39000000e+00  1.20539685e-04 
-4.40000000e+00  1.20942117e-04 
-4.41000000e+00  1.21344549e-04 
-4.42000000e+00  1.21746981e-04 
-4.43000000e+00  1.22149413e-04 
-4.44000000e+00  1.22551845e-04 
-4.45000000e+00  1.22954277e-04 
-4.46000000e+00  1.23356709e-04 
-4.47000000e+00  1.23759141e-04 
-4.48000000e+00  1.24161573e-04 
-4.49000000e+00  1.24564005e-04 
-4.50000000e+00  1.24966437e-04 
-4.51000000e+00  1.25368869e-04 
-4.52000000e+00  1.25771301e-04 
-4.53000000e+00  1.26173733e-04 
-4.54000000e+00  1.26576165e-04 
-4.55000000e+00  1.26978597e-04 
-4.56000000e+00  1.27381029e-04 
-4.57000000e+00  1.27783461e-04 
-4.58000000e+00  1.28185893e-04 
-4.59000000e+00  1.28588325e-04 
-4.60000000e+00  1.28990757e-04 
-4.61000000e+00  1.29393189e-04 
-4.62000000e+00  1.29795621e-04 
-4.63000000e+00  1.30198053e-04 
-4.64000000e+00  1.30600485e-04 
-4.65000000e+00  1.31002917e-04 
-4.66000000e+00  1.31405349e-04 
-4.67000000e+00  1.31807781e-04 
-4.68000000e+00  1.32210213e-04 
-4.69000000e+00  1.32612645e-04 
-4.70000000e+00  1.33015077e-04 
-4.71000000e+00  1.33417509e-04 
-4.72000000e+00  1.33819941e-04 
-4.73000000e+00  1.34222373e-04 
-4.74000000e+00  1.34624805e-04 
-4.75000000e+00  1.35027237e-04 
-4.76000000e+00  1.35429669e-04 
-4.77000000e+00  1.35832101e-04 
-4.78000000e+00  1.36234533e-04 
-4.79000000e+00  1.36636965e-04 
-4.80000000e+00  1.37039397e-04 
-4.81000000e+00  1.37441829e-04 
-4.82000000e+00  1.37844261e-04 
-4.83000000e+00  1.38246693e-04 
-4.84000000e+00  1.38649125e-04 
-4.85000000e+00  1.39051557e-04 
-4.86000000e+00  1.39453989e-04 
-4.87000000e+00  1.39856421e-04 
-4.88000000e+00  1.40258853e-04 
-4.89000000e+00  1.40661285e-04 
-4.90000000e+00  1.41063717e-04 
-4.91000000e+00  1.41466149e-04 
-4.92000000e+00  1.41868581e-04 
-4.93000000e+00  1.42271013e-04 
-4.94000000e+00  1.42673445e-04 
-4.95000000e+00  1.43075877e-04 
-4.96000000e+00  1.43478309e-04 
-4.97000000e+00  1.43880741e-04 
-4.98000000e+00  1.44283173e-04 
-4.99000000e+00  1.44685605e-04 
-5.00000000e+00  1.45088037e-04 
