 0.00000000e+00  4.21000000e-12 
-1.00000000e-02  4.21000000e-12 
-2.00000000e-02  4.21000000e-12 
-3.00000000e-02  4.21000000e-12 
-4.00000000e-02  4.21000000e-12 
-5.00000000e-02  4.21000000e-12 
-6.00000000e-02  4.21000000e-12 
-7.00000000e-02  4.21000000e-12 
-8.00000000e-02  4.21000000e-12 
-9.00000000e-02  4.21000000e-12 
-1.00000000e-01  4.21000000e-12 
-1.10000000e-01  4.21000000e-12 
-1.20000000e-01  4.21000000e-12 
-1.30000000e-01  4.21000000e-12 
-1.40000000e-01  4.21000000e-12 
-1.50000000e-01  4.21000000e-12 
-1.60000000e-01  4.21000000e-12 
-1.70000000e-01  4.21000000e-12 
-1.80000000e-01  4.21000000e-12 
-1.90000000e-01  4.21000000e-12 
-2.00000000e-01  4.21000000e-12 
-2.10000000e-01  4.21000000e-12 
-2.20000000e-01  4.21000000e-12 
-2.30000000e-01  4.21000000e-12 
-2.40000000e-01  4.21000000e-12 
-2.50000000e-01  4.21000000e-12 
-2.60000000e-01  4.21000000e-12 
-2.70000000e-01  4.21000000e-12 
-2.80000000e-01  4.21000000e-12 
-2.90000000e-01  4.21000000e-12 
-3.00000000e-01  4.21000000e-12 
-3.10000000e-01  4.21000000e-12 
-3.20000000e-01  4.21000000e-12 
-3.30000000e-01  4.21000000e-12 
-3.40000000e-01  4.21000000e-12 
-3.50000000e-01  4.21000000e-12 
-3.60000000e-01  4.21000000e-12 
-3.70000000e-01  4.21000000e-12 
-3.80000000e-01  4.21000000e-12 
-3.90000000e-01  4.21000000e-12 
-4.00000000e-01  4.21000000e-12 
-4.10000000e-01  4.21000000e-12 
-4.20000000e-01  4.21000000e-12 
-4.30000000e-01  4.21000000e-12 
-4.40000000e-01  4.21000000e-12 
-4.50000000e-01  4.21000000e-12 
-4.60000000e-01  4.21000000e-12 
-4.70000000e-01  4.21000000e-12 
-4.80000000e-01  4.21000000e-12 
-4.90000000e-01  4.21000000e-12 
-5.00000000e-01  4.21000000e-12 
-5.10000000e-01  4.21000000e-12 
-5.20000000e-01  4.21000000e-12 
-5.30000000e-01  4.21000000e-12 
-5.40000000e-01  4.21000000e-12 
-5.50000000e-01  4.21000000e-12 
-5.60000000e-01  4.21000000e-12 
-5.70000000e-01  4.21000000e-12 
-5.80000000e-01  4.21000000e-12 
-5.90000000e-01  4.21000000e-12 
-6.00000000e-01  4.21000000e-12 
-6.10000000e-01  4.21000000e-12 
-6.20000000e-01  4.21000000e-12 
-6.30000000e-01  4.21000000e-12 
-6.40000000e-01  4.21000000e-12 
-6.50000000e-01  4.21000000e-12 
-6.60000000e-01  4.21000000e-12 
-6.70000000e-01  4.21000000e-12 
-6.80000000e-01  4.21000000e-12 
-6.90000000e-01  4.21000000e-12 
-7.00000000e-01  4.21000000e-12 
-7.10000000e-01  4.21000000e-12 
-7.20000000e-01  4.21000000e-12 
-7.30000000e-01  4.21000000e-12 
-7.40000000e-01  4.21000000e-12 
-7.50000000e-01  4.21000000e-12 
-7.60000000e-01  4.21000000e-12 
-7.70000000e-01  4.21000000e-12 
-7.80000000e-01  4.21000000e-12 
-7.90000000e-01  4.21000000e-12 
-8.00000000e-01  4.21000000e-12 
-8.10000000e-01  4.21000000e-12 
-8.20000000e-01  4.21000000e-12 
-8.30000000e-01  4.21000000e-12 
-8.40000000e-01  4.21000000e-12 
-8.50000000e-01  4.21000000e-12 
-8.60000000e-01  4.21000000e-12 
-8.70000000e-01  4.21000000e-12 
-8.80000000e-01  4.21000000e-12 
-8.90000000e-01  4.21000000e-12 
-9.00000000e-01  4.21000000e-12 
-9.10000000e-01  4.21000000e-12 
-9.20000000e-01  4.21000000e-12 
-9.30000000e-01  4.21000000e-12 
-9.40000000e-01  4.21000000e-12 
-9.50000000e-01  4.21000000e-12 
-9.60000000e-01  4.21000000e-12 
-9.70000000e-01  4.21000000e-12 
-9.80000000e-01  4.21000000e-12 
-9.90000000e-01  4.21000000e-12 
-1.00000000e+00  4.21000000e-12 
-1.01000000e+00  4.21000000e-12 
-1.02000000e+00  4.21000000e-12 
-1.03000000e+00  4.21000000e-12 
-1.04000000e+00  4.21000000e-12 
-1.05000000e+00  4.21000000e-12 
-1.06000000e+00  4.21000000e-12 
-1.07000000e+00  4.21000000e-12 
-1.08000000e+00  4.21000000e-12 
-1.09000000e+00  4.21000000e-12 
-1.10000000e+00  4.21000000e-12 
-1.11000000e+00  4.21000000e-12 
-1.12000000e+00  4.21000000e-12 
-1.13000000e+00  4.21000000e-12 
-1.14000000e+00  4.21000000e-12 
-1.15000000e+00  4.21000000e-12 
-1.16000000e+00  4.21000000e-12 
-1.17000000e+00  4.21000000e-12 
-1.18000000e+00  4.21000000e-12 
-1.19000000e+00  4.21000000e-12 
-1.20000000e+00  4.21000000e-12 
-1.21000000e+00  4.21000000e-12 
-1.22000000e+00  4.21000000e-12 
-1.23000000e+00  4.21000000e-12 
-1.24000000e+00  4.21000000e-12 
-1.25000000e+00  4.21000000e-12 
-1.26000000e+00  4.21000000e-12 
-1.27000000e+00  4.21000000e-12 
-1.28000000e+00  4.21000000e-12 
-1.29000000e+00  4.21000000e-12 
-1.30000000e+00  4.21000000e-12 
-1.31000000e+00  4.21000000e-12 
-1.32000000e+00  4.21000000e-12 
-1.33000000e+00  4.21000000e-12 
-1.34000000e+00  4.21000000e-12 
-1.35000000e+00  4.21000000e-12 
-1.36000000e+00  4.21000000e-12 
-1.37000000e+00  4.21000000e-12 
-1.38000000e+00  4.21000000e-12 
-1.39000000e+00  4.21000000e-12 
-1.40000000e+00  4.21000000e-12 
-1.41000000e+00  4.37558919e-09 
-1.42000000e+00  2.76998083e-08 
-1.43000000e+00  7.11456275e-08 
-1.44000000e+00  1.34713047e-07 
-1.45000000e+00  2.18402066e-07 
-1.46000000e+00  3.22212685e-07 
-1.47000000e+00  4.46144904e-07 
-1.48000000e+00  5.90198723e-07 
-1.49000000e+00  7.54374142e-07 
-1.50000000e+00  9.38671161e-07 
-1.51000000e+00  1.14308978e-06 
-1.52000000e+00  1.36763000e-06 
-1.53000000e+00  1.61229182e-06 
-1.54000000e+00  1.87707524e-06 
-1.55000000e+00  2.16198026e-06 
-1.56000000e+00  2.46700688e-06 
-1.57000000e+00  2.79215510e-06 
-1.58000000e+00  3.13742491e-06 
-1.59000000e+00  3.50281633e-06 
-1.60000000e+00  3.88832935e-06 
-1.61000000e+00  4.28959259e-06 
-1.62000000e+00  4.69202459e-06 
-1.63000000e+00  5.09445659e-06 
-1.64000000e+00  5.49688859e-06 
-1.65000000e+00  5.89932059e-06 
-1.66000000e+00  6.30175259e-06 
-1.67000000e+00  6.70418459e-06 
-1.68000000e+00  7.10661659e-06 
-1.69000000e+00  7.50904859e-06 
-1.70000000e+00  7.91148059e-06 
-1.71000000e+00  8.31391259e-06 
-1.72000000e+00  8.71634459e-06 
-1.73000000e+00  9.11877659e-06 
-1.74000000e+00  9.52120859e-06 
-1.75000000e+00  9.92364059e-06 
-1.76000000e+00  1.03260726e-05 
-1.77000000e+00  1.07285046e-05 
-1.78000000e+00  1.11309366e-05 
-1.79000000e+00  1.15333686e-05 
-1.80000000e+00  1.19358006e-05 
-1.81000000e+00  1.23382326e-05 
-1.82000000e+00  1.27406646e-05 
-1.83000000e+00  1.31430966e-05 
-1.84000000e+00  1.35455286e-05 
-1.85000000e+00  1.39479606e-05 
-1.86000000e+00  1.43503926e-05 
-1.87000000e+00  1.47528246e-05 
-1.88000000e+00  1.51552566e-05 
-1.89000000e+00  1.55576886e-05 
-1.90000000e+00  1.59601206e-05 
-1.91000000e+00  1.63625526e-05 
-1.92000000e+00  1.67649846e-05 
-1.93000000e+00  1.71674166e-05 
-1.94000000e+00  1.75698486e-05 
-1.95000000e+00  1.79722806e-05 
-1.96000000e+00  1.83747126e-05 
-1.97000000e+00  1.87771446e-05 
-1.98000000e+00  1.91795766e-05 
-1.99000000e+00  1.95820086e-05 
-2.00000000e+00  1.99844406e-05 
-2.01000000e+00  2.03868726e-05 
-2.02000000e+00  2.07893046e-05 
-2.03000000e+00  2.11917366e-05 
-2.04000000e+00  2.15941686e-05 
-2.05000000e+00  2.19966006e-05 
-2.06000000e+00  2.23990326e-05 
-2.07000000e+00  2.28014646e-05 
-2.08000000e+00  2.32038966e-05 
-2.09000000e+00  2.36063286e-05 
-2.10000000e+00  2.40087606e-05 
-2.11000000e+00  2.44111926e-05 
-2.12000000e+00  2.48136246e-05 
-2.13000000e+00  2.52160566e-05 
-2.14000000e+00  2.56184886e-05 
-2.15000000e+00  2.60209206e-05 
-2.16000000e+00  2.64233526e-05 
-2.17000000e+00  2.68257846e-05 
-2.18000000e+00  2.72282166e-05 
-2.19000000e+00  2.76306486e-05 
-2.20000000e+00  2.80330806e-05 
-2.21000000e+00  2.84355126e-05 
-2.22000000e+00  2.88379446e-05 
-2.23000000e+00  2.92403766e-05 
-2.24000000e+00  2.96428086e-05 
-2.25000000e+00  3.00452406e-05 
-2.26000000e+00  3.04476726e-05 
-2.27000000e+00  3.08501046e-05 
-2.28000000e+00  3.12525366e-05 
-2.29000000e+00  3.16549686e-05 
-2.30000000e+00  3.20574006e-05 
-2.31000000e+00  3.24598326e-05 
-2.32000000e+00  3.28622646e-05 
-2.33000000e+00  3.32646966e-05 
-2.34000000e+00  3.36671286e-05 
-2.35000000e+00  3.40695606e-05 
-2.36000000e+00  3.44719926e-05 
-2.37000000e+00  3.48744246e-05 
-2.38000000e+00  3.52768566e-05 
-2.39000000e+00  3.56792886e-05 
-2.40000000e+00  3.60817206e-05 
-2.41000000e+00  3.64841526e-05 
-2.42000000e+00  3.68865846e-05 
-2.43000000e+00  3.72890166e-05 
-2.44000000e+00  3.76914486e-05 
-2.45000000e+00  3.80938806e-05 
-2.46000000e+00  3.84963126e-05 
-2.47000000e+00  3.88987446e-05 
-2.48000000e+00  3.93011766e-05 
-2.49000000e+00  3.97036086e-05 
-2.50000000e+00  4.01060406e-05 
-2.51000000e+00  4.05084726e-05 
-2.52000000e+00  4.09109046e-05 
-2.53000000e+00  4.13133366e-05 
-2.54000000e+00  4.17157686e-05 
-2.55000000e+00  4.21182006e-05 
-2.56000000e+00  4.25206326e-05 
-2.57000000e+00  4.29230646e-05 
-2.58000000e+00  4.33254966e-05 
-2.59000000e+00  4.37279286e-05 
-2.60000000e+00  4.41303606e-05 
-2.61000000e+00  4.45327926e-05 
-2.62000000e+00  4.49352246e-05 
-2.63000000e+00  4.53376566e-05 
-2.64000000e+00  4.57400886e-05 
-2.65000000e+00  4.61425206e-05 
-2.66000000e+00  4.65449526e-05 
-2.67000000e+00  4.69473846e-05 
-2.68000000e+00  4.73498166e-05 
-2.69000000e+00  4.77522486e-05 
-2.70000000e+00  4.81546806e-05 
-2.71000000e+00  4.85571126e-05 
-2.72000000e+00  4.89595446e-05 
-2.73000000e+00  4.93619766e-05 
-2.74000000e+00  4.97644086e-05 
-2.75000000e+00  5.01668406e-05 
-2.76000000e+00  5.05692726e-05 
-2.77000000e+00  5.09717046e-05 
-2.78000000e+00  5.13741366e-05 
-2.79000000e+00  5.17765686e-05 
-2.80000000e+00  5.21790006e-05 
-2.81000000e+00  5.25814326e-05 
-2.82000000e+00  5.29838646e-05 
-2.83000000e+00  5.33862966e-05 
-2.84000000e+00  5.37887286e-05 
-2.85000000e+00  5.41911606e-05 
-2.86000000e+00  5.45935926e-05 
-2.87000000e+00  5.49960246e-05 
-2.88000000e+00  5.53984566e-05 
-2.89000000e+00  5.58008886e-05 
-2.90000000e+00  5.62033206e-05 
-2.91000000e+00  5.66057526e-05 
-2.92000000e+00  5.70081846e-05 
-2.93000000e+00  5.74106166e-05 
-2.94000000e+00  5.78130486e-05 
-2.95000000e+00  5.82154806e-05 
-2.96000000e+00  5.86179126e-05 
-2.97000000e+00  5.90203446e-05 
-2.98000000e+00  5.94227766e-05 
-2.99000000e+00  5.98252086e-05 
-3.00000000e+00  6.02276406e-05 
-3.01000000e+00  6.06300726e-05 
-3.02000000e+00  6.10325046e-05 
-3.03000000e+00  6.14349366e-05 
-3.04000000e+00  6.18373686e-05 
-3.05000000e+00  6.22398006e-05 
-3.06000000e+00  6.26422326e-05 
-3.07000000e+00  6.30446646e-05 
-3.08000000e+00  6.34470966e-05 
-3.09000000e+00  6.38495286e-05 
-3.10000000e+00  6.42519606e-05 
-3.11000000e+00  6.46543926e-05 
-3.12000000e+00  6.50568246e-05 
-3.13000000e+00  6.54592566e-05 
-3.14000000e+00  6.58616886e-05 
-3.15000000e+00  6.62641206e-05 
-3.16000000e+00  6.66665526e-05 
-3.17000000e+00  6.70689846e-05 
-3.18000000e+00  6.74714166e-05 
-3.19000000e+00  6.78738486e-05 
-3.20000000e+00  6.82762806e-05 
-3.21000000e+00  6.86787126e-05 
-3.22000000e+00  6.90811446e-05 
-3.23000000e+00  6.94835766e-05 
-3.24000000e+00  6.98860086e-05 
-3.25000000e+00  7.02884406e-05 
-3.26000000e+00  7.06908726e-05 
-3.27000000e+00  7.10933046e-05 
-3.28000000e+00  7.14957366e-05 
-3.29000000e+00  7.18981686e-05 
-3.30000000e+00  7.23006006e-05 
-3.31000000e+00  7.27030326e-05 
-3.32000000e+00  7.31054646e-05 
-3.33000000e+00  7.35078966e-05 
-3.34000000e+00  7.39103286e-05 
-3.35000000e+00  7.43127606e-05 
-3.36000000e+00  7.47151926e-05 
-3.37000000e+00  7.51176246e-05 
-3.38000000e+00  7.55200566e-05 
-3.39000000e+00  7.59224886e-05 
-3.40000000e+00  7.63249206e-05 
-3.41000000e+00  7.67273526e-05 
-3.42000000e+00  7.71297846e-05 
-3.43000000e+00  7.75322166e-05 
-3.44000000e+00  7.79346486e-05 
-3.45000000e+00  7.83370806e-05 
-3.46000000e+00  7.87395126e-05 
-3.47000000e+00  7.91419446e-05 
-3.48000000e+00  7.95443766e-05 
-3.49000000e+00  7.99468086e-05 
-3.50000000e+00  8.03492406e-05 
-3.51000000e+00  8.07516726e-05 
-3.52000000e+00  8.11541046e-05 
-3.53000000e+00  8.15565366e-05 
-3.54000000e+00  8.19589686e-05 
-3.55000000e+00  8.23614006e-05 
-3.56000000e+00  8.27638326e-05 
-3.57000000e+00  8.31662646e-05 
-3.58000000e+00  8.35686966e-05 
-3.59000000e+00  8.39711286e-05 
-3.60000000e+00  8.43735606e-05 
-3.61000000e+00  8.47759926e-05 
-3.62000000e+00  8.51784246e-05 
-3.63000000e+00  8.55808566e-05 
-3.64000000e+00  8.59832886e-05 
-3.65000000e+00  8.63857206e-05 
-3.66000000e+00  8.67881526e-05 
-3.67000000e+00  8.71905846e-05 
-3.68000000e+00  8.75930166e-05 
-3.69000000e+00  8.79954486e-05 
-3.70000000e+00  8.83978806e-05 
-3.71000000e+00  8.88003126e-05 
-3.72000000e+00  8.92027446e-05 
-3.73000000e+00  8.96051766e-05 
-3.74000000e+00  9.00076086e-05 
-3.75000000e+00  9.04100406e-05 
-3.76000000e+00  9.08124726e-05 
-3.77000000e+00  9.12149046e-05 
-3.78000000e+00  9.16173366e-05 
-3.79000000e+00  9.20197686e-05 
-3.80000000e+00  9.24222006e-05 
-3.81000000e+00  9.28246326e-05 
-3.82000000e+00  9.32270646e-05 
-3.83000000e+00  9.36294966e-05 
-3.84000000e+00  9.40319286e-05 
-3.85000000e+00  9.44343606e-05 
-3.86000000e+00  9.48367926e-05 
-3.87000000e+00  9.52392246e-05 
-3.88000000e+00  9.56416566e-05 
-3.89000000e+00  9.60440886e-05 
-3.90000000e+00  9.64465206e-05 
-3.91000000e+00  9.68489526e-05 
-3.92000000e+00  9.72513846e-05 
-3.93000000e+00  9.76538166e-05 
-3.94000000e+00  9.80562486e-05 
-3.95000000e+00  9.84586806e-05 
-3.96000000e+00  9.88611126e-05 
-3.97000000e+00  9.92635446e-05 
-3.98000000e+00  9.96659766e-05 
-3.99000000e+00  1.00068409e-04 
-4.00000000e+00  1.00470841e-04 
-4.01000000e+00  1.00873273e-04 
-4.02000000e+00  1.01275705e-04 
-4.03000000e+00  1.01678137e-04 
-4.04000000e+00  1.02080569e-04 
-4.05000000e+00  1.02483001e-04 
-4.06000000e+00  1.02885433e-04 
-4.07000000e+00  1.03287865e-04 
-4.08000000e+00  1.03690297e-04 
-4.09000000e+00  1.04092729e-04 
-4.10000000e+00  1.04495161e-04 
-4.11000000e+00  1.04897593e-04 
-4.12000000e+00  1.05300025e-04 
-4.13000000e+00  1.05702457e-04 
-4.14000000e+00  1.06104889e-04 
-4.15000000e+00  1.06507321e-04 
-4.16000000e+00  1.06909753e-04 
-4.17000000e+00  1.07312185e-04 
-4.18000000e+00  1.07714617e-04 
-4.19000000e+00  1.08117049e-04 
-4.20000000e+00  1.08519481e-04 
-4.21000000e+00  1.08921913e-04 
-4.22000000e+00  1.09324345e-04 
-4.23000000e+00  1.09726777e-04 
-4.24000000e+00  1.10129209e-04 
-4.25000000e+00  1.10531641e-04 
-4.26000000e+00  1.10934073e-04 
-4.27000000e+00  1.11336505e-04 
-4.28000000e+00  1.11738937e-04 
-4.29000000e+00  1.12141369e-04 
-4.30000000e+00  1.12543801e-04 
-4.31000000e+00  1.12946233e-04 
-4.32000000e+00  1.13348665e-04 
-4.33000000e+00  1.13751097e-04 
-4.34000000e+00  1.14153529e-04 
-4.35000000e+00  1.14555961e-04 
-4.36000000e+00  1.14958393e-04 
-4.37000000e+00  1.15360825e-04 
-4.38000000e+00  1.15763257e-04 
-4.39000000e+00  1.16165689e-04 
-4.40000000e+00  1.16568121e-04 
-4.41000000e+00  1.16970553e-04 
-4.42000000e+00  1.17372985e-04 
-4.43000000e+00  1.17775417e-04 
-4.44000000e+00  1.18177849e-04 
-4.45000000e+00  1.18580281e-04 
-4.46000000e+00  1.18982713e-04 
-4.47000000e+00  1.19385145e-04 
-4.48000000e+00  1.19787577e-04 
-4.49000000e+00  1.20190009e-04 
-4.50000000e+00  1.20592441e-04 
-4.51000000e+00  1.20994873e-04 
-4.52000000e+00  1.21397305e-04 
-4.53000000e+00  1.21799737e-04 
-4.54000000e+00  1.22202169e-04 
-4.55000000e+00  1.22604601e-04 
-4.56000000e+00  1.23007033e-04 
-4.57000000e+00  1.23409465e-04 
-4.58000000e+00  1.23811897e-04 
-4.59000000e+00  1.24214329e-04 
-4.60000000e+00  1.24616761e-04 
-4.61000000e+00  1.25019193e-04 
-4.62000000e+00  1.25421625e-04 
-4.63000000e+00  1.25824057e-04 
-4.64000000e+00  1.26226489e-04 
-4.65000000e+00  1.26628921e-04 
-4.66000000e+00  1.27031353e-04 
-4.67000000e+00  1.27433785e-04 
-4.68000000e+00  1.27836217e-04 
-4.69000000e+00  1.28238649e-04 
-4.70000000e+00  1.28641081e-04 
-4.71000000e+00  1.29043513e-04 
-4.72000000e+00  1.29445945e-04 
-4.73000000e+00  1.29848377e-04 
-4.74000000e+00  1.30250809e-04 
-4.75000000e+00  1.30653241e-04 
-4.76000000e+00  1.31055673e-04 
-4.77000000e+00  1.31458105e-04 
-4.78000000e+00  1.31860537e-04 
-4.79000000e+00  1.32262969e-04 
-4.80000000e+00  1.32665401e-04 
-4.81000000e+00  1.33067833e-04 
-4.82000000e+00  1.33470265e-04 
-4.83000000e+00  1.33872697e-04 
-4.84000000e+00  1.34275129e-04 
-4.85000000e+00  1.34677561e-04 
-4.86000000e+00  1.35079993e-04 
-4.87000000e+00  1.35482425e-04 
-4.88000000e+00  1.35884857e-04 
-4.89000000e+00  1.36287289e-04 
-4.90000000e+00  1.36689721e-04 
-4.91000000e+00  1.37092153e-04 
-4.92000000e+00  1.37494585e-04 
-4.93000000e+00  1.37897017e-04 
-4.94000000e+00  1.38299449e-04 
-4.95000000e+00  1.38701881e-04 
-4.96000000e+00  1.39104313e-04 
-4.97000000e+00  1.39506745e-04 
-4.98000000e+00  1.39909177e-04 
-4.99000000e+00  1.40311609e-04 
-5.00000000e+00  1.40714041e-04 
